i	E(i)	g[i]
6	-116.000000	0.000000
8	-112.000000	0.000000
10	-108.000000	1.103455
12	-104.000000	5.503548
14	-100.000000	2.781006
16	-96.000000	7.205393
18	-92.000000	7.208919
20	-88.000000	6.949793
22	-84.000000	9.293559
24	-80.000000	12.120664
26	-76.000000	11.326793
28	-72.000000	14.494614
30	-68.000000	16.801785
32	-64.000000	15.021468
34	-60.000000	16.229279
36	-56.000000	19.744640
38	-52.000000	20.104653
40	-48.000000	22.434035
42	-44.000000	24.182371
44	-40.000000	23.776918
46	-36.000000	24.901641
48	-32.000000	27.383121
50	-28.000000	28.422859
52	-24.000000	30.187847
54	-20.000000	31.681798
56	-16.000000	32.880851
58	-12.000000	34.491543
60	-8.000000	35.897340
62	-4.000000	37.193143
64	0.000000	38.697421
66	4.000000	40.054970
68	8.000000	41.392244
70	12.000000	42.820261
72	16.000000	44.144843
74	20.000000	45.478912
76	24.000000	46.851022
78	28.000000	48.162980
80	32.000000	49.503304
82	36.000000	50.829861
84	40.000000	52.141875
86	44.000000	53.447227
88	48.000000	54.748721
90	52.000000	56.037510
92	56.000000	57.333367
94	60.000000	58.613440
96	64.000000	59.895832
98	68.000000	61.166958
100	72.000000	62.436445
102	76.000000	63.688315
104	80.000000	64.953527
106	84.000000	66.198674
108	88.000000	67.445304
110	92.000000	68.680233
112	96.000000	69.922520
114	100.000000	71.146301
116	104.000000	72.381500
118	108.000000	73.599066
120	112.000000	74.807292
122	116.000000	76.022808
124	120.000000	77.237092
126	124.000000	78.438414
128	128.000000	79.631420
130	132.000000	80.835375
132	136.000000	82.019563
134	140.000000	83.210725
136	144.000000	84.397551
138	148.000000	85.571540
140	152.000000	86.748599
142	156.000000	87.916801
144	160.000000	89.086887
146	164.000000	90.250612
148	168.000000	91.411109
150	172.000000	92.567053
152	176.000000	93.719403
154	180.000000	94.874424
156	184.000000	96.019594
158	188.000000	97.158345
160	192.000000	98.301313
162	196.000000	99.433528
164	200.000000	100.566822
166	204.000000	101.702035
168	208.000000	102.823128
170	212.000000	103.947892
172	216.000000	105.069613
174	220.000000	106.186267
176	224.000000	107.301056
178	228.000000	108.412470
180	232.000000	109.523325
182	236.000000	110.629698
184	240.000000	111.732289
186	244.000000	112.835665
188	248.000000	113.936812
190	252.000000	115.030632
192	256.000000	116.129297
194	260.000000	117.213480
196	264.000000	118.304282
198	268.000000	119.390578
200	272.000000	120.474052
202	276.000000	121.554013
204	280.000000	122.629926
206	284.000000	123.705833
208	288.000000	124.781866
210	292.000000	125.851116
212	296.000000	126.919935
214	300.000000	127.985436
216	304.000000	129.048294
218	308.000000	130.111420
220	312.000000	131.175141
222	316.000000	132.232967
224	320.000000	133.292679
226	324.000000	134.346425
228	328.000000	135.392983
230	332.000000	136.452443
232	336.000000	137.495050
234	340.000000	138.539334
236	344.000000	139.588973
238	348.000000	140.630583
240	352.000000	141.669435
242	356.000000	142.706874
244	360.000000	143.744900
246	364.000000	144.778628
248	368.000000	145.806504
250	372.000000	146.838616
252	376.000000	147.869065
254	380.000000	148.894161
256	384.000000	149.918982
258	388.000000	150.943336
260	392.000000	151.964294
262	396.000000	152.985476
264	400.000000	153.998418
266	404.000000	155.016859
268	408.000000	156.026711
270	412.000000	157.035518
272	416.000000	158.050654
274	420.000000	159.057992
276	424.000000	160.059704
278	428.000000	161.070238
280	432.000000	162.070660
282	436.000000	163.078291
284	440.000000	164.075837
286	444.000000	165.076586
288	448.000000	166.069901
290	452.000000	167.067416
292	456.000000	168.060541
294	460.000000	169.054195
296	464.000000	170.047706
298	468.000000	171.035261
300	472.000000	172.020890
302	476.000000	173.015629
304	480.000000	173.996755
306	484.000000	174.983454
308	488.000000	175.966234
310	492.000000	176.942744
312	496.000000	177.921103
314	500.000000	178.900446
316	504.000000	179.877673
318	508.000000	180.854056
320	512.000000	181.830970
322	516.000000	182.805032
324	520.000000	183.776059
326	524.000000	184.743706
328	528.000000	185.707784
330	532.000000	186.678182
332	536.000000	187.646275
334	540.000000	188.610995
336	544.000000	189.574405
338	548.000000	190.539225
340	552.000000	191.502167
342	556.000000	192.460530
344	560.000000	193.420224
346	564.000000	194.373621
348	568.000000	195.330771
350	572.000000	196.286447
352	576.000000	197.235658
354	580.000000	198.192763
356	584.000000	199.144733
358	588.000000	200.098843
360	592.000000	201.046572
362	596.000000	201.998449
364	600.000000	202.949975
366	604.000000	203.893704
368	608.000000	204.840267
370	612.000000	205.784489
372	616.000000	206.723646
374	620.000000	207.667515
376	624.000000	208.610176
378	628.000000	209.549451
380	632.000000	210.491855
382	636.000000	211.425075
384	640.000000	212.368836
386	644.000000	213.301177
388	648.000000	214.236121
390	652.000000	215.168509
392	656.000000	216.103484
394	660.000000	217.036687
396	664.000000	217.963591
398	668.000000	218.895676
400	672.000000	219.832453
402	676.000000	220.761393
404	680.000000	221.691461
406	684.000000	222.615414
408	688.000000	223.542251
410	692.000000	224.465349
412	696.000000	225.391986
414	700.000000	226.312886
416	704.000000	227.236164
418	708.000000	228.157311
420	712.000000	229.074850
422	716.000000	229.993749
424	720.000000	230.911894
426	724.000000	231.824309
428	728.000000	232.739599
430	732.000000	233.652329
432	736.000000	234.566401
434	740.000000	235.480289
436	744.000000	236.394566
438	748.000000	237.305735
440	752.000000	238.217925
442	756.000000	239.131043
444	760.000000	240.043644
446	764.000000	240.952564
448	768.000000	241.867642
450	772.000000	242.771635
452	776.000000	243.680264
454	780.000000	244.583088
456	784.000000	245.488271
458	788.000000	246.391905
460	792.000000	247.300351
462	796.000000	248.206017
464	800.000000	249.109343
466	804.000000	250.011097
468	808.000000	250.913782
470	812.000000	251.814113
472	816.000000	252.718425
474	820.000000	253.614855
476	824.000000	254.518145
478	828.000000	255.417815
480	832.000000	256.324598
482	836.000000	257.221618
484	840.000000	258.122100
486	844.000000	259.019786
488	848.000000	259.923186
490	852.000000	260.814747
492	856.000000	261.715800
494	860.000000	262.610053
496	864.000000	263.507886
498	868.000000	264.405205
500	872.000000	265.295123
502	876.000000	266.192764
504	880.000000	267.087249
506	884.000000	267.985504
508	888.000000	268.876432
510	892.000000	269.767704
512	896.000000	270.662844
514	900.000000	271.554852
516	904.000000	272.449645
518	908.000000	273.341162
520	912.000000	274.233381
522	916.000000	275.119959
524	920.000000	276.012553
526	924.000000	276.901586
528	928.000000	277.787245
530	932.000000	278.674346
532	936.000000	279.558690
534	940.000000	280.443649
536	944.000000	281.321109
538	948.000000	282.198520
540	952.000000	283.073073
542	956.000000	283.951912
544	960.000000	284.827570
546	964.000000	285.700734
548	968.000000	286.574097
550	972.000000	287.443535
552	976.000000	288.314678
554	980.000000	289.178167
556	984.000000	290.037262
558	988.000000	290.903585
560	992.000000	291.762866
562	996.000000	292.619373
564	1000.000000	293.476390
566	1004.000000	294.327592
568	1008.000000	295.177005
570	1012.000000	296.021715
572	1016.000000	296.866189
574	1020.000000	297.702321
576	1024.000000	298.536304
578	1028.000000	299.367026
580	1032.000000	300.192577
582	1036.000000	301.015831
584	1040.000000	301.833756
586	1044.000000	302.652211
588	1048.000000	303.459629
590	1052.000000	304.264088
592	1056.000000	305.069801
594	1060.000000	305.868559
596	1064.000000	306.663863
598	1068.000000	307.454136
600	1072.000000	308.237571
602	1076.000000	309.017405
604	1080.000000	309.795028
606	1084.000000	310.560463
608	1088.000000	311.330966
610	1092.000000	312.092735
612	1096.000000	312.849506
614	1100.000000	313.599044
616	1104.000000	314.346704
618	1108.000000	315.086046
620	1112.000000	315.822783
622	1116.000000	316.555235
624	1120.000000	317.277788
626	1124.000000	317.995287
628	1128.000000	318.707311
630	1132.000000	319.411835
632	1136.000000	320.112842
634	1140.000000	320.804966
636	1144.000000	321.494477
638	1148.000000	322.176624
640	1152.000000	322.852451
642	1156.000000	323.520765
644	1160.000000	324.186108
646	1164.000000	324.846070
648	1168.000000	325.495481
650	1172.000000	326.140757
652	1176.000000	326.780389
654	1180.000000	327.414971
656	1184.000000	328.040246
658	1188.000000	328.656295
660	1192.000000	329.271346
662	1196.000000	329.872911
664	1200.000000	330.469020
666	1204.000000	331.057406
668	1208.000000	331.639345
670	1212.000000	332.217265
672	1216.000000	332.787840
674	1220.000000	333.350296
676	1224.000000	333.906137
678	1228.000000	334.451272
680	1232.000000	334.992230
682	1236.000000	335.525262
684	1240.000000	336.050227
686	1244.000000	336.566559
688	1248.000000	337.076806
690	1252.000000	337.578825
692	1256.000000	338.073833
694	1260.000000	338.560155
696	1264.000000	339.038174
698	1268.000000	339.509347
700	1272.000000	339.969166
702	1276.000000	340.426208
704	1280.000000	340.870840
706	1284.000000	341.306938
708	1288.000000	341.735957
710	1292.000000	342.155745
712	1296.000000	342.567515
714	1300.000000	342.973515
716	1304.000000	343.371094
718	1308.000000	343.758321
720	1312.000000	344.138062
722	1316.000000	344.506603
724	1320.000000	344.864268
726	1324.000000	345.218238
728	1328.000000	345.561556
730	1332.000000	345.896461
732	1336.000000	346.224851
734	1340.000000	346.542426
736	1344.000000	346.851255
738	1348.000000	347.148144
740	1352.000000	347.433025
742	1356.000000	347.712101
744	1360.000000	347.982507
746	1364.000000	348.244198
748	1368.000000	348.496822
750	1372.000000	348.738822
752	1376.000000	348.971078
754	1380.000000	349.194918
756	1384.000000	349.408735
758	1388.000000	349.612196
760	1392.000000	349.805579
762	1396.000000	349.990995
764	1400.000000	350.167133
766	1404.000000	350.336767
768	1408.000000	350.493225
770	1412.000000	350.640169
772	1416.000000	350.776482
774	1420.000000	350.903406
776	1424.000000	351.017530
778	1428.000000	351.123268
780	1432.000000	351.220418
782	1436.000000	351.304697
784	1440.000000	351.382110
786	1444.000000	351.449472
788	1448.000000	351.506656
790	1452.000000	351.552792
792	1456.000000	351.587369
794	1460.000000	351.612882
796	1464.000000	351.629863
798	1468.000000	351.636274
800	1472.000000	351.633354
802	1476.000000	351.620616
804	1480.000000	351.597153
806	1484.000000	351.563687
808	1488.000000	351.521954
810	1492.000000	351.469131
812	1496.000000	351.405622
814	1500.000000	351.330618
816	1504.000000	351.242554
818	1508.000000	351.147008
820	1512.000000	351.043272
822	1516.000000	350.930808
824	1520.000000	350.805973
826	1524.000000	350.671884
828	1528.000000	350.527694
830	1532.000000	350.375966
832	1536.000000	350.212050
834	1540.000000	350.038029
836	1544.000000	349.854099
838	1548.000000	349.661364
840	1552.000000	349.457367
842	1556.000000	349.244132
844	1560.000000	349.020427
846	1564.000000	348.787832
848	1568.000000	348.541199
850	1572.000000	348.286521
852	1576.000000	348.025146
854	1580.000000	347.752831
856	1584.000000	347.471051
858	1588.000000	347.178937
860	1592.000000	346.875706
862	1596.000000	346.566059
864	1600.000000	346.244431
866	1604.000000	345.913607
868	1608.000000	345.571896
870	1612.000000	345.222831
872	1616.000000	344.863177
874	1620.000000	344.497710
876	1624.000000	344.121659
878	1628.000000	343.736981
880	1632.000000	343.338585
882	1636.000000	342.935434
884	1640.000000	342.523699
886	1644.000000	342.102221
888	1648.000000	341.674059
890	1652.000000	341.233241
892	1656.000000	340.786114
894	1660.000000	340.326493
896	1664.000000	339.859950
898	1668.000000	339.386227
900	1672.000000	338.902717
902	1676.000000	338.410108
904	1680.000000	337.907140
906	1684.000000	337.399669
908	1688.000000	336.881517
910	1692.000000	336.354373
912	1696.000000	335.817904
914	1700.000000	335.273980
916	1704.000000	334.724605
918	1708.000000	334.167875
920	1712.000000	333.601103
922	1716.000000	333.026116
924	1720.000000	332.444767
926	1724.000000	331.854402
928	1728.000000	331.256903
930	1732.000000	330.650704
932	1736.000000	330.038859
934	1740.000000	329.417197
936	1744.000000	328.787926
938	1748.000000	328.151037
940	1752.000000	327.508196
942	1756.000000	326.855570
944	1760.000000	326.198625
946	1764.000000	325.536870
948	1768.000000	324.868671
950	1772.000000	324.194431
952	1776.000000	323.509316
954	1780.000000	322.819244
956	1784.000000	322.124403
958	1788.000000	321.419370
960	1792.000000	320.708406
962	1796.000000	319.996266
964	1800.000000	319.274395
966	1804.000000	318.546721
968	1808.000000	317.812709
970	1812.000000	317.071591
972	1816.000000	316.325513
974	1820.000000	315.577009
976	1824.000000	314.816507
978	1828.000000	314.059122
980	1832.000000	313.292379
982	1836.000000	312.519422
984	1840.000000	311.740765
986	1844.000000	312.443176
988	1848.000000	311.660772
990	1852.000000	310.875804
992	1856.000000	310.079153
994	1860.000000	309.279958
996	1864.000000	308.478105
998	1868.000000	309.657758
1000	1872.000000	308.849139
1002	1876.000000	308.033466
1004	1880.000000	307.217195
1006	1884.000000	306.398174
1008	1888.000000	305.564101
1010	1892.000000	304.724122
1012	1896.000000	308.058033
1014	1900.000000	307.214771
1016	1904.000000	306.386866
1018	1908.000000	305.530678
1020	1912.000000	304.651951
1022	1916.000000	303.672245
1024	1920.000000	303.672245
