i	E(i)	g[i]
6	-500.000000	0.684286
8	-496.000000	4.984377
10	-492.000000	1.303906
12	-488.000000	4.175586
14	-484.000000	6.199385
16	-480.000000	6.655984
18	-476.000000	8.831911
20	-472.000000	11.046932
22	-468.000000	13.183764
24	-464.000000	14.095799
26	-460.000000	16.136463
28	-456.000000	18.211557
30	-452.000000	20.245471
32	-448.000000	22.261868
34	-444.000000	24.247952
36	-440.000000	26.214930
38	-436.000000	28.164943
40	-432.000000	30.121956
42	-428.000000	32.018770
44	-424.000000	33.930319
46	-420.000000	35.819662
48	-416.000000	37.672500
50	-412.000000	39.539103
52	-408.000000	41.384395
54	-404.000000	43.206048
56	-400.000000	45.028276
58	-396.000000	46.835636
60	-392.000000	48.642685
62	-388.000000	50.449769
64	-384.000000	52.225208
66	-380.000000	54.007813
68	-376.000000	55.763544
70	-372.000000	57.549756
72	-368.000000	59.292693
74	-364.000000	61.047484
76	-360.000000	62.787485
78	-356.000000	64.524563
80	-352.000000	66.236381
82	-348.000000	67.978511
84	-344.000000	69.712220
86	-340.000000	71.423567
88	-336.000000	73.133735
90	-332.000000	74.855553
92	-328.000000	76.558537
94	-324.000000	78.274397
96	-320.000000	79.971489
98	-316.000000	81.685713
100	-312.000000	83.363569
102	-308.000000	85.048798
104	-304.000000	86.730369
106	-300.000000	88.385921
108	-296.000000	90.047640
110	-292.000000	91.692381
112	-288.000000	93.335355
114	-284.000000	94.960645
116	-280.000000	96.595541
118	-276.000000	98.203104
120	-272.000000	99.812551
122	-268.000000	101.405898
124	-264.000000	102.983394
126	-260.000000	104.558758
128	-256.000000	106.102129
130	-252.000000	107.640270
132	-248.000000	109.183516
134	-244.000000	110.694084
136	-240.000000	112.200294
138	-236.000000	113.684297
140	-232.000000	115.156487
142	-228.000000	116.622077
144	-224.000000	118.063021
146	-220.000000	119.496059
148	-216.000000	120.901038
150	-212.000000	122.290602
152	-208.000000	123.668598
154	-204.000000	125.040427
156	-200.000000	126.389785
158	-196.000000	127.712091
160	-192.000000	129.018596
162	-188.000000	130.305324
164	-184.000000	131.586502
166	-180.000000	132.849292
168	-176.000000	134.088428
170	-172.000000	135.316112
172	-168.000000	136.517563
174	-164.000000	137.702672
176	-160.000000	138.865474
178	-156.000000	139.993935
180	-152.000000	141.122005
182	-148.000000	142.222802
184	-144.000000	143.300472
186	-140.000000	144.354879
188	-136.000000	145.393896
190	-132.000000	146.389864
192	-128.000000	147.391222
194	-124.000000	148.362074
196	-120.000000	149.308039
198	-116.000000	150.231977
200	-112.000000	151.127164
202	-108.000000	152.000246
204	-104.000000	152.857980
206	-100.000000	153.684027
208	-96.000000	154.503366
210	-92.000000	155.289512
212	-88.000000	156.050944
214	-84.000000	156.781085
216	-80.000000	157.481449
218	-76.000000	158.164598
220	-72.000000	158.818279
222	-68.000000	159.458229
224	-64.000000	160.074667
226	-60.000000	160.655101
228	-56.000000	161.205047
230	-52.000000	161.726326
232	-48.000000	162.230581
234	-44.000000	162.691733
236	-40.000000	163.126051
238	-36.000000	163.536489
240	-32.000000	163.924459
242	-28.000000	164.276021
244	-24.000000	164.603093
246	-20.000000	164.903732
248	-16.000000	165.177712
250	-12.000000	165.420502
252	-8.000000	165.639041
254	-4.000000	165.822206
256	0.000000	165.973702
258	4.000000	166.093018
260	8.000000	166.187861
262	12.000000	166.250573
264	16.000000	166.294009
266	20.000000	166.297974
268	24.000000	166.275062
270	28.000000	166.223163
272	32.000000	166.138403
274	36.000000	166.026248
276	40.000000	165.894429
278	44.000000	165.719907
280	48.000000	165.525417
282	52.000000	165.297408
284	56.000000	165.041409
286	60.000000	164.753413
288	64.000000	164.447659
290	68.000000	164.109626
292	72.000000	163.732427
294	76.000000	163.334779
296	80.000000	162.905462
298	84.000000	162.455207
300	88.000000	161.965167
302	92.000000	161.456313
304	96.000000	160.915283
306	100.000000	160.351893
308	104.000000	159.766649
310	108.000000	159.143841
312	112.000000	158.505235
314	116.000000	157.841939
316	120.000000	157.154194
318	124.000000	156.434682
320	128.000000	155.697855
322	132.000000	154.925364
324	136.000000	154.132668
326	140.000000	153.325849
328	144.000000	152.493980
330	148.000000	151.634166
332	152.000000	150.728854
334	156.000000	149.816328
336	160.000000	148.872335
338	164.000000	147.917139
340	168.000000	146.942472
342	172.000000	145.935740
344	176.000000	144.920429
346	180.000000	143.871902
348	184.000000	142.814538
350	188.000000	141.731653
352	192.000000	140.622127
354	196.000000	139.499053
356	200.000000	138.360566
358	204.000000	137.186157
360	208.000000	136.001349
362	212.000000	134.805955
364	216.000000	133.580235
366	220.000000	132.359159
368	224.000000	131.083824
370	228.000000	129.814678
372	232.000000	128.514880
374	236.000000	127.203052
376	240.000000	125.866292
378	244.000000	124.502571
380	248.000000	123.127641
382	252.000000	121.745668
384	256.000000	120.351553
386	260.000000	118.943160
388	264.000000	117.511090
390	268.000000	116.058565
392	272.000000	114.586625
394	276.000000	113.101493
396	280.000000	111.612771
398	284.000000	110.102421
400	288.000000	108.582714
402	292.000000	107.051282
404	296.000000	105.499962
406	300.000000	103.941833
408	304.000000	102.366028
410	308.000000	100.796777
412	312.000000	99.186522
414	316.000000	97.594862
416	320.000000	95.983737
418	324.000000	94.358809
420	328.000000	92.733929
422	332.000000	91.092850
424	336.000000	89.432019
426	340.000000	87.764034
428	344.000000	86.098006
430	348.000000	84.426731
432	352.000000	82.767868
434	356.000000	81.062658
436	360.000000	79.380499
438	364.000000	77.682456
440	368.000000	75.984199
442	372.000000	74.268862
444	376.000000	72.565436
446	380.000000	70.844510
448	384.000000	69.135367
450	388.000000	67.405053
452	392.000000	65.667088
454	396.000000	63.918173
456	400.000000	62.178748
458	404.000000	60.443291
460	408.000000	58.692174
462	412.000000	56.943441
464	416.000000	55.190544
466	420.000000	53.431708
468	424.000000	51.646926
470	428.000000	49.865657
472	432.000000	48.080739
474	436.000000	46.265391
476	440.000000	44.446303
478	444.000000	42.623167
480	448.000000	40.783112
482	452.000000	38.957488
484	456.000000	37.104392
486	460.000000	35.234349
488	464.000000	33.358153
490	468.000000	31.467355
492	472.000000	30.882181
494	476.000000	28.940054
496	480.000000	26.994980
498	484.000000	25.003415
500	488.000000	25.168588
502	492.000000	23.137888
504	496.000000	21.176054
506	500.000000	24.431002
508	504.000000	22.262535
510	508.000000	20.225761
512	512.000000	0.000000
