i	E(i)	g[i]
6	-2036.000000	0.512573
8	-2032.000000	5.891073
10	-2028.000000	0.870094
12	-2024.000000	5.232672
14	-2020.000000	7.389123
16	-2016.000000	7.996260
18	-2012.000000	10.549053
20	-2008.000000	13.779946
22	-2004.000000	16.286112
24	-2000.000000	17.310813
26	-1996.000000	19.990156
28	-1992.000000	22.831431
30	-1988.000000	24.006967
32	-1984.000000	26.751595
34	-1980.000000	29.273096
36	-1976.000000	30.753833
38	-1972.000000	33.263371
40	-1968.000000	35.814252
42	-1964.000000	37.302050
44	-1960.000000	39.821280
46	-1956.000000	42.269594
48	-1952.000000	43.904329
50	-1948.000000	46.325531
52	-1944.000000	48.748603
54	-1940.000000	51.133630
56	-1936.000000	52.784269
58	-1932.000000	55.121151
60	-1928.000000	57.479313
62	-1924.000000	59.088613
64	-1920.000000	61.405175
66	-1916.000000	63.708083
68	-1912.000000	65.313496
70	-1908.000000	67.612894
72	-1904.000000	69.877943
74	-1900.000000	71.513457
76	-1896.000000	73.760757
78	-1892.000000	76.017926
80	-1888.000000	77.681498
82	-1884.000000	79.917246
84	-1880.000000	82.114388
86	-1876.000000	84.320500
88	-1872.000000	86.001584
90	-1868.000000	88.189593
92	-1864.000000	90.358688
94	-1860.000000	92.062442
96	-1856.000000	94.214023
98	-1852.000000	96.372298
100	-1848.000000	98.060123
102	-1844.000000	100.200967
104	-1840.000000	102.323652
106	-1836.000000	104.440620
108	-1832.000000	106.554234
110	-1828.000000	108.651638
112	-1824.000000	110.749078
114	-1820.000000	112.840908
116	-1816.000000	114.922012
118	-1812.000000	117.000169
120	-1808.000000	119.059703
122	-1804.000000	121.124688
124	-1800.000000	123.177297
126	-1796.000000	125.228308
128	-1792.000000	127.263517
130	-1788.000000	129.307441
132	-1784.000000	131.342569
134	-1780.000000	133.364760
136	-1776.000000	135.387477
138	-1772.000000	137.401413
140	-1768.000000	139.404025
142	-1764.000000	141.405346
144	-1760.000000	143.398480
146	-1756.000000	145.391223
148	-1752.000000	147.373786
150	-1748.000000	149.352808
152	-1744.000000	151.331206
154	-1740.000000	153.297657
156	-1736.000000	155.261501
158	-1732.000000	157.235841
160	-1728.000000	159.187576
162	-1724.000000	161.136345
164	-1720.000000	163.085118
166	-1716.000000	165.020114
168	-1712.000000	166.960496
170	-1708.000000	168.894496
172	-1704.000000	170.818676
174	-1700.000000	172.753970
176	-1696.000000	174.687778
178	-1692.000000	176.605690
180	-1688.000000	178.515614
182	-1684.000000	180.430209
184	-1680.000000	182.332309
186	-1676.000000	184.238705
188	-1672.000000	186.138778
190	-1668.000000	188.038184
192	-1664.000000	189.934135
194	-1660.000000	191.823677
196	-1656.000000	193.709900
198	-1652.000000	195.595920
200	-1648.000000	197.481130
202	-1644.000000	199.354118
204	-1640.000000	201.227822
206	-1636.000000	203.102172
208	-1632.000000	204.967100
210	-1628.000000	206.840019
212	-1624.000000	208.694557
214	-1620.000000	210.552868
216	-1616.000000	212.399784
218	-1612.000000	214.254919
220	-1608.000000	216.109765
222	-1604.000000	217.956668
224	-1600.000000	219.801873
226	-1596.000000	221.634253
228	-1592.000000	223.475992
230	-1588.000000	225.319042
232	-1584.000000	227.158596
234	-1580.000000	228.980707
236	-1576.000000	230.807908
238	-1572.000000	232.631309
240	-1568.000000	234.458520
242	-1564.000000	236.273430
244	-1560.000000	238.091233
246	-1556.000000	239.911973
248	-1552.000000	241.723629
250	-1548.000000	243.535829
252	-1544.000000	245.343326
254	-1540.000000	247.151365
256	-1536.000000	248.954200
258	-1532.000000	250.764514
260	-1528.000000	252.561265
262	-1524.000000	254.355228
264	-1520.000000	256.151070
266	-1516.000000	257.949554
268	-1512.000000	259.739450
270	-1508.000000	261.527384
272	-1504.000000	263.319579
274	-1500.000000	265.106215
276	-1496.000000	266.892487
278	-1492.000000	268.676499
280	-1488.000000	270.457142
282	-1484.000000	272.239370
284	-1480.000000	274.012594
286	-1476.000000	275.792792
288	-1472.000000	277.568600
290	-1468.000000	279.338304
292	-1464.000000	281.113841
294	-1460.000000	282.880513
296	-1456.000000	284.654749
298	-1452.000000	286.416338
300	-1448.000000	288.186806
302	-1444.000000	289.946329
304	-1440.000000	291.702457
306	-1436.000000	293.466545
308	-1432.000000	295.234936
310	-1428.000000	296.987204
312	-1424.000000	298.743535
314	-1420.000000	300.496287
316	-1416.000000	302.241623
318	-1412.000000	303.991754
320	-1408.000000	305.739530
322	-1404.000000	307.490675
324	-1400.000000	309.236276
326	-1396.000000	310.984097
328	-1392.000000	312.730735
330	-1388.000000	314.473348
332	-1384.000000	316.211441
334	-1380.000000	317.952370
336	-1376.000000	319.692848
338	-1372.000000	321.431470
340	-1368.000000	323.174547
342	-1364.000000	324.904672
344	-1360.000000	326.641701
346	-1356.000000	328.373407
348	-1352.000000	330.106799
350	-1348.000000	331.843114
352	-1344.000000	333.576102
354	-1340.000000	335.308418
356	-1336.000000	337.043459
358	-1332.000000	338.771962
360	-1328.000000	340.506050
362	-1324.000000	342.234048
364	-1320.000000	343.957568
366	-1316.000000	345.685196
368	-1312.000000	347.406372
370	-1308.000000	349.125580
372	-1304.000000	350.844288
374	-1300.000000	352.558444
376	-1296.000000	354.277951
378	-1292.000000	355.986240
380	-1288.000000	357.698115
382	-1284.000000	359.408770
384	-1280.000000	361.124565
386	-1276.000000	362.832815
388	-1272.000000	364.547754
390	-1268.000000	366.250250
392	-1264.000000	367.954556
394	-1260.000000	369.654003
396	-1256.000000	371.347453
398	-1252.000000	373.049421
400	-1248.000000	374.747412
402	-1244.000000	376.437879
404	-1240.000000	378.135253
406	-1236.000000	379.823459
408	-1232.000000	381.506738
410	-1228.000000	383.188348
412	-1224.000000	384.874981
414	-1220.000000	386.552454
416	-1216.000000	388.227953
418	-1212.000000	389.908224
420	-1208.000000	391.588382
422	-1204.000000	393.266536
424	-1200.000000	394.930196
426	-1196.000000	396.604345
428	-1192.000000	398.273767
430	-1188.000000	399.944717
432	-1184.000000	401.607575
434	-1180.000000	403.270055
436	-1176.000000	404.919329
438	-1172.000000	406.579825
440	-1168.000000	408.238490
442	-1164.000000	409.888335
444	-1160.000000	411.535895
446	-1156.000000	413.184772
448	-1152.000000	414.828403
450	-1148.000000	416.474893
452	-1144.000000	418.112566
454	-1140.000000	419.747992
456	-1136.000000	421.384110
458	-1132.000000	423.009230
460	-1128.000000	424.638924
462	-1124.000000	426.260504
464	-1120.000000	427.888053
466	-1116.000000	429.512224
468	-1112.000000	431.126096
470	-1108.000000	432.742137
472	-1104.000000	434.359545
474	-1100.000000	435.962489
476	-1096.000000	437.570291
478	-1092.000000	439.174779
480	-1088.000000	440.776500
482	-1084.000000	442.374597
484	-1080.000000	443.970961
486	-1076.000000	445.563747
488	-1072.000000	447.149285
490	-1068.000000	448.735459
492	-1064.000000	450.325044
494	-1060.000000	451.902158
496	-1056.000000	453.484820
498	-1052.000000	455.060606
500	-1048.000000	456.633859
502	-1044.000000	458.208063
504	-1040.000000	459.778400
506	-1036.000000	461.347079
508	-1032.000000	462.909541
510	-1028.000000	464.467104
512	-1024.000000	466.023703
514	-1020.000000	467.573761
516	-1016.000000	469.123730
518	-1012.000000	470.667297
520	-1008.000000	472.211898
522	-1004.000000	473.746069
524	-1000.000000	475.277258
526	-996.000000	476.809150
528	-992.000000	478.334682
530	-988.000000	479.861436
532	-984.000000	481.383684
534	-980.000000	482.905916
536	-976.000000	484.420359
538	-972.000000	485.936370
540	-968.000000	487.440152
542	-964.000000	488.946324
544	-960.000000	490.445622
546	-956.000000	491.948299
548	-952.000000	493.440501
550	-948.000000	494.928551
552	-944.000000	496.417891
554	-940.000000	497.902753
556	-936.000000	499.386406
558	-932.000000	500.866259
560	-928.000000	502.341127
562	-924.000000	503.811134
564	-920.000000	505.276505
566	-916.000000	506.739601
568	-912.000000	508.202523
570	-908.000000	509.655655
572	-904.000000	511.108859
574	-900.000000	512.562139
576	-896.000000	514.008897
578	-892.000000	515.442070
580	-888.000000	516.881364
582	-884.000000	518.307886
584	-880.000000	519.744050
586	-876.000000	521.171108
588	-872.000000	522.600081
590	-868.000000	524.017349
592	-864.000000	525.433774
594	-860.000000	526.849844
596	-856.000000	528.256726
598	-852.000000	529.662719
600	-848.000000	531.062126
602	-844.000000	532.455732
604	-840.000000	533.852199
606	-836.000000	535.233403
608	-832.000000	536.622764
610	-828.000000	538.005484
612	-824.000000	539.389947
614	-820.000000	540.765100
616	-816.000000	542.127359
618	-812.000000	543.497809
620	-808.000000	544.860065
622	-804.000000	546.215325
624	-800.000000	547.569174
626	-796.000000	548.915677
628	-792.000000	550.257190
630	-788.000000	551.598410
632	-784.000000	552.937631
634	-780.000000	554.266116
636	-776.000000	555.589650
638	-772.000000	556.914734
640	-768.000000	558.233970
642	-764.000000	559.549236
644	-760.000000	560.860486
646	-756.000000	562.167927
648	-752.000000	563.466942
650	-748.000000	564.763924
652	-744.000000	566.052388
654	-740.000000	567.341235
656	-736.000000	568.626833
658	-732.000000	569.908552
660	-728.000000	571.187842
662	-724.000000	572.457659
664	-720.000000	573.723834
666	-716.000000	574.991335
668	-712.000000	576.243760
670	-708.000000	577.496100
672	-704.000000	578.746503
674	-700.000000	579.996147
676	-696.000000	581.233254
678	-692.000000	582.469318
680	-688.000000	583.702588
682	-684.000000	584.927215
684	-680.000000	586.153541
686	-676.000000	587.372061
688	-672.000000	588.583624
690	-668.000000	589.793344
692	-664.000000	590.996841
694	-660.000000	592.195585
696	-656.000000	593.391192
698	-652.000000	594.581391
700	-648.000000	595.766003
702	-644.000000	596.945734
704	-640.000000	598.124608
706	-636.000000	599.295424
708	-632.000000	600.463044
710	-628.000000	601.623290
712	-624.000000	602.777195
714	-620.000000	603.926311
716	-616.000000	605.071588
718	-612.000000	606.213106
720	-608.000000	607.346860
722	-604.000000	608.479536
724	-600.000000	609.606731
726	-596.000000	610.725120
728	-592.000000	611.838259
730	-588.000000	612.947377
732	-584.000000	614.058298
734	-580.000000	615.151746
736	-576.000000	616.250179
738	-572.000000	617.340653
740	-568.000000	618.429554
742	-564.000000	619.510054
744	-560.000000	620.588371
746	-556.000000	621.658113
748	-552.000000	622.726775
750	-548.000000	623.791416
752	-544.000000	624.845731
754	-540.000000	625.898338
756	-536.000000	626.947761
758	-532.000000	627.984915
760	-528.000000	629.020419
762	-524.000000	630.048858
764	-520.000000	631.078506
766	-516.000000	632.092541
768	-512.000000	633.103441
770	-508.000000	634.110472
772	-504.000000	635.112668
774	-500.000000	636.107964
776	-496.000000	637.101168
778	-492.000000	638.083557
780	-488.000000	639.064988
782	-484.000000	640.042933
784	-480.000000	641.011197
786	-476.000000	641.974269
788	-472.000000	642.931985
790	-468.000000	643.886781
792	-464.000000	644.833254
794	-460.000000	645.774628
796	-456.000000	646.706196
798	-452.000000	647.637645
800	-448.000000	648.561415
802	-444.000000	649.478679
804	-440.000000	650.388770
806	-436.000000	651.293142
808	-432.000000	652.191725
810	-428.000000	653.084419
812	-424.000000	653.975100
814	-420.000000	654.857588
816	-416.000000	655.733659
818	-412.000000	656.607075
820	-408.000000	657.477396
822	-404.000000	658.334418
824	-400.000000	659.189939
826	-396.000000	660.037450
828	-392.000000	660.878392
830	-388.000000	661.716315
832	-384.000000	662.545810
834	-380.000000	663.374084
836	-376.000000	664.193547
838	-372.000000	665.006699
840	-368.000000	665.809986
842	-364.000000	666.607348
844	-360.000000	667.403282
846	-356.000000	668.192022
848	-352.000000	668.974007
850	-348.000000	669.749466
852	-344.000000	670.515426
854	-340.000000	671.283226
856	-336.000000	672.037471
858	-332.000000	672.790457
860	-328.000000	673.533187
862	-324.000000	674.268530
864	-320.000000	675.001329
866	-316.000000	675.725163
868	-312.000000	676.448923
870	-308.000000	677.162449
872	-304.000000	677.870398
874	-300.000000	678.570440
876	-296.000000	679.265500
878	-292.000000	679.951563
880	-288.000000	680.631027
882	-284.000000	681.303632
884	-280.000000	681.972273
886	-276.000000	682.633017
888	-272.000000	683.288422
890	-268.000000	683.935783
892	-264.000000	684.577470
894	-260.000000	685.214170
896	-256.000000	685.844856
898	-252.000000	686.466385
900	-248.000000	687.079208
902	-244.000000	687.690332
904	-240.000000	688.292745
906	-236.000000	688.890744
908	-232.000000	689.483618
910	-228.000000	690.069391
912	-224.000000	690.644256
914	-220.000000	691.212432
916	-216.000000	691.777336
918	-212.000000	692.330667
920	-208.000000	692.883455
922	-204.000000	693.428624
924	-200.000000	693.964505
926	-196.000000	694.492488
928	-192.000000	695.012859
930	-188.000000	695.526687
932	-184.000000	696.032858
934	-180.000000	696.534764
936	-176.000000	697.027991
938	-172.000000	697.516670
940	-168.000000	698.001508
942	-164.000000	698.476924
944	-160.000000	698.944490
946	-156.000000	699.405296
948	-152.000000	699.861351
950	-148.000000	700.307872
952	-144.000000	700.748419
954	-140.000000	701.180015
956	-136.000000	701.605746
958	-132.000000	702.024596
960	-128.000000	702.433304
962	-124.000000	702.839216
964	-120.000000	703.233565
966	-116.000000	703.621832
968	-112.000000	704.004518
970	-108.000000	704.379132
972	-104.000000	704.744545
974	-100.000000	705.104337
976	-96.000000	705.455767
978	-92.000000	705.806447
980	-88.000000	706.147067
982	-84.000000	706.479322
984	-80.000000	706.805652
986	-76.000000	707.122278
988	-72.000000	707.432982
990	-68.000000	707.739420
992	-64.000000	708.033878
994	-60.000000	708.327526
996	-56.000000	708.610878
998	-52.000000	708.889919
1000	-48.000000	709.160167
1002	-44.000000	709.422181
1004	-40.000000	709.677307
1006	-36.000000	709.923233
1008	-32.000000	710.164429
1010	-28.000000	710.399390
1012	-24.000000	710.624094
1014	-20.000000	710.845676
1016	-16.000000	711.059225
1018	-12.000000	711.263262
1020	-8.000000	711.459239
1022	-4.000000	711.646647
1024	0.000000	711.828928
1026	4.000000	712.004822
1028	8.000000	712.171573
1030	12.000000	712.332462
1032	16.000000	712.484500
1034	20.000000	712.631221
1036	24.000000	712.771354
1038	28.000000	712.903165
1040	32.000000	713.026229
1042	36.000000	713.143192
1044	40.000000	713.251286
1046	44.000000	713.353107
1048	48.000000	713.444406
1050	52.000000	713.532751
1052	56.000000	713.612729
1054	60.000000	713.686401
1056	64.000000	713.751316
1058	68.000000	713.808971
1060	72.000000	713.862386
1062	76.000000	713.905568
1064	80.000000	713.940292
1066	84.000000	713.968153
1068	88.000000	713.987369
1070	92.000000	714.003763
1072	96.000000	714.012039
1074	100.000000	714.012013
1076	104.000000	714.002063
1078	108.000000	713.985910
1080	112.000000	713.962719
1082	116.000000	713.932260
1084	120.000000	713.896099
1086	124.000000	713.850221
1088	128.000000	713.797388
1090	132.000000	713.736863
1092	136.000000	713.671077
1094	140.000000	713.597922
1096	144.000000	713.515099
1098	148.000000	713.427342
1100	152.000000	713.334474
1102	156.000000	713.229041
1104	160.000000	713.119508
1106	164.000000	713.000129
1108	168.000000	712.875219
1110	172.000000	712.742537
1112	176.000000	712.601178
1114	180.000000	712.452201
1116	184.000000	712.295925
1118	188.000000	712.134614
1120	192.000000	711.968249
1122	196.000000	711.791985
1124	200.000000	711.609241
1126	204.000000	711.417299
1128	208.000000	711.216578
1130	212.000000	711.010371
1132	216.000000	710.798166
1134	220.000000	710.578779
1136	224.000000	710.354660
1138	228.000000	710.117970
1140	232.000000	709.878377
1142	236.000000	709.627380
1144	240.000000	709.371677
1146	244.000000	709.110153
1148	248.000000	708.839381
1150	252.000000	708.559250
1152	256.000000	708.277792
1154	260.000000	707.982004
1156	264.000000	707.684695
1158	268.000000	707.380017
1160	272.000000	707.067809
1162	276.000000	706.749254
1164	280.000000	706.422578
1166	284.000000	706.086694
1168	288.000000	705.744898
1170	292.000000	705.400486
1172	296.000000	705.046263
1174	300.000000	704.686467
1176	304.000000	704.316385
1178	308.000000	703.940656
1180	312.000000	703.556948
1182	316.000000	703.164917
1184	320.000000	702.767100
1186	324.000000	702.361149
1188	328.000000	701.951724
1190	332.000000	701.535354
1192	336.000000	701.111251
1194	340.000000	700.677924
1196	344.000000	700.239364
1198	348.000000	699.794519
1200	352.000000	699.341892
1202	356.000000	698.884315
1204	360.000000	698.419929
1206	364.000000	697.949384
1208	368.000000	697.468236
1210	372.000000	696.982279
1212	376.000000	696.493583
1214	380.000000	695.996839
1216	384.000000	695.493915
1218	388.000000	694.985569
1220	392.000000	694.466965
1222	396.000000	693.940159
1224	400.000000	693.405958
1226	404.000000	692.866731
1228	408.000000	692.318054
1230	412.000000	691.767657
1232	416.000000	691.204359
1234	420.000000	690.637575
1236	424.000000	690.060416
1238	428.000000	689.481558
1240	432.000000	688.898952
1242	436.000000	688.306101
1244	440.000000	687.704939
1246	444.000000	687.095547
1248	448.000000	686.484144
1250	452.000000	685.863171
1252	456.000000	685.236955
1254	460.000000	684.606746
1256	464.000000	683.965791
1258	468.000000	683.317728
1260	472.000000	682.663443
1262	476.000000	682.003378
1264	480.000000	681.338352
1266	484.000000	680.668777
1268	488.000000	679.988313
1270	492.000000	679.303057
1272	496.000000	678.612032
1274	500.000000	677.907588
1276	504.000000	677.201329
1278	508.000000	676.489547
1280	512.000000	675.771199
1282	516.000000	675.044869
1284	520.000000	674.313393
1286	524.000000	673.574420
1288	528.000000	672.831774
1290	532.000000	672.082353
1292	536.000000	671.327439
1294	540.000000	670.564922
1296	544.000000	669.795515
1298	548.000000	669.023155
1300	552.000000	668.246460
1302	556.000000	667.456678
1304	560.000000	666.665011
1306	564.000000	665.866466
1308	568.000000	665.060662
1310	572.000000	664.248860
1312	576.000000	663.433470
1314	580.000000	662.613472
1316	584.000000	661.783728
1318	588.000000	660.953068
1320	592.000000	660.114141
1322	596.000000	659.267393
1324	600.000000	658.415272
1326	604.000000	657.555211
1328	608.000000	656.690769
1330	612.000000	655.817978
1332	616.000000	654.944585
1334	620.000000	654.062798
1336	624.000000	653.176461
1338	628.000000	652.285957
1340	632.000000	651.386060
1342	636.000000	650.482332
1344	640.000000	649.571989
1346	644.000000	648.653785
1348	648.000000	647.731877
1350	652.000000	646.804677
1352	656.000000	645.870017
1354	660.000000	644.927241
1356	664.000000	643.983052
1358	668.000000	643.036869
1360	672.000000	642.076522
1362	676.000000	641.115092
1364	680.000000	640.147322
1366	684.000000	639.177358
1368	688.000000	638.198213
1370	692.000000	637.215528
1372	696.000000	636.223858
1374	700.000000	635.225290
1376	704.000000	634.218128
1378	708.000000	633.209198
1380	712.000000	632.198427
1382	716.000000	631.184667
1384	720.000000	630.162999
1386	724.000000	629.137386
1388	728.000000	628.104321
1390	732.000000	627.068243
1392	736.000000	626.026880
1394	740.000000	624.979399
1396	744.000000	623.922342
1398	748.000000	622.857346
1400	752.000000	621.796675
1402	756.000000	620.727050
1404	760.000000	619.651085
1406	764.000000	618.567553
1408	768.000000	617.482977
1410	772.000000	616.391885
1412	776.000000	615.293749
1414	780.000000	614.192509
1416	784.000000	613.084810
1418	788.000000	611.972210
1420	792.000000	610.854563
1422	796.000000	609.734506
1424	800.000000	608.606092
1426	804.000000	607.472653
1428	808.000000	606.336872
1430	812.000000	605.187989
1432	816.000000	604.041749
1434	820.000000	602.891076
1436	824.000000	601.731978
1438	828.000000	600.570679
1440	832.000000	599.399810
1442	836.000000	598.229167
1444	840.000000	597.056965
1446	844.000000	595.877827
1448	848.000000	594.693844
1450	852.000000	593.502484
1452	856.000000	592.305403
1454	860.000000	591.108528
1456	864.000000	589.903216
1458	868.000000	588.696648
1460	872.000000	587.482995
1462	876.000000	586.259778
1464	880.000000	585.033539
1466	884.000000	583.805547
1468	888.000000	582.570272
1470	892.000000	581.331951
1472	896.000000	580.088041
1474	900.000000	578.842586
1476	904.000000	577.592339
1478	908.000000	576.338295
1480	912.000000	575.080414
1482	916.000000	573.816983
1484	920.000000	572.550180
1486	924.000000	571.276377
1488	928.000000	570.005253
1490	932.000000	568.723173
1492	936.000000	567.435527
1494	940.000000	566.143434
1496	944.000000	564.846452
1498	948.000000	563.546466
1500	952.000000	562.242724
1502	956.000000	560.930885
1504	960.000000	559.619913
1506	964.000000	558.302940
1508	968.000000	556.980780
1510	972.000000	555.661708
1512	976.000000	554.331421
1514	980.000000	553.001312
1516	984.000000	551.663203
1518	988.000000	550.322979
1520	992.000000	548.974140
1522	996.000000	547.622415
1524	1000.000000	546.271821
1526	1004.000000	544.910306
1528	1008.000000	543.552074
1530	1012.000000	542.185035
1532	1016.000000	540.815093
1534	1020.000000	539.441704
1536	1024.000000	538.064520
1538	1028.000000	536.681222
1540	1032.000000	535.296271
1542	1036.000000	533.906916
1544	1040.000000	532.515850
1546	1044.000000	531.119129
1548	1048.000000	529.716423
1550	1052.000000	528.311850
1552	1056.000000	526.901460
1554	1060.000000	525.484129
1556	1064.000000	524.063049
1558	1068.000000	522.639757
1560	1072.000000	521.218357
1562	1076.000000	519.787750
1564	1080.000000	518.354274
1566	1084.000000	516.920033
1568	1088.000000	515.477692
1570	1092.000000	514.039918
1572	1096.000000	512.596759
1574	1100.000000	511.145818
1576	1104.000000	509.690472
1578	1108.000000	508.237912
1580	1112.000000	506.786738
1582	1116.000000	505.319859
1584	1120.000000	503.855652
1586	1124.000000	502.385925
1588	1128.000000	500.912487
1590	1132.000000	499.431973
1592	1136.000000	497.946863
1594	1140.000000	496.459624
1596	1144.000000	494.972677
1598	1148.000000	493.479402
1600	1152.000000	491.984652
1602	1156.000000	490.489225
1604	1160.000000	488.987685
1606	1164.000000	487.484847
1608	1168.000000	485.980994
1610	1172.000000	484.471167
1612	1176.000000	482.952684
1614	1180.000000	481.439637
1616	1184.000000	479.917251
1618	1188.000000	478.390997
1620	1192.000000	476.858129
1622	1196.000000	475.327694
1624	1200.000000	473.793456
1626	1204.000000	472.257432
1628	1208.000000	470.715151
1630	1212.000000	469.167719
1632	1216.000000	467.617502
1634	1220.000000	466.062989
1636	1224.000000	464.510335
1638	1228.000000	462.950437
1640	1232.000000	461.386653
1642	1236.000000	459.825815
1644	1240.000000	458.257850
1646	1244.000000	456.687336
1648	1248.000000	455.107609
1650	1252.000000	453.530026
1652	1256.000000	451.955296
1654	1260.000000	450.366569
1656	1264.000000	448.785800
1658	1268.000000	447.202224
1660	1272.000000	445.606967
1662	1276.000000	444.014188
1664	1280.000000	442.416970
1666	1284.000000	440.809866
1668	1288.000000	439.208657
1670	1292.000000	437.607099
1672	1296.000000	435.998302
1674	1300.000000	434.391998
1676	1304.000000	432.779737
1678	1308.000000	431.171519
1680	1312.000000	429.556932
1682	1316.000000	427.940112
1684	1320.000000	426.315680
1686	1324.000000	424.686675
1688	1328.000000	423.052591
1690	1332.000000	421.426895
1692	1336.000000	419.789340
1694	1340.000000	418.151553
1696	1344.000000	416.509022
1698	1348.000000	414.867463
1700	1352.000000	413.227485
1702	1356.000000	411.580463
1704	1360.000000	409.930323
1706	1364.000000	408.279717
1708	1368.000000	406.623362
1710	1372.000000	404.970288
1712	1376.000000	403.305231
1714	1380.000000	401.643620
1716	1384.000000	399.978725
1718	1388.000000	398.313767
1720	1392.000000	396.641218
1722	1396.000000	394.971478
1724	1400.000000	393.299929
1726	1404.000000	391.620829
1728	1408.000000	389.946510
1730	1412.000000	388.267020
1732	1416.000000	386.591932
1734	1420.000000	384.912004
1736	1424.000000	383.230718
1738	1428.000000	381.544026
1740	1432.000000	379.849165
1742	1436.000000	378.158168
1744	1440.000000	376.469113
1746	1444.000000	374.769737
1748	1448.000000	373.072352
1750	1452.000000	371.374625
1752	1456.000000	369.674097
1754	1460.000000	367.971963
1756	1464.000000	366.271313
1758	1468.000000	364.571159
1760	1472.000000	362.861852
1762	1476.000000	361.150142
1764	1480.000000	359.439523
1766	1484.000000	357.725883
1768	1488.000000	356.009838
1770	1492.000000	354.297485
1772	1496.000000	352.578692
1774	1500.000000	350.858840
1776	1504.000000	349.137082
1778	1508.000000	347.414824
1780	1512.000000	345.686860
1782	1516.000000	343.968247
1784	1520.000000	342.243560
1786	1524.000000	340.511837
1788	1528.000000	338.786942
1790	1532.000000	337.056301
1792	1536.000000	335.327019
1794	1540.000000	333.591562
1796	1544.000000	331.858620
1798	1548.000000	330.123521
1800	1552.000000	328.390180
1802	1556.000000	326.647636
1804	1560.000000	324.910506
1806	1564.000000	323.171129
1808	1568.000000	321.428818
1810	1572.000000	319.686987
1812	1576.000000	317.945150
1814	1580.000000	316.205521
1816	1584.000000	314.459167
1818	1588.000000	312.710051
1820	1592.000000	310.966310
1822	1596.000000	309.208574
1824	1600.000000	307.457237
1826	1604.000000	305.704224
1828	1608.000000	303.947458
1830	1612.000000	302.197459
1832	1616.000000	300.439238
1834	1620.000000	298.677475
1836	1624.000000	296.921300
1838	1628.000000	295.162076
1840	1632.000000	293.393170
1842	1636.000000	291.625386
1844	1640.000000	289.857497
1846	1644.000000	288.089354
1848	1648.000000	286.325894
1850	1652.000000	284.557654
1852	1656.000000	282.789251
1854	1660.000000	281.018538
1856	1664.000000	279.248688
1858	1668.000000	277.469584
1860	1672.000000	275.692542
1862	1676.000000	273.912349
1864	1680.000000	272.130170
1866	1684.000000	270.355011
1868	1688.000000	268.567181
1870	1692.000000	266.787176
1872	1696.000000	264.995379
1874	1700.000000	263.215071
1876	1704.000000	261.423203
1878	1708.000000	259.633509
1880	1712.000000	257.839614
1882	1716.000000	256.048960
1884	1720.000000	254.250113
1886	1724.000000	252.452173
1888	1728.000000	250.650608
1890	1732.000000	248.850579
1892	1736.000000	247.043293
1894	1740.000000	245.231101
1896	1744.000000	243.427934
1898	1748.000000	241.614172
1900	1752.000000	239.800609
1902	1756.000000	237.983860
1904	1760.000000	236.167612
1906	1764.000000	234.343180
1908	1768.000000	232.516407
1910	1772.000000	230.690138
1912	1776.000000	228.863696
1914	1780.000000	227.032207
1916	1784.000000	225.194604
1918	1788.000000	223.359433
1920	1792.000000	221.518086
1922	1796.000000	219.671116
1924	1800.000000	217.825588
1926	1804.000000	215.987488
1928	1808.000000	214.131172
1930	1812.000000	212.275237
1932	1816.000000	210.418623
1934	1820.000000	208.560091
1936	1824.000000	206.702135
1938	1828.000000	204.824221
1940	1832.000000	202.951286
1942	1836.000000	201.075643
1944	1840.000000	199.201166
1946	1844.000000	197.318636
1948	1848.000000	195.433872
1950	1852.000000	193.549934
1952	1856.000000	192.064689
1954	1860.000000	190.172849
1956	1864.000000	188.277184
1958	1868.000000	186.796901
1960	1872.000000	184.890891
1962	1876.000000	182.988708
1964	1880.000000	181.524490
1966	1884.000000	179.610496
1968	1888.000000	177.690145
1970	1892.000000	175.769856
1972	1896.000000	174.309553
1974	1900.000000	172.379639
1976	1904.000000	170.445694
1978	1908.000000	168.995065
1980	1912.000000	167.065657
1982	1916.000000	165.120515
1984	1920.000000	163.688556
1986	1924.000000	161.723972
1988	1928.000000	159.764963
1990	1932.000000	158.369688
1992	1936.000000	156.414560
1994	1940.000000	154.448221
1996	1944.000000	153.144225
1998	1948.000000	151.158066
2000	1952.000000	149.207373
2002	1956.000000	147.204955
2004	1960.000000	145.995409
2006	1964.000000	144.001053
2008	1968.000000	142.016615
2010	1972.000000	140.901203
2012	1976.000000	138.914554
2014	1980.000000	136.884096
2016	1984.000000	136.079268
2018	1988.000000	134.061784
2020	1992.000000	132.067532
2022	1996.000000	131.301275
2024	2000.000000	129.289533
2026	2004.000000	127.258208
2028	2008.000000	127.093589
2030	2012.000000	125.013642
2032	2016.000000	122.945276
2034	2020.000000	120.958495
2036	2024.000000	123.155691
2038	2028.000000	121.085333
2040	2032.000000	119.070427
2042	2036.000000	122.787109
2044	2040.000000	120.788818
2046	2044.000000	118.606079
2048	2048.000000	0.000000
