T	Ut	Ft	St	Ct
0.01000000	-1.93750000	-9.94835937	801.08593748	0.00000000
0.02000000	-1.93750000	-17.95921875	801.08593748	0.00000000
0.03000000	-1.93750000	-25.97007812	801.08593748	0.00000000
0.04000000	-1.93750000	-33.98093750	801.08593748	0.00000000
0.05000000	-1.93750000	-41.99179687	801.08593748	0.00000000
0.06000000	-1.93750000	-50.00265625	801.08593748	0.00000000
0.07000000	-1.93750000	-58.01351562	801.08593748	0.00000000
0.08000000	-1.93750000	-66.02437500	801.08593748	0.00000000
0.09000000	-1.93750000	-74.03523437	801.08593748	0.00000000
0.10000000	-1.93750000	-82.04609375	801.08593748	0.00000000
0.11000000	-1.93750000	-90.05695312	801.08593748	-0.00000000
0.12000000	-1.93750000	-98.06781250	801.08593748	-0.00000000
0.13000000	-1.93750000	-106.07867187	801.08593748	0.00000000
0.14000000	-1.93750000	-114.08953125	801.08593748	0.00000000
0.15000000	-1.93750000	-122.10039062	801.08593748	0.00000000
0.16000000	-1.93750000	-130.11125000	801.08593748	0.00000000
0.17000000	-1.93750000	-138.12210937	801.08593748	0.00000000
0.18000000	-1.93750000	-146.13296875	801.08593748	0.00000000
0.19000000	-1.93750000	-154.14382812	801.08593748	0.00000001
0.20000000	-1.93750000	-162.15468750	801.08593748	0.00000004
0.21000000	-1.93750000	-170.16554687	801.08593749	0.00000008
0.22000000	-1.93750000	-178.17640625	801.08593749	0.00000018
0.23000000	-1.93750000	-186.18726562	801.08593750	0.00000036
0.24000000	-1.93749999	-194.19812500	801.08593753	0.00000068
0.25000000	-1.93749998	-202.20898437	801.08593756	0.00000122
0.26000000	-1.93749996	-210.21984375	801.08593763	0.00000209
0.27000000	-1.93749994	-218.23070312	801.08593773	0.00000343
0.28000000	-1.93749989	-226.24156250	801.08593789	0.00000542
0.29000000	-1.93749983	-234.25242188	801.08593813	0.00000826
0.30000000	-1.93749972	-242.26328127	801.08593847	0.00001223
0.31000000	-1.93749958	-250.27414065	801.08593895	0.00001761
0.32000000	-1.93749937	-258.28500005	801.08593962	0.00002473
0.33000000	-1.93749908	-266.29585945	801.08594052	0.00003397
0.34000000	-1.93749868	-274.30671886	801.08594170	0.00004570
0.35000000	-1.93749815	-282.31757828	801.08594323	0.00006036
0.36000000	-1.93749746	-290.32843772	801.08594517	0.00007837
0.37000000	-1.93749657	-298.33929719	801.08594761	0.00010018
0.38000000	-1.93749544	-306.35015668	801.08595061	0.00012623
0.39000000	-1.93749403	-314.36101620	801.08595428	0.00015697
0.40000000	-1.93749229	-322.37187576	801.08595869	0.00019284
0.41000000	-1.93749016	-330.38273538	801.08596395	0.00023425
0.42000000	-1.93748758	-338.39359505	801.08597015	0.00028160
0.43000000	-1.93748450	-346.40445478	801.08597740	0.00033527
0.44000000	-1.93748085	-354.41531460	801.08598578	0.00039560
0.45000000	-1.93747657	-362.42617450	801.08599541	0.00046290
0.46000000	-1.93747157	-370.43703451	801.08600639	0.00053744
0.47000000	-1.93746579	-378.44789464	801.08601881	0.00061946
0.48000000	-1.93745916	-386.45875489	801.08603278	0.00070917
0.49000000	-1.93745158	-394.46961530	801.08604839	0.00080672
0.50000000	-1.93744300	-402.48047587	801.08606574	0.00091224
0.51000000	-1.93743331	-410.49133662	801.08608491	0.00102579
0.52000000	-1.93742245	-418.50219757	801.08610599	0.00114744
0.53000000	-1.93741034	-426.51305874	801.08612907	0.00127718
0.54000000	-1.93739688	-434.52392016	801.08615421	0.00141500
0.55000000	-1.93738201	-442.53478184	801.08618150	0.00156082
0.56000000	-1.93736564	-450.54564380	801.08621099	0.00171456
0.57000000	-1.93734769	-458.55650606	801.08624275	0.00187609
0.58000000	-1.93732809	-466.56736866	801.08627684	0.00204527
0.59000000	-1.93730676	-474.57823161	801.08631330	0.00222193
0.60000000	-1.93728363	-482.58909493	801.08635217	0.00240587
0.61000000	-1.93725862	-490.59995866	801.08639350	0.00259689
0.62000000	-1.93723167	-498.61082281	801.08643733	0.00279474
0.63000000	-1.93720271	-506.62168741	801.08648367	0.00299918
0.64000000	-1.93717166	-514.63255249	801.08653254	0.00320996
0.65000000	-1.93713849	-522.64341807	801.08658398	0.00342679
0.66000000	-1.93710311	-530.65428418	801.08663799	0.00364942
0.67000000	-1.93706548	-538.66515084	801.08669457	0.00387754
0.68000000	-1.93702554	-546.67601808	801.08675374	0.00411087
0.69000000	-1.93698325	-554.68688593	801.08681548	0.00434910
0.70000000	-1.93693854	-562.69775440	801.08687979	0.00459196
0.71000000	-1.93689139	-570.70862353	801.08694667	0.00483912
0.72000000	-1.93684175	-578.71949334	801.08701610	0.00509031
0.73000000	-1.93678957	-586.73036386	801.08708806	0.00534521
0.74000000	-1.93673483	-594.74123511	801.08716254	0.00560354
0.75000000	-1.93667749	-602.75210712	801.08723950	0.00586500
0.76000000	-1.93661752	-610.76297991	801.08731893	0.00612932
0.77000000	-1.93655490	-618.77385351	801.08740079	0.00639620
0.78000000	-1.93648959	-626.78472793	801.08748505	0.00666537
0.79000000	-1.93642158	-634.79560322	801.08757169	0.00693657
0.80000000	-1.93635085	-642.80647937	801.08766065	0.00720953
0.81000000	-1.93627739	-650.81735644	801.08775191	0.00748400
0.82000000	-1.93620117	-658.82823442	801.08784543	0.00775973
0.83000000	-1.93612219	-666.83911335	801.08794116	0.00803647
0.84000000	-1.93604044	-674.84999325	801.08803906	0.00831400
0.85000000	-1.93595591	-682.86087414	801.08813910	0.00859210
0.86000000	-1.93586859	-690.87175604	801.08824122	0.00887055
0.87000000	-1.93577850	-698.88263897	801.08834537	0.00914913
0.88000000	-1.93568561	-706.89352295	801.08845152	0.00942767
0.89000000	-1.93558994	-714.90440801	801.08855962	0.00970596
0.90000000	-1.93549149	-722.91529415	801.08866962	0.00998382
0.91000000	-1.93539027	-730.92618141	801.08878147	0.01026109
0.92000000	-1.93528628	-738.93706979	801.08889512	0.01053759
0.93000000	-1.93517952	-746.94795932	801.08901053	0.01081318
0.94000000	-1.93507002	-754.95885000	801.08912765	0.01108770
0.95000000	-1.93495777	-762.96974187	801.08924642	0.01136102
0.96000000	-1.93484280	-770.98063494	801.08936681	0.01163301
0.97000000	-1.93472512	-778.99152921	801.08948876	0.01190353
0.98000000	-1.93460473	-787.00242472	801.08961223	0.01217249
0.99000000	-1.93448167	-795.01332146	801.08973717	0.01243977
1.00000000	-1.93435594	-803.02421947	801.08986352	0.01270527
1.01000000	-1.93422757	-811.03511874	801.08999125	0.01296889
1.02000000	-1.93409657	-819.04601930	801.09012032	0.01323056
1.03000000	-1.93396297	-827.05692115	801.09025066	0.01349020
1.04000000	-1.93382678	-835.06782431	801.09038225	0.01374773
1.05000000	-1.93368802	-843.07872880	801.09051503	0.01400309
1.06000000	-1.93354672	-851.08963462	801.09064896	0.01425622
1.07000000	-1.93340290	-859.10054178	801.09078400	0.01450707
1.08000000	-1.93325659	-867.11145030	801.09092011	0.01475560
1.09000000	-1.93310780	-875.12236019	801.09105724	0.01500176
1.10000000	-1.93295656	-883.13327145	801.09119535	0.01524553
1.11000000	-1.93280290	-891.14418410	801.09133442	0.01548688
1.12000000	-1.93264683	-899.15509814	801.09147438	0.01572578
1.13000000	-1.93248839	-907.16601359	801.09161522	0.01596221
1.14000000	-1.93232760	-915.17693045	801.09175689	0.01619618
1.15000000	-1.93216447	-923.18784873	801.09189935	0.01642767
1.16000000	-1.93199905	-931.19876844	801.09204258	0.01665669
1.17000000	-1.93183135	-939.20968958	801.09218652	0.01688323
1.18000000	-1.93166139	-947.22061217	801.09233117	0.01710731
1.19000000	-1.93148921	-955.23153621	801.09247647	0.01732894
1.20000000	-1.93131482	-963.24246170	801.09262240	0.01754815
1.21000000	-1.93113826	-971.25338866	801.09276893	0.01776495
1.22000000	-1.93095953	-979.26431708	801.09291603	0.01797937
1.23000000	-1.93077868	-987.27524698	801.09306366	0.01819145
1.24000000	-1.93059571	-995.28617836	801.09321181	0.01840122
1.25000000	-1.93041066	-1003.29711122	801.09336045	0.01860873
1.26000000	-1.93022354	-1011.30804557	801.09350954	0.01881401
1.27000000	-1.93003439	-1019.31898141	801.09365907	0.01901711
1.28000000	-1.92984321	-1027.32991875	801.09380902	0.01921810
1.29000000	-1.92965003	-1035.34085759	801.09395935	0.01941701
1.30000000	-1.92945487	-1043.35179794	801.09411005	0.01961391
1.31000000	-1.92925776	-1051.36273979	801.09426110	0.01980887
1.32000000	-1.92905870	-1059.37368316	801.09441247	0.02000195
1.33000000	-1.92885773	-1067.38462804	801.09456415	0.02019321
1.34000000	-1.92865484	-1075.39557445	801.09471612	0.02038274
1.35000000	-1.92845008	-1083.40652237	801.09486836	0.02057060
1.36000000	-1.92824344	-1091.41747181	801.09502086	0.02075687
1.37000000	-1.92803494	-1099.42842279	801.09517361	0.02094164
1.38000000	-1.92782461	-1107.43937529	801.09532658	0.02112498
1.39000000	-1.92761245	-1115.45032932	801.09547976	0.02130699
1.40000000	-1.92739847	-1123.46128488	801.09563315	0.02148774
1.41000000	-1.92718270	-1131.47224198	801.09578673	0.02166735
1.42000000	-1.92696513	-1139.48320062	801.09594048	0.02184589
1.43000000	-1.92674578	-1147.49416079	801.09609441	0.02202346
1.44000000	-1.92652466	-1155.50512251	801.09624850	0.02220017
1.45000000	-1.92630178	-1163.51608576	801.09640274	0.02237611
1.46000000	-1.92607714	-1171.52705056	801.09655714	0.02255139
1.47000000	-1.92585076	-1179.53801691	801.09671167	0.02272611
1.48000000	-1.92562262	-1187.54898480	801.09686633	0.02290038
1.49000000	-1.92539275	-1195.55995423	801.09702113	0.02307431
1.50000000	-1.92516114	-1203.57092522	801.09717605	0.02324801
1.51000000	-1.92492779	-1211.58189775	801.09733110	0.02342159
1.52000000	-1.92469271	-1219.59287184	801.09748627	0.02359516
1.53000000	-1.92445589	-1227.60384748	801.09764156	0.02376885
1.54000000	-1.92421733	-1235.61482467	801.09779698	0.02394277
1.55000000	-1.92397703	-1243.62580342	801.09795251	0.02411704
1.56000000	-1.92373499	-1251.63678372	801.09810816	0.02429179
1.57000000	-1.92349119	-1259.64776558	801.09826394	0.02446712
1.58000000	-1.92324564	-1267.65874900	801.09841985	0.02464317
1.59000000	-1.92299833	-1275.66973398	801.09857588	0.02482007
1.60000000	-1.92274924	-1283.68072052	801.09873205	0.02499794
1.61000000	-1.92249836	-1291.69170862	801.09888836	0.02517690
1.62000000	-1.92224570	-1299.70269829	801.09904481	0.02535709
1.63000000	-1.92199122	-1307.71368952	801.09920141	0.02553863
1.64000000	-1.92173492	-1315.72468232	801.09935817	0.02572166
1.65000000	-1.92147678	-1323.73567668	801.09951509	0.02590632
1.66000000	-1.92121679	-1331.74667262	801.09967219	0.02609272
1.67000000	-1.92095492	-1339.75767013	801.09982947	0.02628101
1.68000000	-1.92069116	-1347.76866921	801.09998694	0.02647132
1.69000000	-1.92042548	-1355.77966987	801.10014461	0.02666379
1.70000000	-1.92015788	-1363.79067210	801.10030249	0.02685855
1.71000000	-1.91988831	-1371.80167592	801.10046059	0.02705574
1.72000000	-1.91961675	-1379.81268132	801.10061893	0.02725550
1.73000000	-1.91934319	-1387.82368830	801.10077752	0.02745796
1.74000000	-1.91906758	-1395.83469687	801.10093637	0.02766327
1.75000000	-1.91878991	-1403.84570703	801.10109549	0.02787157
1.76000000	-1.91851014	-1411.85671878	801.10125491	0.02808299
1.77000000	-1.91822824	-1419.86773212	801.10141462	0.02829768
1.78000000	-1.91794418	-1427.87874707	801.10157466	0.02851578
1.79000000	-1.91765791	-1435.88976362	801.10173503	0.02873743
1.80000000	-1.91736942	-1443.90078177	801.10189575	0.02896277
1.81000000	-1.91707865	-1451.91180154	801.10205685	0.02919194
1.82000000	-1.91678556	-1459.92282291	801.10221832	0.02942510
1.83000000	-1.91649013	-1467.93384590	801.10238020	0.02966237
1.84000000	-1.91619230	-1475.94487052	801.10254251	0.02990391
1.85000000	-1.91589204	-1483.95589675	801.10270525	0.03014986
1.86000000	-1.91558929	-1491.96692462	801.10286846	0.03040037
1.87000000	-1.91528401	-1499.97795413	801.10303215	0.03065557
1.88000000	-1.91497616	-1507.98898527	801.10319633	0.03091562
1.89000000	-1.91466568	-1516.00001805	801.10336104	0.03118066
1.90000000	-1.91435253	-1524.01105249	801.10352629	0.03145085
1.91000000	-1.91403665	-1532.02208858	801.10369211	0.03172631
1.92000000	-1.91371799	-1540.03312633	801.10385851	0.03200721
1.93000000	-1.91339649	-1548.04416575	801.10402553	0.03229370
1.94000000	-1.91307209	-1556.05520685	801.10419317	0.03258591
1.95000000	-1.91274475	-1564.06624962	801.10436147	0.03288401
1.96000000	-1.91241439	-1572.07729408	801.10453045	0.03318814
1.97000000	-1.91208097	-1580.08834023	801.10470013	0.03349846
1.98000000	-1.91174440	-1588.09938808	801.10487055	0.03381512
1.99000000	-1.91140464	-1596.11043764	801.10504171	0.03413827
2.00000000	-1.91106162	-1604.12148892	801.10521365	0.03446807
2.01000000	-1.91071526	-1612.13254192	801.10538640	0.03480469
2.02000000	-1.91036550	-1620.14359665	801.10555998	0.03514828
2.03000000	-1.91001227	-1628.15465312	801.10573441	0.03549900
2.04000000	-1.90965549	-1636.16571134	801.10590973	0.03585702
2.05000000	-1.90929510	-1644.17677132	801.10608596	0.03622251
2.06000000	-1.90893102	-1652.18783307	801.10626313	0.03659563
2.07000000	-1.90856316	-1660.19889659	801.10644127	0.03697658
2.08000000	-1.90819146	-1668.20996189	801.10662040	0.03736551
2.09000000	-1.90781583	-1676.22102900	801.10680056	0.03776262
2.10000000	-1.90743618	-1684.23209791	801.10698178	0.03816810
2.11000000	-1.90705244	-1692.24316864	801.10716408	0.03858214
2.12000000	-1.90666451	-1700.25424119	801.10734749	0.03900494
2.13000000	-1.90627231	-1708.26531559	801.10753206	0.03943670
2.14000000	-1.90587574	-1716.27639184	801.10771780	0.03987764
2.15000000	-1.90547472	-1724.28746995	801.10790476	0.04032799
2.16000000	-1.90506915	-1732.29854994	801.10809296	0.04078797
2.17000000	-1.90465893	-1740.30963181	801.10828243	0.04125782
2.18000000	-1.90424396	-1748.32071559	801.10847322	0.04173779
2.19000000	-1.90382414	-1756.33180128	801.10866536	0.04222816
2.20000000	-1.90339936	-1764.34288890	801.10885888	0.04272919
2.21000000	-1.90296952	-1772.35397847	801.10905382	0.04324119
2.22000000	-1.90253450	-1780.36506998	801.10925022	0.04376444
2.23000000	-1.90209419	-1788.37616347	801.10944811	0.04429928
2.24000000	-1.90164848	-1796.38725895	801.10964753	0.04484606
2.25000000	-1.90119723	-1804.39835643	801.10984853	0.04540512
2.26000000	-1.90074033	-1812.40945593	801.11005115	0.04597687
2.27000000	-1.90027765	-1820.42055746	801.11025542	0.04656170
2.28000000	-1.89980905	-1828.43166104	801.11046140	0.04716006
2.29000000	-1.89933440	-1836.44276669	801.11066912	0.04777241
2.30000000	-1.89885356	-1844.45387443	801.11087864	0.04839924
2.31000000	-1.89836637	-1852.46498427	801.11109000	0.04904108
2.32000000	-1.89787268	-1860.47609624	801.11130326	0.04969850
2.33000000	-1.89737234	-1868.48721034	801.11151846	0.05037210
2.34000000	-1.89686518	-1876.49832661	801.11173565	0.05106253
2.35000000	-1.89635103	-1884.50944506	801.11195491	0.05177048
2.36000000	-1.89582971	-1892.52056572	801.11217627	0.05249670
2.37000000	-1.89530104	-1900.53168860	801.11239981	0.05324199
2.38000000	-1.89476481	-1908.54281372	801.11262559	0.05400719
2.39000000	-1.89422082	-1916.55394112	801.11285368	0.05479324
2.40000000	-1.89366887	-1924.56507080	801.11308414	0.05560110
2.41000000	-1.89310872	-1932.57620281	801.11331705	0.05643185
2.42000000	-1.89254015	-1940.58733715	801.11355248	0.05728661
2.43000000	-1.89196291	-1948.59847386	801.11379052	0.05816660
2.44000000	-1.89137673	-1956.60961297	801.11403125	0.05907314
2.45000000	-1.89078135	-1964.62075450	801.11427475	0.06000763
2.46000000	-1.89017648	-1972.63189848	801.11452114	0.06097158
2.47000000	-1.88956182	-1980.64304493	801.11477049	0.06196659
2.48000000	-1.88893704	-1988.65419390	801.11502293	0.06299442
2.49000000	-1.88830181	-1996.66534540	801.11527855	0.06405692
2.50000000	-1.88765578	-2004.67649948	801.11553748	0.06515609
2.51000000	-1.88699856	-2012.68765616	801.11579984	0.06629407
2.52000000	-1.88632976	-2020.69881549	801.11606576	0.06747315
2.53000000	-1.88564895	-2028.70997749	801.11633539	0.06869578
2.54000000	-1.88495569	-2036.72114221	801.11660886	0.06996460
2.55000000	-1.88424950	-2044.73230968	801.11688635	0.07128242
2.56000000	-1.88352987	-2052.74347995	801.11716800	0.07265224
2.57000000	-1.88279627	-2060.75465305	801.11745400	0.07407729
2.58000000	-1.88204813	-2068.76582904	801.11774454	0.07556098
2.59000000	-1.88128484	-2076.77700796	801.11803981	0.07710701
2.60000000	-1.88050577	-2084.78818986	801.11834003	0.07871926
2.61000000	-1.87971022	-2092.79937478	801.11864542	0.08040193
2.62000000	-1.87889748	-2100.81056278	801.11895622	0.08215945
2.63000000	-1.87806677	-2108.82175392	801.11927268	0.08399656
2.64000000	-1.87721727	-2116.83294826	801.11959507	0.08591830
2.65000000	-1.87634810	-2124.84414584	801.11992368	0.08793003
2.66000000	-1.87545835	-2132.85534675	801.12025880	0.09003744
2.67000000	-1.87454701	-2140.86655104	801.12060076	0.09224658
2.68000000	-1.87361306	-2148.87775879	801.12094990	0.09456386
2.69000000	-1.87265535	-2156.88897007	801.12130658	0.09699609
2.70000000	-1.87167273	-2164.90018495	801.12167119	0.09955045
2.71000000	-1.87066391	-2172.91140352	801.12204413	0.10223457
2.72000000	-1.86962758	-2180.92262586	801.12242584	0.10505651
2.73000000	-1.86856229	-2188.93385207	801.12281677	0.10802477
2.74000000	-1.86746656	-2196.94508223	801.12321740	0.11114833
2.75000000	-1.86633878	-2204.95631645	801.12362824	0.11443664
2.76000000	-1.86517725	-2212.96755483	801.12404985	0.11789968
2.77000000	-1.86398017	-2220.97879748	801.12448278	0.12154790
2.78000000	-1.86274564	-2228.99004452	801.12492766	0.12539231
2.79000000	-1.86147163	-2237.00129608	801.12538511	0.12944446
2.80000000	-1.86015601	-2245.01255227	801.12585581	0.13371643
2.81000000	-1.85879653	-2253.02381324	801.12634047	0.13822089
2.82000000	-1.85739078	-2261.03507913	801.12683984	0.14297105
2.83000000	-1.85593624	-2269.04635009	801.12735472	0.14798070
2.84000000	-1.85443025	-2277.05762628	801.12788593	0.15326422
2.85000000	-1.85286999	-2285.06890786	801.12843434	0.15883654
2.86000000	-1.85125250	-2293.08019502	801.12900088	0.16471317
2.87000000	-1.84957466	-2301.09148795	801.12958651	0.17091019
2.88000000	-1.84783318	-2309.10278682	801.13019224	0.17744420
2.89000000	-1.84602460	-2317.11409186	801.13081912	0.18433237
2.90000000	-1.84414529	-2325.12540328	801.13146827	0.19159232
2.91000000	-1.84219145	-2333.13672130	801.13214084	0.19924220
2.92000000	-1.84015909	-2341.14804618	801.13283805	0.20730057
2.93000000	-1.83804401	-2349.15937815	801.13356114	0.21578639
2.94000000	-1.83584187	-2357.17071749	801.13431144	0.22471897
2.95000000	-1.83354808	-2365.18206448	801.13509030	0.23411788
2.96000000	-1.83115789	-2373.19341940	801.13589916	0.24400295
2.97000000	-1.82866634	-2381.20478256	801.13673947	0.25439408
2.98000000	-1.82606826	-2389.21615430	801.13761277	0.26531127
2.99000000	-1.82335829	-2397.22753493	801.13852062	0.27677442
3.00000000	-1.82053088	-2405.23892483	801.13946465	0.28880328
3.01000000	-1.81758027	-2413.25032435	801.14044654	0.30141727
3.02000000	-1.81450052	-2421.26173389	801.14146800	0.31463539
3.03000000	-1.81128549	-2429.27315385	801.14253081	0.32847605
3.04000000	-1.80792887	-2437.28458465	801.14363677	0.34295685
3.05000000	-1.80442416	-2445.29602674	801.14478773	0.35809451
3.06000000	-1.80076474	-2453.30748056	801.14598556	0.37390454
3.07000000	-1.79694378	-2461.31894661	801.14723219	0.39040114
3.08000000	-1.79295438	-2469.33042538	801.14852954	0.40759691
3.09000000	-1.78878948	-2477.34191738	801.14987958	0.42550264
3.10000000	-1.78444193	-2485.35342315	801.15128426	0.44412706
3.11000000	-1.77990452	-2493.36494325	801.15274557	0.46347655
3.12000000	-1.77516997	-2501.37647826	801.15426548	0.48355491
3.13000000	-1.77023099	-2509.38802876	801.15584593	0.50436306
3.14000000	-1.76508029	-2517.39959538	801.15748888	0.52589874
3.15000000	-1.75971061	-2525.41117875	801.15919624	0.54815626
3.16000000	-1.75411479	-2533.42277953	801.16096986	0.57112617
3.17000000	-1.74828576	-2541.43439838	801.16281155	0.59479501
3.18000000	-1.74221661	-2549.44603599	801.16472308	0.61914503
3.19000000	-1.73590066	-2557.45769308	801.16670609	0.64415389
3.20000000	-1.72933143	-2565.46937036	801.16876217	0.66979446
3.21000000	-1.72250277	-2573.48106857	801.17089277	0.69603455
3.22000000	-1.71540886	-2581.49278847	801.17309926	0.72283676
3.23000000	-1.70804430	-2589.50453081	801.17538282	0.75015828
3.24000000	-1.70040413	-2597.51629638	801.17774452	0.77795074
3.25000000	-1.69248390	-2605.52808597	801.18018525	0.80616020
3.26000000	-1.68427973	-2613.53990035	801.18270571	0.83472704
3.27000000	-1.67578838	-2621.55174035	801.18530641	0.86358605
3.28000000	-1.66700727	-2629.56360675	801.18798765	0.89266646
3.29000000	-1.65793457	-2637.57550037	801.19074948	0.92189213
3.30000000	-1.64856922	-2645.58742201	801.19359176	0.95118173
3.31000000	-1.63891101	-2653.59937247	801.19651404	0.98044910
3.32000000	-1.62896061	-2661.61135255	801.19951565	1.00960354
3.33000000	-1.61871963	-2669.62336305	801.20259562	1.03855031
3.34000000	-1.60819062	-2677.63540472	801.20575272	1.06719113
3.35000000	-1.59737716	-2685.64747835	801.20898543	1.09542476
3.36000000	-1.58628383	-2693.65958468	801.21229192	1.12314771
3.37000000	-1.57491626	-2701.67172443	801.21567008	1.15025489
3.38000000	-1.56328114	-2709.68389831	801.21911751	1.17664047
3.39000000	-1.55138621	-2717.69610700	801.22263150	1.20219867
3.40000000	-1.53924027	-2725.70835115	801.22620908	1.22682464
3.41000000	-1.52685317	-2733.72063138	801.22984698	1.25041539
3.42000000	-1.51423575	-2741.73294828	801.23354168	1.27287064
3.43000000	-1.50139986	-2749.74530239	801.23728937	1.29409382
3.44000000	-1.48835829	-2757.75769423	801.24108603	1.31399292
3.45000000	-1.47512471	-2765.77012426	801.24492741	1.33248139
3.46000000	-1.46171363	-2773.78259291	801.24880904	1.34947896
3.47000000	-1.44814034	-2781.79510056	801.25272629	1.36491245
3.48000000	-1.43442081	-2789.80764754	801.25667435	1.37871647
3.49000000	-1.42057164	-2797.82023414	801.26064828	1.39083404
3.50000000	-1.40660992	-2805.83286058	801.26464305	1.40121715
3.51000000	-1.39255320	-2813.84552705	801.26865352	1.40982717
3.52000000	-1.37841938	-2821.85823368	801.27267452	1.41663523
3.53000000	-1.36422657	-2829.87098056	801.27670085	1.42162236
3.54000000	-1.34999303	-2837.88376770	801.28072731	1.42477968
3.55000000	-1.33573707	-2845.89659509	801.28474874	1.42610829
3.56000000	-1.32147693	-2853.90946264	801.28876003	1.42561920
3.57000000	-1.30723068	-2861.92237024	801.29275618	1.42333308
3.58000000	-1.29301616	-2869.93531770	801.29673227	1.41927986
3.59000000	-1.27885084	-2877.94830480	801.30068355	1.41349836
3.60000000	-1.26475180	-2885.96133127	801.30460541	1.40603567
3.61000000	-1.25073555	-2893.97439680	801.30849342	1.39694662
3.62000000	-1.23681808	-2901.98750101	801.31234335	1.38629304
3.63000000	-1.22301468	-2910.00064352	801.31615120	1.37414308
3.64000000	-1.20933996	-2918.01382388	801.31991317	1.36057042
3.65000000	-1.19580775	-2926.02704162	801.32362572	1.34565348
3.66000000	-1.18243110	-2934.04029622	801.32728555	1.32947463
3.67000000	-1.16922218	-2942.05358715	801.33088964	1.31211937
3.68000000	-1.15619234	-2950.06691382	801.33443519	1.29367554
3.69000000	-1.14335200	-2958.08027565	801.33791969	1.27423257
3.70000000	-1.13071072	-2966.09367200	801.34134089	1.25388068
3.71000000	-1.11827712	-2974.10710225	801.34469680	1.23271027
3.72000000	-1.10605894	-2982.12056572	801.34798569	1.21081116
3.73000000	-1.09406303	-2990.13406173	801.35120609	1.18827207
3.74000000	-1.08229534	-2998.14758960	801.35435675	1.16517999
3.75000000	-1.07076099	-3006.16114863	801.35743670	1.14161975
3.76000000	-1.05946423	-3014.17473810	801.36044518	1.11767354
3.77000000	-1.04840854	-3022.18835729	801.36338163	1.09342057
3.78000000	-1.03759659	-3030.20200549	801.36624574	1.06893671
3.79000000	-1.02703033	-3038.21568197	801.36903737	1.04429426
3.80000000	-1.01671101	-3046.22938600	801.37175658	1.01956171
3.81000000	-1.00663918	-3054.24311686	801.37440359	0.99480365
3.82000000	-0.99681482	-3062.25687383	801.37697880	0.97008059
3.83000000	-0.98723727	-3070.27065620	801.37948275	0.94544893
3.84000000	-0.97790536	-3078.28446325	801.38191612	0.92096095
3.85000000	-0.96881741	-3086.29829429	801.38427971	0.89666484
3.86000000	-0.95997127	-3094.31214861	801.38657444	0.87260471
3.87000000	-0.95136439	-3102.32602555	801.38880133	0.84882068
3.88000000	-0.94299382	-3110.33992442	801.39096149	0.82534902
3.89000000	-0.93485626	-3118.35384456	801.39305612	0.80222224
3.90000000	-0.92694813	-3126.36778533	801.39508646	0.77946924
3.91000000	-0.91926555	-3134.38174608	801.39705385	0.75711548
3.92000000	-0.91180441	-3142.39572620	801.39895964	0.73518311
3.93000000	-0.90456042	-3150.40972507	801.40080526	0.71369120
3.94000000	-0.89752907	-3158.42374211	801.40259214	0.69265588
3.95000000	-0.89070573	-3166.43777672	801.40432177	0.67209052
3.96000000	-0.88408565	-3174.45182836	801.40599563	0.65200594
3.97000000	-0.87766398	-3182.46589646	801.40761523	0.63241058
3.98000000	-0.87143579	-3190.47998049	801.40918208	0.61331066
3.99000000	-0.86539610	-3198.49407993	801.41069770	0.59471039
4.00000000	-0.85953991	-3206.50819427	801.41216359	0.57661211
4.01000000	-0.85386218	-3214.52232304	801.41358126	0.55901645
4.02000000	-0.84835791	-3222.53646574	801.41495220	0.54192255
4.03000000	-0.84302207	-3230.55062193	801.41627788	0.52532810
4.04000000	-0.83784969	-3238.56479116	801.41755977	0.50922960
4.05000000	-0.83283584	-3246.57897299	801.41879930	0.49362241
4.06000000	-0.82797562	-3254.59316701	801.41999788	0.47850090
4.07000000	-0.82326422	-3262.60737281	801.42115690	0.46385860
4.08000000	-0.81869688	-3270.62159002	801.42227773	0.44968827
4.09000000	-0.81426891	-3278.63581824	801.42336169	0.43598201
4.10000000	-0.80997572	-3286.65005713	801.42441010	0.42273137
4.11000000	-0.80581279	-3294.66430633	801.42542422	0.40992745
4.12000000	-0.80177571	-3302.67856551	801.42640529	0.39756093
4.13000000	-0.79786015	-3310.69283433	801.42735452	0.38562219
4.14000000	-0.79406188	-3318.70711249	801.42827310	0.37410137
4.15000000	-0.79037676	-3326.72139969	801.42916215	0.36298842
4.16000000	-0.78680078	-3334.73569564	801.43002280	0.35227315
4.17000000	-0.78333001	-3342.75000006	801.43085613	0.34194530
4.18000000	-0.77996062	-3350.76431268	801.43166317	0.33199458
4.19000000	-0.77668889	-3358.77863324	801.43244495	0.32241068
4.20000000	-0.77351122	-3366.79296150	801.43320245	0.31318336
4.21000000	-0.77042407	-3374.80729721	801.43393661	0.30430245
4.22000000	-0.76742405	-3382.82164015	801.43464837	0.29575785
4.23000000	-0.76450783	-3390.83599011	801.43533860	0.28753962
4.24000000	-0.76167220	-3398.85034686	801.43600817	0.27963795
4.25000000	-0.75891405	-3406.86471020	801.43665792	0.27204319
4.26000000	-0.75623034	-3414.87907995	801.43728864	0.26474588
4.27000000	-0.75361817	-3422.89345591	801.43790111	0.25773674
4.28000000	-0.75107468	-3430.90783791	801.43849608	0.25100671
4.29000000	-0.74859713	-3438.92222578	801.43907428	0.24454692
4.30000000	-0.74618287	-3446.93661935	801.43963639	0.23834873
4.31000000	-0.74382931	-3454.95101846	801.44018310	0.23240373
4.32000000	-0.74153398	-3462.96542296	801.44071504	0.22670372
4.33000000	-0.73929445	-3470.97983271	801.44123285	0.22124076
4.34000000	-0.73710840	-3478.99424757	801.44173714	0.21600711
4.35000000	-0.73497357	-3487.00866741	801.44222847	0.21099528
4.36000000	-0.73288778	-3495.02309210	801.44270741	0.20619800
4.37000000	-0.73084892	-3503.03752152	801.44317451	0.20160824
4.38000000	-0.72885494	-3511.05195555	801.44363028	0.19721920
4.39000000	-0.72690388	-3519.06639409	801.44407522	0.19302429
4.40000000	-0.72499383	-3527.08083702	801.44450982	0.18901716
4.41000000	-0.72312294	-3535.09528425	801.44493454	0.18519166
4.42000000	-0.72128941	-3543.10973568	801.44534983	0.18154186
4.43000000	-0.71949153	-3551.12419122	801.44575614	0.17806205
4.44000000	-0.71772762	-3559.13865078	801.44615386	0.17474672
4.45000000	-0.71599607	-3567.15311427	801.44654342	0.17159055
4.46000000	-0.71429530	-3575.16758162	801.44692518	0.16858842
4.47000000	-0.71262380	-3583.18205275	801.44729954	0.16573541
4.48000000	-0.71098011	-3591.19652758	801.44766685	0.16302678
4.49000000	-0.70936280	-3599.21100606	801.44802745	0.16045795
4.50000000	-0.70777050	-3607.22548811	801.44838169	0.15802454
4.51000000	-0.70620187	-3615.23997368	801.44872989	0.15572232
4.52000000	-0.70465563	-3623.25446269	801.44907236	0.15354724
4.53000000	-0.70313052	-3631.26895510	801.44940940	0.15149540
4.54000000	-0.70162532	-3639.28345086	801.44974131	0.14956304
4.55000000	-0.70013887	-3647.29794991	801.45006836	0.14774657
4.56000000	-0.69867002	-3655.31245221	801.45039083	0.14604252
4.57000000	-0.69721766	-3663.32695772	801.45070898	0.14444757
4.58000000	-0.69578071	-3671.34146638	801.45102307	0.14295853
4.59000000	-0.69435814	-3679.35597817	801.45133334	0.14157234
4.60000000	-0.69294893	-3687.37049304	801.45164002	0.14028606
4.61000000	-0.69155210	-3695.38501095	801.45194335	0.13909685
4.62000000	-0.69016668	-3703.39953189	801.45224355	0.13800201
4.63000000	-0.68879175	-3711.41405582	801.45254083	0.13699894
4.64000000	-0.68742640	-3719.42858270	801.45283541	0.13608514
4.65000000	-0.68606976	-3727.44311252	801.45312747	0.13525821
4.66000000	-0.68472096	-3735.45764524	801.45341723	0.13451585
4.67000000	-0.68337917	-3743.47218085	801.45370486	0.13385584
4.68000000	-0.68204357	-3751.48671933	801.45399055	0.13327608
4.69000000	-0.68071339	-3759.50126066	801.45427447	0.13277450
4.70000000	-0.67938783	-3767.51580482	801.45455681	0.13234917
4.71000000	-0.67806615	-3775.53035179	801.45483771	0.13199820
4.72000000	-0.67674762	-3783.54490157	801.45511736	0.13171979
4.73000000	-0.67543152	-3791.55945413	801.45539590	0.13151219
4.74000000	-0.67411715	-3799.57400948	801.45567349	0.13137374
4.75000000	-0.67280382	-3807.58856760	801.45595027	0.13130283
4.76000000	-0.67149087	-3815.60312848	801.45622639	0.13129793
4.77000000	-0.67017765	-3823.61769213	801.45650199	0.13135754
4.78000000	-0.66886351	-3831.63225852	801.45677720	0.13148024
4.79000000	-0.66754784	-3839.64682767	801.45705216	0.13166465
4.80000000	-0.66623002	-3847.66139957	801.45732699	0.13190944
4.81000000	-0.66490945	-3855.67597421	801.45760182	0.13221334
4.82000000	-0.66358556	-3863.69055160	801.45787677	0.13257511
4.83000000	-0.66225776	-3871.70513175	801.45815196	0.13299356
4.84000000	-0.66092550	-3879.71971464	801.45842751	0.13346753
4.85000000	-0.65958823	-3887.73430030	801.45870352	0.13399593
4.86000000	-0.65824540	-3895.74888872	801.45898010	0.13457767
4.87000000	-0.65689650	-3903.76347990	801.45925737	0.13521171
4.88000000	-0.65554100	-3911.77807387	801.45953542	0.13589705
4.89000000	-0.65417839	-3919.79267061	801.45981436	0.13663270
4.90000000	-0.65280818	-3927.80727016	801.46009428	0.13741772
4.91000000	-0.65142988	-3935.82187250	801.46037528	0.13825118
4.92000000	-0.65004300	-3943.83647767	801.46065745	0.13913219
4.93000000	-0.64864708	-3951.85108566	801.46094089	0.14005986
4.94000000	-0.64724165	-3959.86569649	801.46122568	0.14103336
4.95000000	-0.64582626	-3967.88031017	801.46151190	0.14205185
4.96000000	-0.64440046	-3975.89492673	801.46179965	0.14311451
4.97000000	-0.64296383	-3983.90954617	801.46208900	0.14422055
4.98000000	-0.64151591	-3991.92416852	801.46238004	0.14536919
4.99000000	-0.64005630	-3999.93879378	801.46267284	0.14655967
5.00000000	-0.63858458	-4007.95342198	801.46296748	0.14779124
5.01000000	-0.63710034	-4015.96805314	801.46326403	0.14906316
5.02000000	-0.63560319	-4023.98268727	801.46356257	0.15037469
5.03000000	-0.63409272	-4031.99732439	801.46386316	0.15172514
5.04000000	-0.63256856	-4040.01196454	801.46416587	0.15311378
5.05000000	-0.63103032	-4048.02660772	801.46447077	0.15453991
5.06000000	-0.62947764	-4056.04125396	801.46477793	0.15600285
5.07000000	-0.62791014	-4064.05590328	801.46508740	0.15750190
5.08000000	-0.62632748	-4072.07055572	801.46539926	0.15903639
5.09000000	-0.62472930	-4080.08521128	801.46571355	0.16060564
5.10000000	-0.62311525	-4088.09986999	801.46603034	0.16220896
5.11000000	-0.62148501	-4096.11453189	801.46634968	0.16384570
5.12000000	-0.61983823	-4104.12919700	801.46667163	0.16551517
5.13000000	-0.61817460	-4112.14386533	801.46699625	0.16721671
5.14000000	-0.61649379	-4120.15853693	801.46732357	0.16894966
5.15000000	-0.61479550	-4128.17321181	801.46765365	0.17071333
5.16000000	-0.61307942	-4136.18789001	801.46798655	0.17250706
5.17000000	-0.61134526	-4144.20257156	801.46832230	0.17433017
5.18000000	-0.60959272	-4152.21725647	801.46866095	0.17618200
5.19000000	-0.60782153	-4160.23194478	801.46900255	0.17806186
5.20000000	-0.60603140	-4168.24663653	801.46934714	0.17996907
5.21000000	-0.60422206	-4176.26133174	801.46969476	0.18190295
5.22000000	-0.60239325	-4184.27603044	801.47004544	0.18386281
5.23000000	-0.60054472	-4192.29073266	801.47039922	0.18584796
5.24000000	-0.59867621	-4200.30543843	801.47075615	0.18785769
5.25000000	-0.59678748	-4208.32014779	801.47111625	0.18989130
5.26000000	-0.59487831	-4216.33486077	801.47147956	0.19194808
5.27000000	-0.59294845	-4224.34957739	801.47184610	0.19402731
5.28000000	-0.59099769	-4232.36429770	801.47221591	0.19612828
5.29000000	-0.58902581	-4240.37902172	801.47258902	0.19825024
5.30000000	-0.58703262	-4248.39374949	801.47296545	0.20039248
5.31000000	-0.58501790	-4256.40848104	801.47334522	0.20255423
5.32000000	-0.58298147	-4264.42321641	801.47372837	0.20473476
5.33000000	-0.58092314	-4272.43795562	801.47411491	0.20693330
5.34000000	-0.57884274	-4280.45269872	801.47450486	0.20914908
5.35000000	-0.57674011	-4288.46744573	801.47489825	0.21138134
5.36000000	-0.57461507	-4296.48219669	801.47529508	0.21362930
5.37000000	-0.57246747	-4304.49695164	801.47569538	0.21589216
5.38000000	-0.57029718	-4312.51171061	801.47609915	0.21816912
5.39000000	-0.56810404	-4320.52647364	801.47650642	0.22045939
5.40000000	-0.56588795	-4328.54124075	801.47691719	0.22276215
5.41000000	-0.56364876	-4336.55601199	801.47733147	0.22507659
5.42000000	-0.56138638	-4344.57078739	801.47774926	0.22740187
5.43000000	-0.55910069	-4352.58556699	801.47817059	0.22973716
5.44000000	-0.55679160	-4360.60035082	801.47859544	0.23208162
5.45000000	-0.55445903	-4368.61513891	801.47902383	0.23443441
5.46000000	-0.55210289	-4376.62993130	801.47945575	0.23679466
5.47000000	-0.54972312	-4384.64472804	801.47989121	0.23916151
5.48000000	-0.54731964	-4392.65952914	801.48033020	0.24153410
5.49000000	-0.54489242	-4400.67433465	801.48077272	0.24391155
5.50000000	-0.54244140	-4408.68914461	801.48121877	0.24629297
5.51000000	-0.53996655	-4416.70395904	801.48166833	0.24867749
5.52000000	-0.53746784	-4424.71877798	801.48212140	0.25106421
5.53000000	-0.53494526	-4432.73360148	801.48257798	0.25345224
5.54000000	-0.53239879	-4440.74842956	801.48303804	0.25584066
5.55000000	-0.52982845	-4448.76326225	801.48350159	0.25822859
5.56000000	-0.52723423	-4456.77809960	801.48396859	0.26061510
5.57000000	-0.52461615	-4464.79294163	801.48443905	0.26299929
5.58000000	-0.52197425	-4472.80778839	801.48491293	0.26538023
5.59000000	-0.51930856	-4480.82263990	801.48539022	0.26775702
5.60000000	-0.51661913	-4488.83749621	801.48587091	0.27012873
5.61000000	-0.51390601	-4496.85235733	801.48635496	0.27249444
5.62000000	-0.51116926	-4504.86722332	801.48684236	0.27485322
5.63000000	-0.50840897	-4512.88209419	801.48733308	0.27720416
5.64000000	-0.50562521	-4520.89696999	801.48782709	0.27954633
5.65000000	-0.50281807	-4528.91185074	801.48832437	0.28187880
5.66000000	-0.49998767	-4536.92673649	801.48882488	0.28420066
5.67000000	-0.49713410	-4544.94162725	801.48932860	0.28651099
5.68000000	-0.49425749	-4552.95652307	801.48983549	0.28880886
5.69000000	-0.49135797	-4560.97142397	801.49034552	0.29109336
5.70000000	-0.48843567	-4568.98632999	801.49085865	0.29336358
5.71000000	-0.48549075	-4577.00124116	801.49137485	0.29561862
5.72000000	-0.48252335	-4585.01615750	801.49189408	0.29785757
5.73000000	-0.47953365	-4593.03107905	801.49241630	0.30007953
5.74000000	-0.47652182	-4601.04600583	801.49294147	0.30228361
5.75000000	-0.47348804	-4609.06093789	801.49346954	0.30446893
5.76000000	-0.47043251	-4617.07587524	801.49400047	0.30663461
5.77000000	-0.46735542	-4625.09081791	801.49453423	0.30877977
5.78000000	-0.46425698	-4633.10576593	801.49507075	0.31090356
5.79000000	-0.46113742	-4641.12071933	801.49561000	0.31300513
5.80000000	-0.45799696	-4649.13567814	801.49615193	0.31508362
5.81000000	-0.45483583	-4657.15064238	801.49669648	0.31713821
5.82000000	-0.45165428	-4665.16561208	801.49724361	0.31916807
5.83000000	-0.44845255	-4673.18058726	801.49779326	0.32117240
5.84000000	-0.44523092	-4681.19556795	801.49834538	0.32315040
5.85000000	-0.44198963	-4689.21055417	801.49889992	0.32510127
5.86000000	-0.43872898	-4697.22554596	801.49945682	0.32702426
5.87000000	-0.43544924	-4705.24054332	801.50001603	0.32891859
5.88000000	-0.43215071	-4713.25554628	801.50057748	0.33078353
5.89000000	-0.42883367	-4721.27055487	801.50114112	0.33261835
5.90000000	-0.42549844	-4729.28556911	801.50170689	0.33442234
5.91000000	-0.42214533	-4737.30058902	801.50227474	0.33619479
5.92000000	-0.41877466	-4745.31561461	801.50284459	0.33793503
5.93000000	-0.41538674	-4753.33064592	801.50341639	0.33964240
5.94000000	-0.41198192	-4761.34568295	801.50399007	0.34131625
5.95000000	-0.40856053	-4769.36072573	801.50456558	0.34295596
5.96000000	-0.40512292	-4777.37577427	801.50514284	0.34456091
5.97000000	-0.40166943	-4785.39082859	801.50572180	0.34613053
5.98000000	-0.39820043	-4793.40588871	801.50630239	0.34766424
5.99000000	-0.39471627	-4801.42095464	801.50688454	0.34916150
6.00000000	-0.39121732	-4809.43602640	801.50746818	0.35062177
6.01000000	-0.38770396	-4817.45110401	801.50805325	0.35204456
6.02000000	-0.38417655	-4825.46618747	801.50863969	0.35342938
6.03000000	-0.38063550	-4833.48127681	801.50922741	0.35477576
6.04000000	-0.37708117	-4841.49637203	801.50981637	0.35608327
6.05000000	-0.37351396	-4849.51147314	801.51040648	0.35735149
6.06000000	-0.36993427	-4857.52658016	801.51099767	0.35858003
6.07000000	-0.36634250	-4865.54169310	801.51158988	0.35976851
6.08000000	-0.36273904	-4873.55681196	801.51218305	0.36091658
6.09000000	-0.35912430	-4881.57193676	801.51277709	0.36202393
6.10000000	-0.35549869	-4889.58706750	801.51337194	0.36309025
6.11000000	-0.35186263	-4897.60220420	801.51396752	0.36411526
6.12000000	-0.34821653	-4905.61734686	801.51456378	0.36509872
6.13000000	-0.34456080	-4913.63249548	801.51516063	0.36604040
6.14000000	-0.34089586	-4921.64765007	801.51575801	0.36694010
6.15000000	-0.33722214	-4929.66281064	801.51635585	0.36779764
6.16000000	-0.33354005	-4937.67797719	801.51695408	0.36861287
6.17000000	-0.32985002	-4945.69314972	801.51755263	0.36938566
6.18000000	-0.32615248	-4953.70832824	801.51815142	0.37011591
6.19000000	-0.32244784	-4961.72351275	801.51875039	0.37080355
6.20000000	-0.31873655	-4969.73870325	801.51934947	0.37144853
6.21000000	-0.31501902	-4977.75389974	801.51994859	0.37205082
6.22000000	-0.31129567	-4985.76910222	801.52054768	0.37261043
6.23000000	-0.30756695	-4993.78431069	801.52114667	0.37312737
6.24000000	-0.30383327	-5001.79952516	801.52174549	0.37360171
6.25000000	-0.30009506	-5009.81474560	801.52234409	0.37403352
6.26000000	-0.29635274	-5017.82997204	801.52294238	0.37442291
6.27000000	-0.29260674	-5025.84520445	801.52354030	0.37477000
6.28000000	-0.28885748	-5033.86044284	801.52413780	0.37507494
6.29000000	-0.28510538	-5041.87568720	801.52473479	0.37533792
6.30000000	-0.28135086	-5049.89093753	801.52533122	0.37555915
6.31000000	-0.27759434	-5057.90619383	801.52592702	0.37573884
6.32000000	-0.27383622	-5065.92145607	801.52652213	0.37587727
6.33000000	-0.27007693	-5073.93672427	801.52711648	0.37597470
6.34000000	-0.26631686	-5081.95199840	801.52771002	0.37603144
6.35000000	-0.26255643	-5089.96727846	801.52830268	0.37604783
6.36000000	-0.25879604	-5097.98256445	801.52889440	0.37602422
6.37000000	-0.25503608	-5105.99785635	801.52948513	0.37596098
6.38000000	-0.25127695	-5114.01315415	801.53007480	0.37585852
6.39000000	-0.24751904	-5122.02845784	801.53066335	0.37571728
6.40000000	-0.24376273	-5130.04376741	801.53125073	0.37553769
6.41000000	-0.24000841	-5138.05908285	801.53183689	0.37532025
6.42000000	-0.23625645	-5146.07440415	801.53242176	0.37506544
6.43000000	-0.23250723	-5154.08973128	801.53300530	0.37477380
6.44000000	-0.22876110	-5162.10506425	801.53358745	0.37444587
6.45000000	-0.22501843	-5170.12040303	801.53416815	0.37408223
6.46000000	-0.22127957	-5178.13574760	801.53474737	0.37368347
6.47000000	-0.21754487	-5186.15109797	801.53532505	0.37325021
6.48000000	-0.21381468	-5194.16645410	801.53590115	0.37278309
6.49000000	-0.21008932	-5202.18181599	801.53647560	0.37228279
6.50000000	-0.20636913	-5210.19718361	801.53704838	0.37174999
6.51000000	-0.20265443	-5218.21255695	801.53761943	0.37118540
6.52000000	-0.19894553	-5226.22793599	801.53818872	0.37058976
6.53000000	-0.19524273	-5234.24332072	801.53875620	0.36996384
6.54000000	-0.19154635	-5242.25871111	801.53932183	0.36930842
6.55000000	-0.18785666	-5250.27410715	801.53988557	0.36862431
6.56000000	-0.18417395	-5258.28950881	801.54044739	0.36791233
6.57000000	-0.18049850	-5266.30491609	801.54100724	0.36717335
6.58000000	-0.17683057	-5274.32032895	801.54156510	0.36640825
6.59000000	-0.17317042	-5282.33574738	801.54212093	0.36561792
6.60000000	-0.16951830	-5290.35117136	801.54267471	0.36480331
6.61000000	-0.16587443	-5298.36660087	801.54322639	0.36396536
6.62000000	-0.16223906	-5306.38203588	801.54377595	0.36310505
6.63000000	-0.15861240	-5314.39747638	801.54432338	0.36222338
6.64000000	-0.15499466	-5322.41292234	801.54486863	0.36132139
6.65000000	-0.15138604	-5330.42837375	801.54541169	0.36040013
6.66000000	-0.14778672	-5338.44383057	801.54595253	0.35946069
6.67000000	-0.14419688	-5346.45929279	801.54649114	0.35850417
6.68000000	-0.14061669	-5354.47476039	801.54702750	0.35753171
6.69000000	-0.13704630	-5362.49023333	801.54756159	0.35654448
6.70000000	-0.13348585	-5370.50571161	801.54809340	0.35554366
6.71000000	-0.12993547	-5378.52119519	801.54862291	0.35453049
6.72000000	-0.12639528	-5386.53668406	801.54915012	0.35350621
6.73000000	-0.12286538	-5394.55217819	801.54967501	0.35247211
6.74000000	-0.11934586	-5402.56767755	801.55019758	0.35142951
6.75000000	-0.11583681	-5410.58318213	801.55071783	0.35037976
6.76000000	-0.11233829	-5418.59869190	801.55123574	0.34932423
6.77000000	-0.10885034	-5426.61420684	801.55175133	0.34826434
6.78000000	-0.10537301	-5434.62972692	801.55226459	0.34720155
6.79000000	-0.10190631	-5442.64525212	801.55277552	0.34613734
6.80000000	-0.09845026	-5450.66078242	801.55328414	0.34507325
6.81000000	-0.09500484	-5458.67631780	801.55379045	0.34401083
6.82000000	-0.09157003	-5466.69185822	801.55429446	0.34295169
6.83000000	-0.08814579	-5474.70740368	801.55479618	0.34189748
6.84000000	-0.08473206	-5482.72295414	801.55529563	0.34084990
6.85000000	-0.08132877	-5490.73850958	801.55579282	0.33981068
6.86000000	-0.07793581	-5498.75406999	801.55628778	0.33878160
6.87000000	-0.07455309	-5506.76963533	801.55678053	0.33776449
6.88000000	-0.07118048	-5514.78520559	801.55727109	0.33676124
6.89000000	-0.06781782	-5522.80078075	801.55775950	0.33577377
6.90000000	-0.06446494	-5530.81636078	801.55824577	0.33480407
6.91000000	-0.06112167	-5538.83194566	801.55872995	0.33385420
6.92000000	-0.05778779	-5546.84753537	801.55921208	0.33292624
6.93000000	-0.05446306	-5554.86312989	801.55969218	0.33202235
6.94000000	-0.05114725	-5562.87872920	801.56017031	0.33114477
6.95000000	-0.04784007	-5570.89433329	801.56064651	0.33029577
6.96000000	-0.04454123	-5578.90994213	801.56112082	0.32947771
6.97000000	-0.04125041	-5586.92555570	801.56159330	0.32869302
6.98000000	-0.03796725	-5594.94117399	801.56206400	0.32794419
6.99000000	-0.03469140	-5602.95679697	801.56253299	0.32723380
7.00000000	-0.03142244	-5610.97242464	801.56300031	0.32656449
7.01000000	-0.02815996	-5618.98805698	801.56346605	0.32593899
7.02000000	-0.02490351	-5627.00369396	801.56393026	0.32536013
7.03000000	-0.02165259	-5635.01933558	801.56439303	0.32483079
7.04000000	-0.01840671	-5643.03498181	801.56485442	0.32435399
7.05000000	-0.01516533	-5651.05063266	801.56531452	0.32393279
7.06000000	-0.01192786	-5659.06628810	801.56577340	0.32357039
7.07000000	-0.00869371	-5667.08194812	801.56623118	0.32327006
7.08000000	-0.00546224	-5675.09761272	801.56668792	0.32303520
7.09000000	-0.00223278	-5683.11328188	801.56714374	0.32286931
7.10000000	0.00099538	-5691.12895559	801.56759873	0.32277599
7.11000000	0.00422299	-5699.14463385	801.56805300	0.32275898
7.12000000	0.00745083	-5707.16031665	801.56850667	0.32282210
7.13000000	0.01067972	-5715.17600398	801.56895985	0.32296934
7.14000000	0.01391051	-5723.19169585	801.56941266	0.32320479
7.15000000	0.01714412	-5731.20739224	801.56986522	0.32353269
7.16000000	0.02038149	-5739.22309315	801.57031769	0.32395739
7.17000000	0.02362361	-5747.23879859	801.57077018	0.32448342
7.18000000	0.02687151	-5755.25450856	801.57122285	0.32511543
7.19000000	0.03012628	-5763.27022305	801.57167585	0.32585823
7.20000000	0.03338906	-5771.28594207	801.57212932	0.32671678
7.21000000	0.03666102	-5779.30166564	801.57258345	0.32769621
7.22000000	0.03994341	-5787.31739375	801.57303839	0.32880181
7.23000000	0.04323750	-5795.33312641	801.57349432	0.33003905
7.24000000	0.04654464	-5803.34886364	801.57395142	0.33141355
7.25000000	0.04986625	-5811.36460544	801.57440989	0.33293115
7.26000000	0.05320376	-5819.38035184	801.57486992	0.33459785
7.27000000	0.05655872	-5827.39610285	801.57533171	0.33641985
7.28000000	0.05993270	-5835.41185848	801.57579549	0.33840354
7.29000000	0.06332735	-5843.42761876	801.57626147	0.34055552
7.30000000	0.06674439	-5851.44338372	801.57672988	0.34288258
7.31000000	0.07018561	-5859.45915337	801.57720095	0.34539176
7.32000000	0.07365286	-5867.47492775	801.57767495	0.34809028
7.33000000	0.07714807	-5875.49070688	801.57815211	0.35098560
7.34000000	0.08067325	-5883.50649080	801.57863270	0.35408539
7.35000000	0.08423049	-5891.52227954	801.57911701	0.35739759
7.36000000	0.08782194	-5899.53807315	801.57960531	0.36093033
7.37000000	0.09144986	-5907.55387167	801.58009790	0.36469202
7.38000000	0.09511657	-5915.56967513	801.58059508	0.36869130
7.39000000	0.09882451	-5923.58548358	801.58109717	0.37293706
7.40000000	0.10257617	-5931.60129709	801.58160449	0.37743844
7.41000000	0.10637416	-5939.61711569	801.58211739	0.38220486
7.42000000	0.11022118	-5947.63293945	801.58263620	0.38724598
7.43000000	0.11412003	-5955.64876844	801.58316130	0.39257172
7.44000000	0.11807360	-5963.66460270	801.58369305	0.39819230
7.45000000	0.12208489	-5971.68044232	801.58423184	0.40411819
7.46000000	0.12615701	-5979.69628736	801.58477807	0.41036012
7.47000000	0.13029318	-5987.71213791	801.58533214	0.41692912
7.48000000	0.13449672	-5995.72799403	801.58589449	0.42383648
7.49000000	0.13877108	-6003.74385583	801.58646554	0.43109377
7.50000000	0.14311981	-6011.75972338	801.58704576	0.43871282
7.51000000	0.14754658	-6019.77559677	801.58763560	0.44670576
7.52000000	0.15205521	-6027.79147612	801.58823555	0.45508497
7.53000000	0.15664961	-6035.80736152	801.58884610	0.46386311
7.54000000	0.16133384	-6043.82325308	801.58946776	0.47305310
7.55000000	0.16611209	-6051.83915091	801.59010106	0.48266812
7.56000000	0.17098867	-6059.85505514	801.59074654	0.49272161
7.57000000	0.17596803	-6067.87096589	801.59140474	0.50322725
7.58000000	0.18105477	-6075.88688328	801.59207626	0.51419897
7.59000000	0.18625361	-6083.90280746	801.59276167	0.52565091
7.60000000	0.19156943	-6091.91873856	801.59346158	0.53759746
7.61000000	0.19700726	-6099.93467674	801.59417661	0.55005318
7.62000000	0.20257224	-6107.95062215	801.59490740	0.56303286
7.63000000	0.20826971	-6115.96657494	801.59565461	0.57655142
7.64000000	0.21410512	-6123.98253530	801.59641890	0.59062399
7.65000000	0.22008409	-6131.99850338	801.59720098	0.60526580
7.66000000	0.22621238	-6140.01447938	801.59800154	0.62049222
7.67000000	0.23249593	-6148.03046348	801.59882130	0.63631869
7.68000000	0.23894081	-6156.04645587	801.59966103	0.65276073
7.69000000	0.24555325	-6164.06245677	801.60052146	0.66983391
7.70000000	0.25233964	-6172.07846637	801.60140338	0.68755379
7.71000000	0.25930653	-6180.09448491	801.60230758	0.70593590
7.72000000	0.26646062	-6188.11051260	801.60323487	0.72499572
7.73000000	0.27380876	-6196.12654968	801.60418609	0.74474863
7.74000000	0.28135795	-6204.14259640	801.60516206	0.76520984
7.75000000	0.28911537	-6212.15865301	801.60616366	0.78639440
7.76000000	0.29708830	-6220.17471977	801.60719176	0.80831710
7.77000000	0.30528422	-6228.19079694	801.60824725	0.83099245
7.78000000	0.31371071	-6236.20688481	801.60933104	0.85443462
7.79000000	0.32237551	-6244.22298366	801.61044405	0.87865736
7.80000000	0.33128650	-6252.23909379	801.61158722	0.90367396
7.81000000	0.34045168	-6260.25521550	801.61276148	0.92949720
7.82000000	0.34987917	-6268.27134912	801.61396781	0.95613924
7.83000000	0.35957723	-6276.28749497	801.61520718	0.98361157
7.84000000	0.36955421	-6284.30365338	801.61648056	1.01192495
7.85000000	0.37981857	-6292.31982470	801.61778895	1.04108928
7.86000000	0.39037886	-6300.33600928	801.61913335	1.07111360
7.87000000	0.40124373	-6308.35220749	801.62051477	1.10200591
7.88000000	0.41242190	-6316.36841970	801.62193421	1.13377317
7.89000000	0.42392213	-6324.38464630	801.62339270	1.16642113
7.90000000	0.43575327	-6332.40088769	801.62489126	1.19995430
7.91000000	0.44792418	-6340.41714427	801.62643090	1.23437580
7.92000000	0.46044375	-6348.43341645	801.62801265	1.26968731
7.93000000	0.47332089	-6356.44970466	801.62963752	1.30588892
7.94000000	0.48656449	-6364.46600935	801.63130653	1.34297906
7.95000000	0.50018342	-6372.48233094	801.63302068	1.38095440
7.96000000	0.51418651	-6380.49866991	801.63478096	1.41980970
7.97000000	0.52858253	-6388.51502672	801.63658836	1.45953776
7.98000000	0.54338015	-6396.53140184	801.63844386	1.50012928
7.99000000	0.55858795	-6404.54779576	801.64034840	1.54157277
8.00000000	0.57421440	-6412.56420897	801.64230292	1.58385442
