T	Ut	Ft	St	Ct
0.0100	-1.8750	-5.5699	369.4892	0.0000
0.0200	-1.8750	-9.2648	369.4892	0.0000
0.0300	-1.8750	-12.9597	369.4892	0.0000
0.0400	-1.8750	-16.6546	369.4892	0.0000
0.0500	-1.8750	-20.3495	369.4892	0.0000
0.0600	-1.8750	-24.0444	369.4892	0.0000
0.0700	-1.8750	-27.7392	369.4892	0.0000
0.0800	-1.8750	-31.4341	369.4892	0.0000
0.0900	-1.8750	-35.1290	369.4892	0.0000
0.1000	-1.8750	-38.8239	369.4892	0.0000
0.1100	-1.8750	-42.5188	369.4892	-0.0000
0.1200	-1.8750	-46.2137	369.4892	0.0000
0.1300	-1.8750	-49.9086	369.4892	-0.0000
0.1400	-1.8750	-53.6035	369.4892	0.0000
0.1500	-1.8750	-57.2984	369.4892	0.0000
0.1600	-1.8750	-60.9933	369.4892	0.0000
0.1700	-1.8750	-64.6882	369.4892	0.0000
0.1800	-1.8750	-68.3831	369.4892	0.0000
0.1900	-1.8750	-72.0779	369.4892	0.0000
0.2000	-1.8750	-75.7728	369.4892	0.0000
0.2100	-1.8750	-79.4677	369.4892	0.0000
0.2200	-1.8750	-83.1626	369.4892	0.0000
0.2300	-1.8750	-86.8575	369.4892	0.0000
0.2400	-1.8750	-90.5524	369.4892	0.0000
0.2500	-1.8750	-94.2473	369.4892	0.0000
0.2600	-1.8750	-97.9422	369.4892	0.0000
0.2700	-1.8750	-101.6371	369.4892	0.0000
0.2800	-1.8750	-105.3320	369.4892	0.0000
0.2900	-1.8750	-109.0269	369.4892	0.0000
0.3000	-1.8750	-112.7218	369.4892	0.0000
0.3100	-1.8750	-116.4167	369.4892	0.0000
0.3200	-1.8750	-120.1115	369.4892	0.0000
0.3300	-1.8750	-123.8064	369.4892	0.0000
0.3400	-1.8750	-127.5013	369.4892	0.0000
0.3500	-1.8750	-131.1962	369.4892	0.0000
0.3600	-1.8750	-134.8911	369.4892	0.0001
0.3700	-1.8750	-138.5860	369.4892	0.0001
0.3800	-1.8750	-142.2809	369.4892	0.0001
0.3900	-1.8750	-145.9758	369.4892	0.0001
0.4000	-1.8750	-149.6707	369.4892	0.0001
0.4100	-1.8750	-153.3656	369.4892	0.0002
0.4200	-1.8750	-157.0605	369.4892	0.0002
0.4300	-1.8750	-160.7554	369.4892	0.0003
0.4400	-1.8750	-164.4503	369.4892	0.0003
0.4500	-1.8750	-168.1451	369.4893	0.0003
0.4600	-1.8750	-171.8400	369.4893	0.0004
0.4700	-1.8750	-175.5349	369.4893	0.0005
0.4800	-1.8750	-179.2298	369.4893	0.0005
0.4900	-1.8750	-182.9247	369.4893	0.0006
0.5000	-1.8750	-186.6196	369.4893	0.0007
0.5100	-1.8749	-190.3145	369.4893	0.0008
0.5200	-1.8749	-194.0094	369.4893	0.0009
0.5300	-1.8749	-197.7043	369.4894	0.0010
0.5400	-1.8749	-201.3992	369.4894	0.0011
0.5500	-1.8749	-205.0941	369.4894	0.0012
0.5600	-1.8749	-208.7890	369.4894	0.0014
0.5700	-1.8749	-212.4839	369.4894	0.0015
0.5800	-1.8749	-216.1788	369.4895	0.0016
0.5900	-1.8748	-219.8737	369.4895	0.0018
0.6000	-1.8748	-223.5686	369.4895	0.0020
0.6100	-1.8748	-227.2634	369.4896	0.0021
0.6200	-1.8748	-230.9583	369.4896	0.0023
0.6300	-1.8748	-234.6532	369.4896	0.0025
0.6400	-1.8747	-238.3481	369.4897	0.0027
0.6500	-1.8747	-242.0430	369.4897	0.0030
0.6600	-1.8747	-245.7379	369.4898	0.0032
0.6700	-1.8746	-249.4328	369.4898	0.0034
0.6800	-1.8746	-253.1277	369.4899	0.0037
0.6900	-1.8746	-256.8226	369.4899	0.0040
0.7000	-1.8745	-260.5175	369.4900	0.0042
0.7100	-1.8745	-264.2124	369.4901	0.0045
0.7200	-1.8744	-267.9073	369.4901	0.0049
0.7300	-1.8744	-271.6022	369.4902	0.0052
0.7400	-1.8743	-275.2971	369.4903	0.0055
0.7500	-1.8743	-278.9920	369.4903	0.0059
0.7600	-1.8742	-282.6869	369.4904	0.0063
0.7700	-1.8742	-286.3818	369.4905	0.0067
0.7800	-1.8741	-290.0767	369.4906	0.0071
0.7900	-1.8740	-293.7717	369.4907	0.0076
0.8000	-1.8739	-297.4666	369.4908	0.0080
0.8100	-1.8738	-301.1615	369.4909	0.0085
0.8200	-1.8738	-304.8564	369.4910	0.0090
0.8300	-1.8737	-308.5513	369.4911	0.0095
0.8400	-1.8736	-312.2462	369.4912	0.0101
0.8500	-1.8735	-315.9411	369.4913	0.0107
0.8600	-1.8734	-319.6360	369.4915	0.0113
0.8700	-1.8732	-323.3309	369.4916	0.0119
0.8800	-1.8731	-327.0259	369.4918	0.0126
0.8900	-1.8730	-330.7208	369.4919	0.0132
0.9000	-1.8729	-334.4157	369.4920	0.0139
0.9100	-1.8727	-338.1106	369.4922	0.0147
0.9200	-1.8726	-341.8055	369.4924	0.0155
0.9300	-1.8724	-345.5005	369.4925	0.0162
0.9400	-1.8722	-349.1954	369.4927	0.0171
0.9500	-1.8721	-352.8903	369.4929	0.0179
0.9600	-1.8719	-356.5852	369.4931	0.0188
0.9700	-1.8717	-360.2802	369.4933	0.0197
0.9800	-1.8715	-363.9751	369.4935	0.0207
0.9900	-1.8713	-367.6701	369.4937	0.0217
1.0000	-1.8710	-371.3650	369.4939	0.0227
1.0100	-1.8708	-375.0599	369.4942	0.0238
1.0200	-1.8706	-378.7549	369.4944	0.0249
1.0300	-1.8703	-382.4498	369.4947	0.0260
1.0400	-1.8701	-386.1448	369.4949	0.0271
1.0500	-1.8698	-389.8397	369.4952	0.0284
1.0600	-1.8695	-393.5347	369.4955	0.0296
1.0700	-1.8692	-397.2296	369.4957	0.0309
1.0800	-1.8689	-400.9246	369.4960	0.0322
1.0900	-1.8685	-404.6195	369.4963	0.0336
1.1000	-1.8682	-408.3145	369.4967	0.0350
1.1100	-1.8678	-412.0095	369.4970	0.0364
1.1200	-1.8675	-415.7045	369.4973	0.0379
1.1300	-1.8671	-419.3994	369.4977	0.0395
1.1400	-1.8667	-423.0944	369.4980	0.0410
1.1500	-1.8663	-426.7894	369.4984	0.0427
1.1600	-1.8658	-430.4844	369.4987	0.0443
1.1700	-1.8654	-434.1794	369.4991	0.0461
1.1800	-1.8649	-437.8744	369.4995	0.0478
1.1900	-1.8644	-441.5694	369.4999	0.0497
1.2000	-1.8639	-445.2644	369.5004	0.0515
1.2100	-1.8634	-448.9594	369.5008	0.0535
1.2200	-1.8628	-452.6544	369.5013	0.0555
1.2300	-1.8623	-456.3494	369.5017	0.0575
1.2400	-1.8617	-460.0444	369.5022	0.0596
1.2500	-1.8611	-463.7394	369.5027	0.0618
1.2600	-1.8605	-467.4345	369.5032	0.0640
1.2700	-1.8598	-471.1295	369.5037	0.0663
1.2800	-1.8591	-474.8245	369.5042	0.0686
1.2900	-1.8584	-478.5196	369.5048	0.0710
1.3000	-1.8577	-482.2146	369.5053	0.0735
1.3100	-1.8570	-485.9097	369.5059	0.0761
1.3200	-1.8562	-489.6047	369.5065	0.0788
1.3300	-1.8554	-493.2998	369.5071	0.0815
1.3400	-1.8546	-496.9949	369.5077	0.0843
1.3500	-1.8537	-500.6900	369.5083	0.0872
1.3600	-1.8528	-504.3851	369.5090	0.0902
1.3700	-1.8519	-508.0801	369.5097	0.0934
1.3800	-1.8509	-511.7752	369.5104	0.0966
1.3900	-1.8500	-515.4704	369.5111	0.0999
1.4000	-1.8489	-519.1655	369.5118	0.1034
1.4100	-1.8479	-522.8606	369.5126	0.1069
1.4200	-1.8468	-526.5557	369.5133	0.1107
1.4300	-1.8457	-530.2509	369.5141	0.1145
1.4400	-1.8445	-533.9460	369.5149	0.1185
1.4500	-1.8433	-537.6412	369.5158	0.1227
1.4600	-1.8421	-541.3363	369.5166	0.1271
1.4700	-1.8408	-545.0315	369.5175	0.1316
1.4800	-1.8394	-548.7267	369.5184	0.1364
1.4900	-1.8380	-552.4219	369.5193	0.1413
1.5000	-1.8366	-556.1171	369.5203	0.1465
1.5100	-1.8351	-559.8123	369.5213	0.1519
1.5200	-1.8336	-563.5075	369.5223	0.1576
1.5300	-1.8320	-567.2027	369.5234	0.1635
1.5400	-1.8303	-570.8979	369.5245	0.1697
1.5500	-1.8286	-574.5932	369.5256	0.1763
1.5600	-1.8268	-578.2885	369.5267	0.1831
1.5700	-1.8249	-581.9837	369.5279	0.1903
1.5800	-1.8230	-585.6790	369.5292	0.1979
1.5900	-1.8209	-589.3743	369.5304	0.2059
1.6000	-1.8188	-593.0696	369.5317	0.2143
1.6100	-1.8166	-596.7650	369.5331	0.2231
1.6200	-1.8144	-600.4603	369.5345	0.2323
1.6300	-1.8120	-604.1556	369.5360	0.2421
1.6400	-1.8095	-607.8510	369.5375	0.2523
1.6500	-1.8070	-611.5464	369.5391	0.2631
1.6600	-1.8043	-615.2418	369.5407	0.2744
1.6700	-1.8015	-618.9372	369.5424	0.2863
1.6800	-1.7985	-622.6326	369.5441	0.2988
1.6900	-1.7955	-626.3281	369.5459	0.3119
1.7000	-1.7923	-630.0236	369.5478	0.3257
1.7100	-1.7890	-633.7190	369.5498	0.3401
1.7200	-1.7855	-637.4146	369.5518	0.3552
1.7300	-1.7819	-641.1101	369.5539	0.3709
1.7400	-1.7781	-644.8056	369.5561	0.3874
1.7500	-1.7741	-648.5012	369.5583	0.4045
1.7600	-1.7700	-652.1968	369.5607	0.4224
1.7700	-1.7657	-655.8924	369.5631	0.4410
1.7800	-1.7612	-659.5881	369.5657	0.4602
1.7900	-1.7565	-663.2837	369.5683	0.4802
1.8000	-1.7515	-666.9794	369.5710	0.5008
1.8100	-1.7464	-670.6752	369.5739	0.5221
1.8200	-1.7411	-674.3709	369.5768	0.5440
1.8300	-1.7356	-678.0667	369.5799	0.5665
1.8400	-1.7298	-681.7625	369.5830	0.5895
1.8500	-1.7238	-685.4583	369.5863	0.6130
1.8600	-1.7175	-689.1542	369.5896	0.6369
1.8700	-1.7110	-692.8501	369.5931	0.6612
1.8800	-1.7043	-696.5461	369.5967	0.6858
1.8900	-1.6973	-700.2421	369.6004	0.7106
1.9000	-1.6901	-703.9381	369.6042	0.7355
1.9100	-1.6826	-707.6342	369.6081	0.7604
1.9200	-1.6749	-711.3303	369.6122	0.7853
1.9300	-1.6669	-715.0264	369.6163	0.8099
1.9400	-1.6587	-718.7226	369.6206	0.8343
1.9500	-1.6502	-722.4188	369.6249	0.8583
1.9600	-1.6415	-726.1151	369.6294	0.8818
1.9700	-1.6326	-729.8114	369.6339	0.9047
1.9800	-1.6234	-733.5078	369.6386	0.9268
1.9900	-1.6140	-737.2042	369.6433	0.9481
2.0000	-1.6045	-740.9006	369.6481	0.9685
2.0100	-1.5947	-744.5971	369.6530	0.9878
2.0200	-1.5847	-748.2937	369.6579	1.0060
2.0300	-1.5746	-751.9903	369.6629	1.0230
2.0400	-1.5642	-755.6870	369.6680	1.0387
2.0500	-1.5538	-759.3837	369.6731	1.0531
2.0600	-1.5432	-763.0804	369.6783	1.0661
2.0700	-1.5325	-766.7772	369.6835	1.0776
2.0800	-1.5216	-770.4741	369.6887	1.0877
2.0900	-1.5107	-774.1710	369.6939	1.0963
2.1000	-1.4997	-777.8680	369.6992	1.1034
2.1100	-1.4887	-781.5650	369.7044	1.1090
2.1200	-1.4775	-785.2620	369.7097	1.1132
2.1300	-1.4664	-788.9592	369.7149	1.1160
2.1400	-1.4552	-792.6563	369.7201	1.1174
2.1500	-1.4441	-796.3536	369.7254	1.1174
2.1600	-1.4329	-800.0509	369.7305	1.1162
2.1700	-1.4217	-803.7482	369.7357	1.1137
2.1800	-1.4106	-807.4456	369.7408	1.1101
2.1900	-1.3995	-811.1430	369.7459	1.1054
2.2000	-1.3885	-814.8405	369.7509	1.0997
2.2100	-1.3775	-818.5380	369.7559	1.0931
2.2200	-1.3667	-822.2356	369.7608	1.0857
2.2300	-1.3558	-825.9332	369.7656	1.0775
2.2400	-1.3451	-829.6309	369.7705	1.0686
2.2500	-1.3345	-833.3286	369.7752	1.0591
2.2600	-1.3239	-837.0264	369.7799	1.0490
2.2700	-1.3135	-840.7242	369.7845	1.0386
2.2800	-1.3032	-844.4221	369.7890	1.0277
2.2900	-1.2929	-848.1200	369.7935	1.0165
2.3000	-1.2828	-851.8180	369.7979	1.0050
2.3100	-1.2728	-855.5160	369.8022	0.9933
2.3200	-1.2630	-859.2140	369.8065	0.9814
2.3300	-1.2532	-862.9121	369.8107	0.9695
2.3400	-1.2436	-866.6102	369.8148	0.9575
2.3500	-1.2341	-870.3084	369.8189	0.9454
2.3600	-1.2247	-874.0066	369.8229	0.9334
2.3700	-1.2154	-877.7049	369.8268	0.9214
2.3800	-1.2062	-881.4031	369.8306	0.9094
2.3900	-1.1972	-885.1015	369.8344	0.8976
2.4000	-1.1883	-888.7998	369.8381	0.8858
2.4100	-1.1795	-892.4982	369.8418	0.8742
2.4200	-1.1708	-896.1967	369.8454	0.8627
2.4300	-1.1622	-899.8951	369.8489	0.8514
2.4400	-1.1538	-903.5937	369.8524	0.8402
2.4500	-1.1454	-907.2922	369.8558	0.8293
2.4600	-1.1372	-910.9908	369.8592	0.8184
2.4700	-1.1291	-914.6894	369.8625	0.8078
2.4800	-1.1210	-918.3880	369.8657	0.7973
2.4900	-1.1131	-922.0867	369.8689	0.7870
2.5000	-1.1053	-925.7854	369.8720	0.7769
2.5100	-1.0976	-929.4841	369.8751	0.7670
2.5200	-1.0899	-933.1829	369.8782	0.7573
2.5300	-1.0824	-936.8817	369.8811	0.7477
2.5400	-1.0750	-940.5805	369.8841	0.7383
2.5500	-1.0677	-944.2794	369.8869	0.7291
2.5600	-1.0604	-947.9783	369.8898	0.7200
2.5700	-1.0533	-951.6772	369.8926	0.7111
2.5800	-1.0462	-955.3761	369.8953	0.7023
2.5900	-1.0392	-959.0751	369.8980	0.6937
2.6000	-1.0323	-962.7741	369.9007	0.6852
2.6100	-1.0255	-966.4731	369.9033	0.6769
2.6200	-1.0188	-970.1721	369.9059	0.6687
2.6300	-1.0121	-973.8712	369.9084	0.6607
2.6400	-1.0056	-977.5703	369.9109	0.6528
2.6500	-0.9991	-981.2694	369.9133	0.6450
2.6600	-0.9927	-984.9686	369.9158	0.6373
2.6700	-0.9863	-988.6677	369.9181	0.6298
2.6800	-0.9801	-992.3669	369.9205	0.6223
2.6900	-0.9739	-996.0661	369.9228	0.6150
2.7000	-0.9678	-999.7654	369.9250	0.6078
2.7100	-0.9617	-1003.4646	369.9273	0.6007
2.7200	-0.9558	-1007.1639	369.9295	0.5937
2.7300	-0.9498	-1010.8632	369.9316	0.5868
2.7400	-0.9440	-1014.5626	369.9338	0.5800
2.7500	-0.9382	-1018.2619	369.9359	0.5733
2.7600	-0.9325	-1021.9613	369.9379	0.5667
2.7700	-0.9269	-1025.6607	369.9400	0.5601
2.7800	-0.9213	-1029.3601	369.9420	0.5537
2.7900	-0.9158	-1033.0595	369.9440	0.5474
2.8000	-0.9104	-1036.7590	369.9459	0.5411
2.8100	-0.9050	-1040.4584	369.9478	0.5349
2.8200	-0.8997	-1044.1579	369.9497	0.5288
2.8300	-0.8944	-1047.8574	369.9516	0.5228
2.8400	-0.8892	-1051.5570	369.9534	0.5169
2.8500	-0.8841	-1055.2565	369.9552	0.5111
2.8600	-0.8790	-1058.9561	369.9570	0.5053
2.8700	-0.8740	-1062.6556	369.9588	0.4996
2.8800	-0.8690	-1066.3552	369.9605	0.4940
2.8900	-0.8641	-1070.0548	369.9622	0.4885
2.9000	-0.8593	-1073.7545	369.9639	0.4830
2.9100	-0.8545	-1077.4541	369.9655	0.4777
2.9200	-0.8497	-1081.1538	369.9672	0.4724
2.9300	-0.8450	-1084.8535	369.9688	0.4671
2.9400	-0.8404	-1088.5532	369.9703	0.4620
2.9500	-0.8358	-1092.2529	369.9719	0.4569
2.9600	-0.8312	-1095.9526	369.9734	0.4519
2.9700	-0.8267	-1099.6523	369.9750	0.4469
2.9800	-0.8223	-1103.3521	369.9764	0.4420
2.9900	-0.8179	-1107.0519	369.9779	0.4372
3.0000	-0.8135	-1110.7517	369.9794	0.4325
3.0100	-0.8092	-1114.4515	369.9808	0.4278
3.0200	-0.8050	-1118.1513	369.9822	0.4232
3.0300	-0.8008	-1121.8511	369.9836	0.4187
3.0400	-0.7966	-1125.5509	369.9850	0.4142
3.0500	-0.7925	-1129.2508	369.9863	0.4098
3.0600	-0.7884	-1132.9507	369.9877	0.4054
3.0700	-0.7844	-1136.6506	369.9890	0.4012
3.0800	-0.7804	-1140.3504	369.9903	0.3969
3.0900	-0.7764	-1144.0504	369.9916	0.3928
3.1000	-0.7725	-1147.7503	369.9928	0.3887
3.1100	-0.7687	-1151.4502	369.9941	0.3847
3.1200	-0.7648	-1155.1502	369.9953	0.3807
3.1300	-0.7611	-1158.8501	369.9965	0.3768
3.1400	-0.7573	-1162.5501	369.9977	0.3729
3.1500	-0.7536	-1166.2501	369.9989	0.3691
3.1600	-0.7499	-1169.9501	370.0000	0.3654
3.1700	-0.7463	-1173.6501	370.0012	0.3617
3.1800	-0.7427	-1177.3501	370.0023	0.3580
3.1900	-0.7391	-1181.0501	370.0034	0.3545
3.2000	-0.7356	-1184.7502	370.0045	0.3509
3.2100	-0.7321	-1188.4502	370.0056	0.3475
3.2200	-0.7287	-1192.1503	370.0067	0.3440
3.2300	-0.7252	-1195.8503	370.0078	0.3407
3.2400	-0.7218	-1199.5504	370.0088	0.3373
3.2500	-0.7185	-1203.2505	370.0099	0.3341
3.2600	-0.7152	-1206.9506	370.0109	0.3309
3.2700	-0.7119	-1210.6507	370.0119	0.3277
3.2800	-0.7086	-1214.3509	370.0129	0.3246
3.2900	-0.7054	-1218.0510	370.0139	0.3215
3.3000	-0.7022	-1221.7511	370.0148	0.3185
3.3100	-0.6990	-1225.4513	370.0158	0.3155
3.3200	-0.6959	-1229.1515	370.0167	0.3125
3.3300	-0.6928	-1232.8516	370.0177	0.3096
3.3400	-0.6897	-1236.5518	370.0186	0.3068
3.3500	-0.6866	-1240.2520	370.0195	0.3040
3.3600	-0.6836	-1243.9522	370.0204	0.3012
3.3700	-0.6806	-1247.6524	370.0213	0.2985
3.3800	-0.6776	-1251.3526	370.0222	0.2958
3.3900	-0.6747	-1255.0529	370.0231	0.2932
3.4000	-0.6718	-1258.7531	370.0239	0.2906
3.4100	-0.6689	-1262.4533	370.0248	0.2880
3.4200	-0.6660	-1266.1536	370.0256	0.2855
3.4300	-0.6632	-1269.8538	370.0264	0.2830
3.4400	-0.6603	-1273.5541	370.0273	0.2805
3.4500	-0.6575	-1277.2544	370.0281	0.2781
3.4600	-0.6548	-1280.9547	370.0289	0.2757
3.4700	-0.6520	-1284.6550	370.0297	0.2734
3.4800	-0.6493	-1288.3553	370.0304	0.2711
3.4900	-0.6466	-1292.0556	370.0312	0.2688
3.5000	-0.6439	-1295.7559	370.0320	0.2666
3.5100	-0.6413	-1299.4562	370.0327	0.2643
3.5200	-0.6386	-1303.1565	370.0335	0.2622
3.5300	-0.6360	-1306.8569	370.0342	0.2600
3.5400	-0.6334	-1310.5572	370.0350	0.2579
3.5500	-0.6309	-1314.2576	370.0357	0.2558
3.5600	-0.6283	-1317.9579	370.0364	0.2538
3.5700	-0.6258	-1321.6583	370.0371	0.2517
3.5800	-0.6233	-1325.3587	370.0378	0.2497
3.5900	-0.6208	-1329.0591	370.0385	0.2478
3.6000	-0.6183	-1332.7595	370.0392	0.2458
3.6100	-0.6159	-1336.4599	370.0399	0.2439
3.6200	-0.6135	-1340.1603	370.0406	0.2420
3.6300	-0.6110	-1343.8607	370.0412	0.2402
3.6400	-0.6087	-1347.5611	370.0419	0.2383
3.6500	-0.6063	-1351.2615	370.0425	0.2365
3.6600	-0.6039	-1354.9619	370.0432	0.2348
3.6700	-0.6016	-1358.6624	370.0438	0.2330
3.6800	-0.5993	-1362.3628	370.0444	0.2313
3.6900	-0.5970	-1366.0633	370.0451	0.2296
3.7000	-0.5947	-1369.7637	370.0457	0.2279
3.7100	-0.5924	-1373.4642	370.0463	0.2262
3.7200	-0.5901	-1377.1646	370.0469	0.2246
3.7300	-0.5879	-1380.8651	370.0475	0.2230
3.7400	-0.5857	-1384.5656	370.0481	0.2214
3.7500	-0.5835	-1388.2661	370.0487	0.2198
3.7600	-0.5813	-1391.9666	370.0493	0.2182
3.7700	-0.5791	-1395.6671	370.0498	0.2167
3.7800	-0.5770	-1399.3676	370.0504	0.2152
3.7900	-0.5748	-1403.0681	370.0510	0.2137
3.8000	-0.5727	-1406.7686	370.0515	0.2122
3.8100	-0.5706	-1410.4691	370.0521	0.2108
3.8200	-0.5685	-1414.1696	370.0527	0.2094
3.8300	-0.5664	-1417.8701	370.0532	0.2080
3.8400	-0.5643	-1421.5707	370.0537	0.2066
3.8500	-0.5623	-1425.2712	370.0543	0.2052
3.8600	-0.5602	-1428.9718	370.0548	0.2038
3.8700	-0.5582	-1432.6723	370.0553	0.2025
3.8800	-0.5562	-1436.3729	370.0559	0.2012
3.8900	-0.5542	-1440.0734	370.0564	0.1999
3.9000	-0.5522	-1443.7740	370.0569	0.1986
3.9100	-0.5502	-1447.4746	370.0574	0.1973
3.9200	-0.5482	-1451.1751	370.0579	0.1960
3.9300	-0.5463	-1454.8757	370.0584	0.1948
3.9400	-0.5443	-1458.5763	370.0589	0.1936
3.9500	-0.5424	-1462.2769	370.0594	0.1924
3.9600	-0.5405	-1465.9775	370.0599	0.1912
3.9700	-0.5386	-1469.6781	370.0603	0.1900
3.9800	-0.5367	-1473.3787	370.0608	0.1888
3.9900	-0.5348	-1477.0793	370.0613	0.1877
4.0000	-0.5329	-1480.7799	370.0618	0.1865
4.0100	-0.5311	-1484.4806	370.0622	0.1854
4.0200	-0.5292	-1488.1812	370.0627	0.1843
4.0300	-0.5274	-1491.8818	370.0631	0.1832
4.0400	-0.5255	-1495.5824	370.0636	0.1821
4.0500	-0.5237	-1499.2831	370.0640	0.1811
4.0600	-0.5219	-1502.9837	370.0645	0.1800
4.0700	-0.5201	-1506.6844	370.0649	0.1790
4.0800	-0.5183	-1510.3850	370.0654	0.1780
4.0900	-0.5166	-1514.0857	370.0658	0.1769
4.1000	-0.5148	-1517.7863	370.0662	0.1759
4.1100	-0.5130	-1521.4870	370.0667	0.1749
4.1200	-0.5113	-1525.1877	370.0671	0.1740
4.1300	-0.5096	-1528.8883	370.0675	0.1730
4.1400	-0.5078	-1532.5890	370.0679	0.1720
4.1500	-0.5061	-1536.2897	370.0683	0.1711
4.1600	-0.5044	-1539.9904	370.0687	0.1701
4.1700	-0.5027	-1543.6911	370.0691	0.1692
4.1800	-0.5010	-1547.3918	370.0696	0.1683
4.1900	-0.4994	-1551.0925	370.0700	0.1674
4.2000	-0.4977	-1554.7932	370.0704	0.1665
4.2100	-0.4960	-1558.4939	370.0707	0.1656
4.2200	-0.4944	-1562.1946	370.0711	0.1647
4.2300	-0.4927	-1565.8953	370.0715	0.1639
4.2400	-0.4911	-1569.5960	370.0719	0.1630
4.2500	-0.4895	-1573.2967	370.0723	0.1622
4.2600	-0.4879	-1576.9975	370.0727	0.1614
4.2700	-0.4862	-1580.6982	370.0731	0.1605
4.2800	-0.4846	-1584.3989	370.0734	0.1597
4.2900	-0.4831	-1588.0997	370.0738	0.1589
4.3000	-0.4815	-1591.8004	370.0742	0.1581
4.3100	-0.4799	-1595.5011	370.0745	0.1573
4.3200	-0.4783	-1599.2019	370.0749	0.1565
4.3300	-0.4768	-1602.9026	370.0753	0.1558
4.3400	-0.4752	-1606.6034	370.0756	0.1550
4.3500	-0.4737	-1610.3042	370.0760	0.1543
4.3600	-0.4721	-1614.0049	370.0763	0.1535
4.3700	-0.4706	-1617.7057	370.0767	0.1528
4.3800	-0.4691	-1621.4064	370.0770	0.1520
4.3900	-0.4675	-1625.1072	370.0774	0.1513
4.4000	-0.4660	-1628.8080	370.0777	0.1506
4.4100	-0.4645	-1632.5088	370.0781	0.1499
4.4200	-0.4630	-1636.2096	370.0784	0.1492
4.4300	-0.4616	-1639.9103	370.0787	0.1485
4.4400	-0.4601	-1643.6111	370.0791	0.1478
4.4500	-0.4586	-1647.3119	370.0794	0.1471
4.4600	-0.4571	-1651.0127	370.0797	0.1465
4.4700	-0.4557	-1654.7135	370.0801	0.1458
4.4800	-0.4542	-1658.4143	370.0804	0.1452
4.4900	-0.4528	-1662.1151	370.0807	0.1445
4.5000	-0.4513	-1665.8159	370.0810	0.1439
4.5100	-0.4499	-1669.5167	370.0813	0.1432
4.5200	-0.4485	-1673.2176	370.0817	0.1426
4.5300	-0.4470	-1676.9184	370.0820	0.1420
4.5400	-0.4456	-1680.6192	370.0823	0.1414
4.5500	-0.4442	-1684.3200	370.0826	0.1407
4.5600	-0.4428	-1688.0209	370.0829	0.1401
4.5700	-0.4414	-1691.7217	370.0832	0.1395
4.5800	-0.4400	-1695.4225	370.0835	0.1389
4.5900	-0.4386	-1699.1234	370.0838	0.1384
4.6000	-0.4372	-1702.8242	370.0841	0.1378
4.6100	-0.4359	-1706.5250	370.0844	0.1372
4.6200	-0.4345	-1710.2259	370.0847	0.1366
4.6300	-0.4331	-1713.9267	370.0850	0.1361
4.6400	-0.4318	-1717.6276	370.0853	0.1355
4.6500	-0.4304	-1721.3284	370.0856	0.1350
4.6600	-0.4291	-1725.0293	370.0859	0.1344
4.6700	-0.4277	-1728.7302	370.0862	0.1339
4.6800	-0.4264	-1732.4310	370.0865	0.1333
4.6900	-0.4251	-1736.1319	370.0867	0.1328
4.7000	-0.4237	-1739.8328	370.0870	0.1323
4.7100	-0.4224	-1743.5336	370.0873	0.1318
4.7200	-0.4211	-1747.2345	370.0876	0.1313
4.7300	-0.4198	-1750.9354	370.0879	0.1307
4.7400	-0.4185	-1754.6363	370.0881	0.1302
4.7500	-0.4172	-1758.3371	370.0884	0.1297
4.7600	-0.4159	-1762.0380	370.0887	0.1292
4.7700	-0.4146	-1765.7389	370.0890	0.1288
4.7800	-0.4133	-1769.4398	370.0892	0.1283
4.7900	-0.4120	-1773.1407	370.0895	0.1278
4.8000	-0.4108	-1776.8416	370.0898	0.1273
4.8100	-0.4095	-1780.5425	370.0900	0.1268
4.8200	-0.4082	-1784.2434	370.0903	0.1264
4.8300	-0.4070	-1787.9443	370.0905	0.1259
4.8400	-0.4057	-1791.6452	370.0908	0.1255
4.8500	-0.4045	-1795.3461	370.0911	0.1250
4.8600	-0.4032	-1799.0470	370.0913	0.1245
4.8700	-0.4020	-1802.7479	370.0916	0.1241
4.8800	-0.4007	-1806.4489	370.0918	0.1237
4.8900	-0.3995	-1810.1498	370.0921	0.1232
4.9000	-0.3983	-1813.8507	370.0923	0.1228
4.9100	-0.3970	-1817.5516	370.0926	0.1224
4.9200	-0.3958	-1821.2525	370.0928	0.1219
4.9300	-0.3946	-1824.9535	370.0931	0.1215
4.9400	-0.3934	-1828.6544	370.0933	0.1211
4.9500	-0.3922	-1832.3553	370.0936	0.1207
4.9600	-0.3910	-1836.0563	370.0938	0.1203
4.9700	-0.3898	-1839.7572	370.0941	0.1199
4.9800	-0.3886	-1843.4582	370.0943	0.1194
4.9900	-0.3874	-1847.1591	370.0945	0.1190
5.0000	-0.3862	-1850.8601	370.0948	0.1187
5.0100	-0.3850	-1854.5610	370.0950	0.1183
5.0200	-0.3838	-1858.2620	370.0952	0.1179
5.0300	-0.3827	-1861.9629	370.0955	0.1175
5.0400	-0.3815	-1865.6639	370.0957	0.1171
5.0500	-0.3803	-1869.3648	370.0959	0.1167
5.0600	-0.3791	-1873.0658	370.0962	0.1163
5.0700	-0.3780	-1876.7667	370.0964	0.1160
5.0800	-0.3768	-1880.4677	370.0966	0.1156
5.0900	-0.3757	-1884.1687	370.0969	0.1152
5.1000	-0.3745	-1887.8696	370.0971	0.1149
5.1100	-0.3734	-1891.5706	370.0973	0.1145
5.1200	-0.3722	-1895.2716	370.0975	0.1142
5.1300	-0.3711	-1898.9726	370.0978	0.1138
5.1400	-0.3700	-1902.6735	370.0980	0.1134
5.1500	-0.3688	-1906.3745	370.0982	0.1131
5.1600	-0.3677	-1910.0755	370.0984	0.1128
5.1700	-0.3666	-1913.7765	370.0986	0.1124
5.1800	-0.3654	-1917.4775	370.0988	0.1121
5.1900	-0.3643	-1921.1785	370.0991	0.1117
5.2000	-0.3632	-1924.8795	370.0993	0.1114
5.2100	-0.3621	-1928.5805	370.0995	0.1111
5.2200	-0.3610	-1932.2815	370.0997	0.1107
5.2300	-0.3599	-1935.9825	370.0999	0.1104
5.2400	-0.3588	-1939.6835	370.1001	0.1101
5.2500	-0.3577	-1943.3845	370.1003	0.1098
5.2600	-0.3566	-1947.0855	370.1005	0.1094
5.2700	-0.3555	-1950.7865	370.1008	0.1091
5.2800	-0.3544	-1954.4875	370.1010	0.1088
5.2900	-0.3533	-1958.1885	370.1012	0.1085
5.3000	-0.3522	-1961.8895	370.1014	0.1082
5.3100	-0.3512	-1965.5905	370.1016	0.1079
5.3200	-0.3501	-1969.2915	370.1018	0.1076
5.3300	-0.3490	-1972.9925	370.1020	0.1073
5.3400	-0.3479	-1976.6936	370.1022	0.1070
5.3500	-0.3469	-1980.3946	370.1024	0.1067
5.3600	-0.3458	-1984.0956	370.1026	0.1064
5.3700	-0.3447	-1987.7966	370.1028	0.1061
5.3800	-0.3437	-1991.4977	370.1030	0.1058
5.3900	-0.3426	-1995.1987	370.1032	0.1055
5.4000	-0.3416	-1998.8997	370.1034	0.1052
5.4100	-0.3405	-2002.6008	370.1036	0.1050
5.4200	-0.3395	-2006.3018	370.1038	0.1047
5.4300	-0.3384	-2010.0028	370.1039	0.1044
5.4400	-0.3374	-2013.7039	370.1041	0.1041
5.4500	-0.3363	-2017.4049	370.1043	0.1039
5.4600	-0.3353	-2021.1060	370.1045	0.1036
5.4700	-0.3343	-2024.8070	370.1047	0.1033
5.4800	-0.3332	-2028.5081	370.1049	0.1030
5.4900	-0.3322	-2032.2091	370.1051	0.1028
5.5000	-0.3312	-2035.9102	370.1053	0.1025
5.5100	-0.3302	-2039.6112	370.1055	0.1023
5.5200	-0.3291	-2043.3123	370.1056	0.1020
5.5300	-0.3281	-2047.0133	370.1058	0.1017
5.5400	-0.3271	-2050.7144	370.1060	0.1015
5.5500	-0.3261	-2054.4155	370.1062	0.1012
5.5600	-0.3251	-2058.1165	370.1064	0.1010
5.5700	-0.3241	-2061.8176	370.1066	0.1007
5.5800	-0.3231	-2065.5186	370.1067	0.1005
5.5900	-0.3221	-2069.2197	370.1069	0.1002
5.6000	-0.3211	-2072.9208	370.1071	0.1000
5.6100	-0.3201	-2076.6219	370.1073	0.0997
5.6200	-0.3191	-2080.3229	370.1075	0.0995
5.6300	-0.3181	-2084.0240	370.1076	0.0992
5.6400	-0.3171	-2087.7251	370.1078	0.0990
5.6500	-0.3161	-2091.4262	370.1080	0.0988
5.6600	-0.3151	-2095.1272	370.1082	0.0985
5.6700	-0.3141	-2098.8283	370.1083	0.0983
5.6800	-0.3131	-2102.5294	370.1085	0.0981
5.6900	-0.3122	-2106.2305	370.1087	0.0978
5.7000	-0.3112	-2109.9316	370.1088	0.0976
5.7100	-0.3102	-2113.6327	370.1090	0.0974
5.7200	-0.3092	-2117.3338	370.1092	0.0971
5.7300	-0.3083	-2121.0349	370.1094	0.0969
5.7400	-0.3073	-2124.7360	370.1095	0.0967
5.7500	-0.3063	-2128.4370	370.1097	0.0965
5.7600	-0.3054	-2132.1381	370.1099	0.0963
5.7700	-0.3044	-2135.8392	370.1100	0.0960
5.7800	-0.3034	-2139.5403	370.1102	0.0958
5.7900	-0.3025	-2143.2414	370.1104	0.0956
5.8000	-0.3015	-2146.9426	370.1105	0.0954
5.8100	-0.3006	-2150.6437	370.1107	0.0952
5.8200	-0.2996	-2154.3448	370.1108	0.0950
5.8300	-0.2987	-2158.0459	370.1110	0.0947
5.8400	-0.2977	-2161.7470	370.1112	0.0945
5.8500	-0.2968	-2165.4481	370.1113	0.0943
5.8600	-0.2958	-2169.1492	370.1115	0.0941
5.8700	-0.2949	-2172.8503	370.1117	0.0939
5.8800	-0.2940	-2176.5514	370.1118	0.0937
5.8900	-0.2930	-2180.2526	370.1120	0.0935
5.9000	-0.2921	-2183.9537	370.1121	0.0933
5.9100	-0.2912	-2187.6548	370.1123	0.0931
5.9200	-0.2902	-2191.3559	370.1124	0.0929
5.9300	-0.2893	-2195.0571	370.1126	0.0927
5.9400	-0.2884	-2198.7582	370.1128	0.0925
5.9500	-0.2875	-2202.4593	370.1129	0.0923
5.9600	-0.2865	-2206.1604	370.1131	0.0921
5.9700	-0.2856	-2209.8616	370.1132	0.0919
5.9800	-0.2847	-2213.5627	370.1134	0.0917
5.9900	-0.2838	-2217.2638	370.1135	0.0915
6.0000	-0.2829	-2220.9650	370.1137	0.0913
6.0100	-0.2820	-2224.6661	370.1138	0.0911
6.0200	-0.2810	-2228.3673	370.1140	0.0910
6.0300	-0.2801	-2232.0684	370.1141	0.0908
6.0400	-0.2792	-2235.7695	370.1143	0.0906
6.0500	-0.2783	-2239.4707	370.1144	0.0904
6.0600	-0.2774	-2243.1718	370.1146	0.0902
6.0700	-0.2765	-2246.8730	370.1147	0.0900
6.0800	-0.2756	-2250.5741	370.1149	0.0898
6.0900	-0.2747	-2254.2753	370.1150	0.0897
6.1000	-0.2738	-2257.9764	370.1152	0.0895
6.1100	-0.2729	-2261.6776	370.1153	0.0893
6.1200	-0.2720	-2265.3787	370.1155	0.0891
6.1300	-0.2712	-2269.0799	370.1156	0.0889
6.1400	-0.2703	-2272.7810	370.1158	0.0888
6.1500	-0.2694	-2276.4822	370.1159	0.0886
6.1600	-0.2685	-2280.1834	370.1160	0.0884
6.1700	-0.2676	-2283.8845	370.1162	0.0882
6.1800	-0.2667	-2287.5857	370.1163	0.0881
6.1900	-0.2658	-2291.2868	370.1165	0.0879
6.2000	-0.2650	-2294.9880	370.1166	0.0877
6.2100	-0.2641	-2298.6892	370.1168	0.0876
6.2200	-0.2632	-2302.3903	370.1169	0.0874
6.2300	-0.2623	-2306.0915	370.1170	0.0872
6.2400	-0.2615	-2309.7927	370.1172	0.0870
6.2500	-0.2606	-2313.4939	370.1173	0.0869
6.2600	-0.2597	-2317.1950	370.1175	0.0867
6.2700	-0.2589	-2320.8962	370.1176	0.0865
6.2800	-0.2580	-2324.5974	370.1177	0.0864
6.2900	-0.2571	-2328.2986	370.1179	0.0862
6.3000	-0.2563	-2331.9997	370.1180	0.0861
6.3100	-0.2554	-2335.7009	370.1181	0.0859
6.3200	-0.2546	-2339.4021	370.1183	0.0857
6.3300	-0.2537	-2343.1033	370.1184	0.0856
6.3400	-0.2529	-2346.8045	370.1186	0.0854
6.3500	-0.2520	-2350.5057	370.1187	0.0852
6.3600	-0.2511	-2354.2068	370.1188	0.0851
6.3700	-0.2503	-2357.9080	370.1190	0.0849
6.3800	-0.2494	-2361.6092	370.1191	0.0848
6.3900	-0.2486	-2365.3104	370.1192	0.0846
6.4000	-0.2478	-2369.0116	370.1194	0.0845
6.4100	-0.2469	-2372.7128	370.1195	0.0843
6.4200	-0.2461	-2376.4140	370.1196	0.0841
6.4300	-0.2452	-2380.1152	370.1197	0.0840
6.4400	-0.2444	-2383.8164	370.1199	0.0838
6.4500	-0.2436	-2387.5176	370.1200	0.0837
6.4600	-0.2427	-2391.2188	370.1201	0.0835
6.4700	-0.2419	-2394.9200	370.1203	0.0834
6.4800	-0.2410	-2398.6212	370.1204	0.0832
6.4900	-0.2402	-2402.3224	370.1205	0.0831
6.5000	-0.2394	-2406.0236	370.1207	0.0829
6.5100	-0.2386	-2409.7248	370.1208	0.0828
6.5200	-0.2377	-2413.4260	370.1209	0.0826
6.5300	-0.2369	-2417.1272	370.1210	0.0825
6.5400	-0.2361	-2420.8284	370.1212	0.0823
6.5500	-0.2353	-2424.5297	370.1213	0.0822
6.5600	-0.2344	-2428.2309	370.1214	0.0820
6.5700	-0.2336	-2431.9321	370.1215	0.0819
6.5800	-0.2328	-2435.6333	370.1217	0.0817
6.5900	-0.2320	-2439.3345	370.1218	0.0816
6.6000	-0.2312	-2443.0357	370.1219	0.0815
6.6100	-0.2304	-2446.7370	370.1220	0.0813
6.6200	-0.2295	-2450.4382	370.1222	0.0812
6.6300	-0.2287	-2454.1394	370.1223	0.0810
6.6400	-0.2279	-2457.8406	370.1224	0.0809
6.6500	-0.2271	-2461.5419	370.1225	0.0807
6.6600	-0.2263	-2465.2431	370.1226	0.0806
6.6700	-0.2255	-2468.9443	370.1228	0.0805
6.6800	-0.2247	-2472.6455	370.1229	0.0803
6.6900	-0.2239	-2476.3468	370.1230	0.0802
6.7000	-0.2231	-2480.0480	370.1231	0.0800
6.7100	-0.2223	-2483.7492	370.1232	0.0799
6.7200	-0.2215	-2487.4505	370.1234	0.0798
6.7300	-0.2207	-2491.1517	370.1235	0.0796
6.7400	-0.2199	-2494.8529	370.1236	0.0795
6.7500	-0.2191	-2498.5542	370.1237	0.0794
6.7600	-0.2183	-2502.2554	370.1238	0.0792
6.7700	-0.2175	-2505.9566	370.1239	0.0791
6.7800	-0.2167	-2509.6579	370.1241	0.0790
6.7900	-0.2159	-2513.3591	370.1242	0.0788
6.8000	-0.2152	-2517.0604	370.1243	0.0787
6.8100	-0.2144	-2520.7616	370.1244	0.0785
6.8200	-0.2136	-2524.4629	370.1245	0.0784
6.8300	-0.2128	-2528.1641	370.1246	0.0783
6.8400	-0.2120	-2531.8653	370.1248	0.0781
6.8500	-0.2112	-2535.5666	370.1249	0.0780
6.8600	-0.2105	-2539.2678	370.1250	0.0779
6.8700	-0.2097	-2542.9691	370.1251	0.0778
6.8800	-0.2089	-2546.6703	370.1252	0.0776
6.8900	-0.2081	-2550.3716	370.1253	0.0775
6.9000	-0.2074	-2554.0729	370.1254	0.0774
6.9100	-0.2066	-2557.7741	370.1255	0.0772
6.9200	-0.2058	-2561.4754	370.1257	0.0771
6.9300	-0.2050	-2565.1766	370.1258	0.0770
6.9400	-0.2043	-2568.8779	370.1259	0.0768
6.9500	-0.2035	-2572.5791	370.1260	0.0767
6.9600	-0.2027	-2576.2804	370.1261	0.0766
6.9700	-0.2020	-2579.9817	370.1262	0.0765
6.9800	-0.2012	-2583.6829	370.1263	0.0763
6.9900	-0.2004	-2587.3842	370.1264	0.0762
7.0000	-0.1997	-2591.0855	370.1265	0.0761
7.0100	-0.1989	-2594.7867	370.1266	0.0759
7.0200	-0.1982	-2598.4880	370.1268	0.0758
7.0300	-0.1974	-2602.1893	370.1269	0.0757
7.0400	-0.1967	-2605.8905	370.1270	0.0756
7.0500	-0.1959	-2609.5918	370.1271	0.0754
7.0600	-0.1951	-2613.2931	370.1272	0.0753
7.0700	-0.1944	-2616.9943	370.1273	0.0752
7.0800	-0.1936	-2620.6956	370.1274	0.0751
7.0900	-0.1929	-2624.3969	370.1275	0.0750
7.1000	-0.1921	-2628.0982	370.1276	0.0748
7.1100	-0.1914	-2631.7994	370.1277	0.0747
7.1200	-0.1906	-2635.5007	370.1278	0.0746
7.1300	-0.1899	-2639.2020	370.1279	0.0745
7.1400	-0.1892	-2642.9033	370.1280	0.0743
7.1500	-0.1884	-2646.6046	370.1281	0.0742
7.1600	-0.1877	-2650.3058	370.1282	0.0741
7.1700	-0.1869	-2654.0071	370.1283	0.0740
7.1800	-0.1862	-2657.7084	370.1284	0.0739
7.1900	-0.1855	-2661.4097	370.1285	0.0737
7.2000	-0.1847	-2665.1110	370.1286	0.0736
7.2100	-0.1840	-2668.8123	370.1287	0.0735
7.2200	-0.1832	-2672.5135	370.1289	0.0734
7.2300	-0.1825	-2676.2148	370.1290	0.0733
7.2400	-0.1818	-2679.9161	370.1291	0.0731
7.2500	-0.1811	-2683.6174	370.1292	0.0730
7.2600	-0.1803	-2687.3187	370.1293	0.0729
7.2700	-0.1796	-2691.0200	370.1294	0.0728
7.2800	-0.1789	-2694.7213	370.1295	0.0727
7.2900	-0.1781	-2698.4226	370.1296	0.0725
7.3000	-0.1774	-2702.1239	370.1297	0.0724
7.3100	-0.1767	-2705.8252	370.1298	0.0723
7.3200	-0.1760	-2709.5265	370.1299	0.0722
7.3300	-0.1752	-2713.2278	370.1299	0.0721
7.3400	-0.1745	-2716.9291	370.1300	0.0720
7.3500	-0.1738	-2720.6304	370.1301	0.0718
7.3600	-0.1731	-2724.3317	370.1302	0.0717
7.3700	-0.1724	-2728.0330	370.1303	0.0716
7.3800	-0.1717	-2731.7343	370.1304	0.0715
7.3900	-0.1709	-2735.4356	370.1305	0.0714
7.4000	-0.1702	-2739.1369	370.1306	0.0713
7.4100	-0.1695	-2742.8382	370.1307	0.0711
7.4200	-0.1688	-2746.5395	370.1308	0.0710
7.4300	-0.1681	-2750.2408	370.1309	0.0709
7.4400	-0.1674	-2753.9421	370.1310	0.0708
7.4500	-0.1667	-2757.6434	370.1311	0.0707
7.4600	-0.1660	-2761.3448	370.1312	0.0706
7.4700	-0.1653	-2765.0461	370.1313	0.0705
7.4800	-0.1646	-2768.7474	370.1314	0.0704
7.4900	-0.1639	-2772.4487	370.1315	0.0702
7.5000	-0.1632	-2776.1500	370.1316	0.0701
7.5100	-0.1625	-2779.8513	370.1317	0.0700
7.5200	-0.1618	-2783.5526	370.1318	0.0699
7.5300	-0.1611	-2787.2540	370.1319	0.0698
7.5400	-0.1604	-2790.9553	370.1320	0.0697
7.5500	-0.1597	-2794.6566	370.1320	0.0696
7.5600	-0.1590	-2798.3579	370.1321	0.0695
7.5700	-0.1583	-2802.0592	370.1322	0.0693
7.5800	-0.1576	-2805.7606	370.1323	0.0692
7.5900	-0.1569	-2809.4619	370.1324	0.0691
7.6000	-0.1562	-2813.1632	370.1325	0.0690
7.6100	-0.1555	-2816.8645	370.1326	0.0689
7.6200	-0.1548	-2820.5659	370.1327	0.0688
7.6300	-0.1541	-2824.2672	370.1328	0.0687
7.6400	-0.1535	-2827.9685	370.1329	0.0686
7.6500	-0.1528	-2831.6699	370.1330	0.0685
7.6600	-0.1521	-2835.3712	370.1330	0.0684
7.6700	-0.1514	-2839.0725	370.1331	0.0682
7.6800	-0.1507	-2842.7738	370.1332	0.0681
7.6900	-0.1500	-2846.4752	370.1333	0.0680
7.7000	-0.1494	-2850.1765	370.1334	0.0679
7.7100	-0.1487	-2853.8778	370.1335	0.0678
7.7200	-0.1480	-2857.5792	370.1336	0.0677
7.7300	-0.1473	-2861.2805	370.1337	0.0676
7.7400	-0.1467	-2864.9819	370.1337	0.0675
7.7500	-0.1460	-2868.6832	370.1338	0.0674
7.7600	-0.1453	-2872.3845	370.1339	0.0673
7.7700	-0.1446	-2876.0859	370.1340	0.0672
7.7800	-0.1440	-2879.7872	370.1341	0.0671
7.7900	-0.1433	-2883.4886	370.1342	0.0669
7.8000	-0.1426	-2887.1899	370.1343	0.0668
7.8100	-0.1420	-2890.8912	370.1344	0.0667
7.8200	-0.1413	-2894.5926	370.1344	0.0666
7.8300	-0.1406	-2898.2939	370.1345	0.0665
7.8400	-0.1400	-2901.9953	370.1346	0.0664
7.8500	-0.1393	-2905.6966	370.1347	0.0663
7.8600	-0.1386	-2909.3980	370.1348	0.0662
7.8700	-0.1380	-2913.0993	370.1349	0.0661
7.8800	-0.1373	-2916.8007	370.1349	0.0660
7.8900	-0.1366	-2920.5020	370.1350	0.0659
7.9000	-0.1360	-2924.2034	370.1351	0.0658
7.9100	-0.1353	-2927.9047	370.1352	0.0657
7.9200	-0.1347	-2931.6061	370.1353	0.0656
7.9300	-0.1340	-2935.3074	370.1354	0.0655
7.9400	-0.1334	-2939.0088	370.1354	0.0654
7.9500	-0.1327	-2942.7101	370.1355	0.0653
7.9600	-0.1321	-2946.4115	370.1356	0.0652
7.9700	-0.1314	-2950.1128	370.1357	0.0651
7.9800	-0.1308	-2953.8142	370.1358	0.0650
7.9900	-0.1301	-2957.5156	370.1359	0.0648
8.0000	-0.1295	-2961.2169	370.1359	0.0647
