T	Ut	Ft	St	Ct
0.01000000	-1.99804688	-2.03033606	3.22891851	0.00000000
0.02000000	-1.99804688	-2.06262525	3.22891851	0.00000000
0.03000000	-1.99804688	-2.09491443	3.22891851	0.00000000
0.04000000	-1.99804688	-2.12720362	3.22891851	0.00000000
0.05000000	-1.99804688	-2.15949280	3.22891851	0.00000000
0.06000000	-1.99804688	-2.19178199	3.22891851	0.00000000
0.07000000	-1.99804688	-2.22407117	3.22891851	0.00000000
0.08000000	-1.99804688	-2.25636036	3.22891851	0.00000000
0.09000000	-1.99804688	-2.28864954	3.22891851	0.00000000
0.10000000	-1.99804688	-2.32093873	3.22891851	0.00000000
0.11000000	-1.99804688	-2.35322791	3.22891851	0.00000000
0.12000000	-1.99804688	-2.38551710	3.22891851	0.00000000
0.13000000	-1.99804688	-2.41780628	3.22891851	0.00000000
0.14000000	-1.99804687	-2.45009547	3.22891851	0.00000000
0.15000000	-1.99804687	-2.48238465	3.22891851	0.00000000
0.16000000	-1.99804687	-2.51467384	3.22891851	0.00000000
0.17000000	-1.99804687	-2.54696302	3.22891851	0.00000000
0.18000000	-1.99804687	-2.57925221	3.22891851	0.00000000
0.19000000	-1.99804687	-2.61154139	3.22891851	0.00000000
0.20000000	-1.99804687	-2.64383058	3.22891851	0.00000000
0.21000000	-1.99804687	-2.67611976	3.22891851	0.00000000
0.22000000	-1.99804687	-2.70840895	3.22891851	0.00000000
0.23000000	-1.99804687	-2.74069813	3.22891851	0.00000001
0.24000000	-1.99804687	-2.77298732	3.22891851	0.00000001
0.25000000	-1.99804687	-2.80527650	3.22891851	0.00000002
0.26000000	-1.99804687	-2.83756569	3.22891851	0.00000003
0.27000000	-1.99804687	-2.86985487	3.22891851	0.00000005
0.28000000	-1.99804687	-2.90214406	3.22891852	0.00000008
0.29000000	-1.99804687	-2.93443324	3.22891852	0.00000012
0.30000000	-1.99804687	-2.96672243	3.22891853	0.00000018
0.31000000	-1.99804687	-2.99901161	3.22891853	0.00000027
0.32000000	-1.99804687	-3.03130080	3.22891854	0.00000038
0.33000000	-1.99804686	-3.06358998	3.22891856	0.00000052
0.34000000	-1.99804685	-3.09587917	3.22891857	0.00000071
0.35000000	-1.99804685	-3.12816836	3.22891860	0.00000095
0.36000000	-1.99804684	-3.16045754	3.22891863	0.00000125
0.37000000	-1.99804682	-3.19274673	3.22891867	0.00000164
0.38000000	-1.99804680	-3.22503592	3.22891872	0.00000212
0.39000000	-1.99804678	-3.25732510	3.22891878	0.00000273
0.40000000	-1.99804675	-3.28961429	3.22891886	0.00000349
0.41000000	-1.99804671	-3.32190348	3.22891896	0.00000445
0.42000000	-1.99804666	-3.35419267	3.22891908	0.00000565
0.43000000	-1.99804659	-3.38648186	3.22891923	0.00000716
0.44000000	-1.99804651	-3.41877106	3.22891941	0.00000904
0.45000000	-1.99804641	-3.45106025	3.22891964	0.00001141
0.46000000	-1.99804628	-3.48334945	3.22891992	0.00001436
0.47000000	-1.99804612	-3.51563865	3.22892027	0.00001804
0.48000000	-1.99804592	-3.54792785	3.22892070	0.00002261
0.49000000	-1.99804567	-3.58021706	3.22892122	0.00002826
0.50000000	-1.99804535	-3.61250628	3.22892186	0.00003521
0.51000000	-1.99804496	-3.64479550	3.22892264	0.00004373
0.52000000	-1.99804447	-3.67708473	3.22892358	0.00005409
0.53000000	-1.99804387	-3.70937397	3.22892473	0.00006664
0.54000000	-1.99804313	-3.74166323	3.22892611	0.00008174
0.55000000	-1.99804222	-3.77395250	3.22892777	0.00009981
0.56000000	-1.99804112	-3.80624178	3.22892976	0.00012131
0.57000000	-1.99803978	-3.83853109	3.22893212	0.00014672
0.58000000	-1.99803817	-3.87082043	3.22893493	0.00017659
0.59000000	-1.99803624	-3.90310979	3.22893823	0.00021151
0.60000000	-1.99803392	-3.93539919	3.22894212	0.00025210
0.61000000	-1.99803117	-3.96768864	3.22894667	0.00029901
0.62000000	-1.99802792	-3.99997813	3.22895195	0.00035296
0.63000000	-1.99802409	-4.03226768	3.22895808	0.00041468
0.64000000	-1.99801960	-4.06455730	3.22896515	0.00048493
0.65000000	-1.99801436	-4.09684699	3.22897328	0.00056451
0.66000000	-1.99800827	-4.12913676	3.22898256	0.00065424
0.67000000	-1.99800124	-4.16142664	3.22899314	0.00075493
0.68000000	-1.99799313	-4.19371663	3.22900514	0.00086745
0.69000000	-1.99798384	-4.22600675	3.22901870	0.00099265
0.70000000	-1.99797324	-4.25829701	3.22903397	0.00113137
0.71000000	-1.99796117	-4.29058744	3.22905108	0.00128448
0.72000000	-1.99794750	-4.32287804	3.22907020	0.00145283
0.73000000	-1.99793206	-4.35516885	3.22909149	0.00163726
0.74000000	-1.99791469	-4.38745988	3.22911511	0.00183861
0.75000000	-1.99789523	-4.41975116	3.22914124	0.00205770
0.76000000	-1.99787348	-4.45204271	3.22917004	0.00229539
0.77000000	-1.99784926	-4.48433457	3.22920170	0.00255251
0.78000000	-1.99782236	-4.51662676	3.22923640	0.00282995
0.79000000	-1.99779259	-4.54891931	3.22927433	0.00312863
0.80000000	-1.99775971	-4.58121225	3.22931568	0.00344957
0.81000000	-1.99772352	-4.61350563	3.22936064	0.00379388
0.82000000	-1.99768375	-4.64579948	3.22940942	0.00416285
0.83000000	-1.99764017	-4.67809383	3.22946224	0.00455796
0.84000000	-1.99759250	-4.71038874	3.22951933	0.00498097
0.85000000	-1.99754045	-4.74268424	3.22958092	0.00543397
0.86000000	-1.99748371	-4.77498037	3.22964728	0.00591946
0.87000000	-1.99742195	-4.80727720	3.22971868	0.00644042
0.88000000	-1.99735478	-4.83957476	3.22979544	0.00700039
0.89000000	-1.99728179	-4.87187313	3.22987790	0.00760353
0.90000000	-1.99720254	-4.90417234	3.22996644	0.00825469
0.91000000	-1.99711652	-4.93647248	3.23006149	0.00895944
0.92000000	-1.99702316	-4.96877360	3.23016352	0.00972408
0.93000000	-1.99692182	-5.00107577	3.23027307	0.01055558
0.94000000	-1.99681180	-5.03337908	3.23039073	0.01146155
0.95000000	-1.99669231	-5.06568362	3.23051716	0.01244996
0.96000000	-1.99656250	-5.09798946	3.23065309	0.01352897
0.97000000	-1.99642140	-5.13029671	3.23079929	0.01470649
0.98000000	-1.99626801	-5.16260548	3.23095660	0.01598967
0.99000000	-1.99610124	-5.19491588	3.23112590	0.01738430
1.00000000	-1.99591994	-5.22722804	3.23130810	0.01889402
1.01000000	-1.99572297	-5.25954209	3.23150408	0.02051949
1.02000000	-1.99550918	-5.29185817	3.23171470	0.02225750
1.03000000	-1.99527747	-5.32417644	3.23194074	0.02410021
1.04000000	-1.99502687	-5.35649704	3.23218286	0.02603449
1.05000000	-1.99475654	-5.38882015	3.23244153	0.02804175
1.06000000	-1.99446587	-5.42114593	3.23271704	0.03009811
1.07000000	-1.99415451	-5.45347455	3.23300938	0.03217540
1.08000000	-1.99382239	-5.48580617	3.23331831	0.03424268
1.09000000	-1.99346979	-5.51814097	3.23364328	0.03626867
1.10000000	-1.99309725	-5.55047909	3.23398348	0.03822449
1.11000000	-1.99270561	-5.58282068	3.23433790	0.04008687
1.12000000	-1.99229588	-5.61516589	3.23470537	0.04184110
1.13000000	-1.99186916	-5.64751483	3.23508466	0.04348359
1.14000000	-1.99142655	-5.67986762	3.23547462	0.04502359
1.15000000	-1.99096896	-5.71222435	3.23587426	0.04648383
1.16000000	-1.99049702	-5.74458513	3.23628285	0.04790019
1.17000000	-1.99001094	-5.77695004	3.23670008	0.04932035
1.18000000	-1.98951041	-5.80931916	3.23712606	0.05080173
1.19000000	-1.98899449	-5.84169259	3.23756143	0.05240901
1.20000000	-1.98846158	-5.87407043	3.23800737	0.05421135
1.21000000	-1.98790938	-5.90645278	3.23846562	0.05627946
1.22000000	-1.98733488	-5.93883979	3.23893845	0.05868243
1.23000000	-1.98673440	-5.97123161	3.23942862	0.06148410
1.24000000	-1.98610368	-6.00362843	3.23993931	0.06473879
1.25000000	-1.98543798	-6.03603047	3.24047400	0.06848605
1.26000000	-1.98473225	-6.06843800	3.24103631	0.07274439
1.27000000	-1.98398141	-6.10085130	3.24162983	0.07750467
1.28000000	-1.98318063	-6.13327071	3.24225788	0.08272380
1.29000000	-1.98232567	-6.16569659	3.24292319	0.08832081
1.30000000	-1.98141334	-6.19812931	3.24362767	0.09417737
1.31000000	-1.98044176	-6.23056927	3.24437215	0.10014483
1.32000000	-1.97941062	-6.26301688	3.24515626	0.10605885
1.33000000	-1.97832129	-6.29547252	3.24597837	0.11176062
1.34000000	-1.97717656	-6.32793657	3.24683583	0.11712079
1.35000000	-1.97598028	-6.36040935	3.24772523	0.12206046
1.36000000	-1.97473681	-6.39289117	3.24864291	0.12656297
1.37000000	-1.97345034	-6.42538229	3.24958537	0.13067260
1.38000000	-1.97212437	-6.45788295	3.25054969	0.13448008
1.39000000	-1.97076136	-6.49039335	3.25153380	0.13809961
1.40000000	-1.96936262	-6.52291368	3.25253647	0.14164470
1.41000000	-1.96792840	-6.55544414	3.25355726	0.14521057
1.42000000	-1.96645810	-6.58798489	3.25459633	0.14886813
1.43000000	-1.96495055	-6.62053613	3.25565425	0.15267057
1.44000000	-1.96340404	-6.65309804	3.25673194	0.15666848
1.45000000	-1.96181632	-6.68567084	3.25783070	0.16092682
1.46000000	-1.96018434	-6.71825473	3.25895232	0.16553586
1.47000000	-1.95850405	-6.75084997	3.26009927	0.17061048
1.48000000	-1.95677016	-6.78345681	3.26127477	0.17627669
1.49000000	-1.95497616	-6.81607557	3.26248283	0.18264925
1.50000000	-1.95311454	-6.84870659	3.26372803	0.18980839
1.51000000	-1.95117726	-6.88135027	3.26501524	0.19778500
1.52000000	-1.94915618	-6.91400705	3.26634926	0.20656061
1.53000000	-1.94704356	-6.94667743	3.26773456	0.21608240
1.54000000	-1.94483226	-6.97936193	3.26917511	0.22628440
1.55000000	-1.94251582	-7.01206113	3.27067439	0.23709933
1.56000000	-1.94008850	-7.04477562	3.27223533	0.24844465
1.57000000	-1.93754563	-7.07750605	3.27386014	0.26017616
1.58000000	-1.93488458	-7.11025304	3.27554966	0.27202097
1.59000000	-1.93210633	-7.14301725	3.27730247	0.28352365
1.60000000	-1.92921735	-7.17579929	3.27911371	0.29404994
1.61000000	-1.92623099	-7.20859969	3.28097435	0.30288094
1.62000000	-1.92316750	-7.24141889	3.28287123	0.30939162
1.63000000	-1.92005203	-7.27425718	3.28478844	0.31325671
1.64000000	-1.91691083	-7.30711468	3.28670966	0.31459727
1.65000000	-1.91376659	-7.33999134	3.28862106	0.31399778
1.66000000	-1.91063428	-7.37288703	3.29051371	0.31238308
1.67000000	-1.90751879	-7.40580154	3.29238488	0.31080717
1.68000000	-1.90441476	-7.43873467	3.29423804	0.31023437
1.69000000	-1.90130834	-7.47168627	3.29608162	0.31137803
1.70000000	-1.89818015	-7.50465631	3.29792715	0.31462490
1.71000000	-1.89500858	-7.53764486	3.29978730	0.32004068
1.72000000	-1.89177273	-7.57065214	3.30167408	0.32743452
1.73000000	-1.88845446	-7.60367847	3.30359769	0.33645572
1.74000000	-1.88503955	-7.63672425	3.30556592	0.34669812
1.75000000	-1.88151767	-7.66978995	3.30758416	0.35779245
1.76000000	-1.87788175	-7.70287611	3.30965588	0.36947534
1.77000000	-1.87412660	-7.73598326	3.31178342	0.38163271
1.78000000	-1.87024735	-7.76911197	3.31396889	0.39432127
1.79000000	-1.86623766	-7.80226284	3.31621518	0.40776955
1.80000000	-1.86208819	-7.83543649	3.31852684	0.42235117
1.81000000	-1.85778536	-7.86863362	3.32091064	0.43851469
1.82000000	-1.85331127	-7.90185497	3.32337566	0.45665703
1.83000000	-1.84864502	-7.93510143	3.32593246	0.47694407
1.84000000	-1.84376607	-7.96837396	3.32859125	0.49910776
1.85000000	-1.83865945	-8.00167362	3.33135902	0.52227553
1.86000000	-1.83332228	-8.03500151	3.33423614	0.54490693
1.87000000	-1.82777001	-8.06835868	3.33721319	0.56491944
1.88000000	-1.82204017	-8.10174604	3.34026908	0.58006281
1.89000000	-1.81619116	-8.13516422	3.34337199	0.58852455
1.90000000	-1.81029443	-8.16861351	3.34648372	0.58961576
1.91000000	-1.80442050	-8.20209380	3.34956717	0.58426685
1.92000000	-1.79862203	-8.23560466	3.35259512	0.57507894
1.93000000	-1.79291904	-8.26914548	3.35555774	0.56587077
1.94000000	-1.78729043	-8.30271564	3.35846660	0.56090494
1.95000000	-1.78167368	-8.33631474	3.36135439	0.56408208
1.96000000	-1.77597180	-8.36994282	3.36427093	0.57830809
1.97000000	-1.77006550	-8.40360046	3.36727663	0.60508552
1.98000000	-1.76382848	-8.43728886	3.37043454	0.64429074
1.99000000	-1.75714415	-8.47100985	3.37380186	0.69410207
2.00000000	-1.74992241	-8.50476574	3.37742167	0.75107357
2.01000000	-1.74211487	-8.53855920	3.38131558	0.81035245
2.02000000	-1.73372720	-8.57239295	3.38547809	0.86606658
2.03000000	-1.72482610	-8.60626954	3.38987362	0.91204389
2.04000000	-1.71553632	-8.64019099	3.39443856	0.94311578
2.05000000	-1.70602187	-8.67415860	3.39909109	0.95690925
2.06000000	-1.69645006	-8.70817283	3.40374892	0.95527215
2.07000000	-1.68694815	-8.74223339	3.40835036	0.94419839
2.08000000	-1.67756977	-8.77633956	3.41287009	0.93201159
2.09000000	-1.66828439	-8.81049057	3.41732353	0.92680341
2.10000000	-1.65899073	-8.84468597	3.42175964	0.93436966
2.11000000	-1.64954588	-8.87892593	3.42624647	0.95714894
2.12000000	-1.63980044	-8.91321130	3.43085418	0.99401823
2.13000000	-1.62963219	-8.94754360	3.43563916	1.04082803
2.14000000	-1.61896987	-8.98192479	3.44063314	1.09186863
2.15000000	-1.60779732	-9.01635698	3.44584170	1.14227426
2.16000000	-1.59613226	-9.05084230	3.45125465	1.19046634
2.17000000	-1.58398714	-9.08538273	3.45686433	1.23900349
2.18000000	-1.57133422	-9.11998028	3.46268168	1.29290380
2.19000000	-1.55809645	-9.15463717	3.46874005	1.35648059
2.20000000	-1.54416743	-9.18935604	3.47508573	1.43111460
2.21000000	-1.52944145	-9.22413999	3.48176405	1.51553648
2.22000000	-1.51383143	-9.25899255	3.48881131	1.60753172
2.23000000	-1.49727464	-9.29391753	3.49625242	1.70430488
2.24000000	-1.47974502	-9.32891894	3.50409550	1.80111224
2.25000000	-1.46127160	-9.36400073	3.51232406	1.89234633
2.26000000	-1.44191782	-9.39916660	3.52090654	1.97809367
2.27000000	-1.42169154	-9.43442001	3.52983633	2.06946219
2.28000000	-1.40046127	-9.46976466	3.53916815	2.18034345
2.29000000	-1.37803532	-9.50520499	3.54898239	2.30463026
2.30000000	-1.35446638	-9.54074585	3.55925194	2.39872369
2.31000000	-1.33037985	-9.57639066	3.56970165	2.39819981
2.32000000	-1.30693965	-9.61213881	3.57982722	2.26890417
2.33000000	-1.28533882	-9.64798439	3.58911827	2.03984306
2.34000000	-1.26625131	-9.68391742	3.59729321	1.77775144
2.35000000	-1.24970014	-9.71992652	3.60435165	1.53961746
2.36000000	-1.23528825	-9.75600132	3.61047164	1.35186852
2.37000000	-1.22248665	-9.79213360	3.61588479	1.21659234
2.38000000	-1.21081271	-9.82831736	3.62080028	1.12435745
2.39000000	-1.19989646	-9.86454848	3.62537741	1.06309802
2.40000000	-1.18948285	-9.90082415	3.62972554	1.02230682
2.41000000	-1.17940804	-9.93714246	3.63391470	0.99428888
2.42000000	-1.16957195	-9.97350206	3.63798765	0.97386073
2.43000000	-1.15991765	-10.00990191	3.64196883	0.95740571
2.44000000	-1.15042041	-10.04634117	3.64586916	0.94198615
2.45000000	-1.14108328	-10.08281903	3.64968806	0.92497602
2.46000000	-1.13193325	-10.11933462	3.65341519	0.90429509
2.47000000	-1.12301311	-10.15588697	3.65703395	0.87894470
2.48000000	-1.11436854	-10.19247488	3.66052675	0.84938650
2.49000000	-1.10603340	-10.22909704	3.66388098	0.81745116
2.50000000	-1.09801863	-10.26575203	3.66709336	0.78578254
2.51000000	-1.09030780	-10.30243846	3.67017158	0.75707628
2.52000000	-1.08286016	-10.33915507	3.67313290	0.73341709
2.53000000	-1.07561887	-10.37590081	3.67600076	0.71589802
2.54000000	-1.06852153	-10.41267486	3.67880052	0.70455280
2.55000000	-1.06150999	-10.44947667	3.68155556	0.69853724
2.56000000	-1.05453762	-10.48630588	3.68428448	0.69646584
2.57000000	-1.04757266	-10.52316231	3.68699987	0.69680799
2.58000000	-1.04059785	-10.56004586	3.68970853	0.69824934
2.59000000	-1.03360693	-10.59695647	3.69241295	0.69993072
2.60000000	-1.02659963	-10.63389410	3.69511326	0.70150474
2.61000000	-1.01957709	-10.67085872	3.69780905	0.70300445
2.62000000	-1.01253926	-10.70785027	3.70050038	0.70458276
2.63000000	-1.00548518	-10.74486871	3.70318766	0.70622758
2.64000000	-0.99841569	-10.78191401	3.70587057	0.70756467
2.65000000	-0.99133744	-10.81898610	3.70854667	0.70782652
2.66000000	-0.98426612	-10.85608490	3.71121007	0.70600255
2.67000000	-0.97722763	-10.89321023	3.71385116	0.70111690
2.68000000	-0.97025618	-10.93036181	3.71645732	0.69252969
2.69000000	-0.96338975	-10.96753921	3.71901467	0.68014852
2.70000000	-0.95666423	-11.00474189	3.72151024	0.66447672
2.71000000	-0.95010795	-11.04196918	3.72393403	0.64649369
2.72000000	-0.94373798	-11.07922032	3.72628027	0.62742580
2.73000000	-0.93755896	-11.11649452	3.72854783	0.60849299
2.74000000	-0.93156427	-11.15379102	3.73073969	0.59070299
2.75000000	-0.92573880	-11.19110908	3.73286192	0.57472903
2.76000000	-0.92006259	-11.22844805	3.73492227	0.56087265
2.77000000	-0.91451440	-11.26580735	3.73692886	0.54909306
2.78000000	-0.90907482	-11.30318647	3.73888908	0.53907973
2.79000000	-0.90372852	-11.34058500	3.74080877	0.53034841
2.80000000	-0.89846543	-11.37800253	3.74269182	0.52234571
2.81000000	-0.89328093	-11.41543872	3.74454014	0.51454997
2.82000000	-0.88817511	-11.45289322	3.74635394	0.50655724
2.83000000	-0.88315122	-11.49036568	3.74813232	0.49814164
2.84000000	-0.87821377	-11.52785574	3.74987393	0.48928249
2.85000000	-0.87336648	-11.56536303	3.75157774	0.48015572
2.86000000	-0.86861045	-11.60288717	3.75324361	0.47109360
2.87000000	-0.86394297	-11.64042778	3.75487275	0.46252217
2.88000000	-0.85935688	-11.67798451	3.75646793	0.45488846
2.89000000	-0.85484074	-11.71555704	3.75803332	0.44858931
2.90000000	-0.85037968	-11.75314509	3.75957428	0.44391044
2.91000000	-0.84595668	-11.79074846	3.76109683	0.44098167
2.92000000	-0.84155436	-11.82836699	3.76260706	0.43975102
2.93000000	-0.83715678	-11.86600058	3.76411051	0.43997916
2.94000000	-0.83275127	-11.90364919	3.76561154	0.44125506
2.95000000	-0.82833000	-11.94131281	3.76711282	0.44303252
2.96000000	-0.82389103	-11.97899145	3.76861501	0.44468595
2.97000000	-0.81943881	-12.01668511	3.77011660	0.44558042
2.98000000	-0.81498386	-12.05439377	3.77161406	0.44514730
2.99000000	-0.81054176	-12.09211736	3.77310221	0.44295409
3.00000000	-0.80613149	-12.12985576	3.77457476	0.43875605
3.01000000	-0.80177345	-12.16760878	3.77602503	0.43252031
3.02000000	-0.79748732	-12.20537617	3.77744664	0.42441874
3.03000000	-0.79329017	-12.24315760	3.77883414	0.41479267
3.04000000	-0.78919503	-12.28095272	3.78018345	0.40409869
3.05000000	-0.78521006	-12.31876114	3.78149216	0.39284706
3.06000000	-0.78133826	-12.35658243	3.78275953	0.38154427
3.07000000	-0.77757781	-12.39441619	3.78398644	0.37064735
3.08000000	-0.77392269	-12.43226203	3.78517511	0.36053386
3.09000000	-0.77036356	-12.47011958	3.78632881	0.35148721
3.10000000	-0.76688875	-12.50798850	3.78745153	0.34369458
3.11000000	-0.76348516	-12.54586852	3.78854770	0.33725359
3.12000000	-0.76013910	-12.58375938	3.78962188	0.33218386
3.13000000	-0.75683705	-12.62166090	3.79067854	0.32844060
3.14000000	-0.75356618	-12.65957291	3.79172189	0.32592803
3.15000000	-0.75031484	-12.69749530	3.79275570	0.32451176
3.16000000	-0.74707283	-12.73542800	3.79378328	0.32402966
3.17000000	-0.74383173	-12.77337096	3.79480733	0.32430146
3.18000000	-0.74058492	-12.81132414	3.79582994	0.32513732
3.19000000	-0.73732774	-12.84928756	3.79685261	0.32634568
3.20000000	-0.73405739	-12.88726120	3.79787619	0.32774076
3.21000000	-0.73077288	-12.92524509	3.79890100	0.32914956
3.22000000	-0.72747487	-12.96323922	3.79992682	0.33041825
3.23000000	-0.72416542	-13.00124362	3.80095300	0.33141773
3.24000000	-0.72084775	-13.03925828	3.80197856	0.33204778
3.25000000	-0.71752593	-13.07728319	3.80300223	0.33223956
3.26000000	-0.71420454	-13.11531832	3.80402263	0.33195612
3.27000000	-0.71088841	-13.15336362	3.80503829	0.33119091
3.28000000	-0.70758227	-13.19141906	3.80604780	0.32996437
3.29000000	-0.70429052	-13.22948456	3.80704986	0.32831896
3.30000000	-0.70101709	-13.26756003	3.80804332	0.32631333
3.31000000	-0.69776523	-13.30564539	3.80902724	0.32401591
3.32000000	-0.69453750	-13.34374054	3.81000091	0.32149890
3.33000000	-0.69133575	-13.38184537	3.81096385	0.31883293
3.34000000	-0.68816112	-13.41995978	3.81191577	0.31608282
3.35000000	-0.68501418	-13.45808365	3.81285656	0.31330478
3.36000000	-0.68189497	-13.49621687	3.81378628	0.31054491
3.37000000	-0.67880310	-13.53435934	3.81470511	0.30783903
3.38000000	-0.67573792	-13.57251094	3.81561332	0.30521360
3.39000000	-0.67269850	-13.61067157	3.81651123	0.30268732
3.40000000	-0.66968380	-13.64884113	3.81739922	0.30027324
3.41000000	-0.66669263	-13.68701952	3.81827768	0.29798100
3.42000000	-0.66372374	-13.72520666	3.81914705	0.29581882
3.43000000	-0.66077579	-13.76340244	3.82000777	0.29379520
3.44000000	-0.65784734	-13.80160678	3.82086030	0.29192002
3.45000000	-0.65493686	-13.83981962	3.82170515	0.29020509
3.46000000	-0.65204266	-13.87804086	3.82254283	0.28866406
3.47000000	-0.64916295	-13.91627045	3.82337392	0.28731188
3.48000000	-0.64629574	-13.95450832	3.82419902	0.28616390
3.49000000	-0.64343894	-13.99275441	3.82501876	0.28523472
3.50000000	-0.64059028	-14.03100868	3.82583383	0.28453708
3.51000000	-0.63774739	-14.06927108	3.82664492	0.28408086
3.52000000	-0.63490783	-14.10754157	3.82745277	0.28387240
3.53000000	-0.63206911	-14.14582012	3.82825808	0.28391415
3.54000000	-0.62922872	-14.18410672	3.82906158	0.28420478
3.55000000	-0.62638420	-14.22240135	3.82986399	0.28473968
3.56000000	-0.62353314	-14.26070400	3.83066597	0.28551167
3.57000000	-0.62067321	-14.29901467	3.83146820	0.28651196
3.58000000	-0.61780217	-14.33733337	3.83227129	0.28773108
3.59000000	-0.61491789	-14.37566010	3.83307583	0.28915948
3.60000000	-0.61201831	-14.41399489	3.83388238	0.29078787
3.61000000	-0.60910149	-14.45233776	3.83469149	0.29260688
3.62000000	-0.60616557	-14.49068873	3.83550364	0.29460603
3.63000000	-0.60320882	-14.52904784	3.83631929	0.29677209
3.64000000	-0.60022964	-14.56741513	3.83713887	0.29908669
3.65000000	-0.59722667	-14.60579064	3.83796273	0.30152355
3.66000000	-0.59419888	-14.64417440	3.83879113	0.30404550
3.67000000	-0.59114565	-14.68256647	3.83962420	0.30660171
3.68000000	-0.58806695	-14.72096690	3.84046194	0.30912555
3.69000000	-0.58496352	-14.75937573	3.84130412	0.31153351
3.70000000	-0.58183700	-14.79779300	3.84215027	0.31372561
3.71000000	-0.57869011	-14.83621874	3.84299963	0.31558750
3.72000000	-0.57552677	-14.87465300	3.84385114	0.31699458
3.73000000	-0.57235216	-14.91309577	3.84470338	0.31781772
3.74000000	-0.56917278	-14.95154706	3.84555462	0.31793059
3.75000000	-0.56599631	-14.99000685	3.84640281	0.31721773
3.76000000	-0.56283150	-15.02847510	3.84724564	0.31558267
3.77000000	-0.55968796	-15.06695174	3.84808058	0.31295538
3.78000000	-0.55657583	-15.10543668	3.84890499	0.30929801
3.79000000	-0.55350545	-15.14392979	3.84971619	0.30460838
3.80000000	-0.55048699	-15.18243095	3.85051157	0.29892087
3.81000000	-0.54753013	-15.22093996	3.85128867	0.29230448
3.82000000	-0.54464367	-15.25945665	3.85204528	0.28485854
3.83000000	-0.54183532	-15.29798079	3.85277950	0.27670644
3.84000000	-0.53911143	-15.33651216	3.85348977	0.26798825
3.85000000	-0.53647694	-15.37505051	3.85417495	0.25885283
3.86000000	-0.53393526	-15.41359557	3.85483428	0.24945037
3.87000000	-0.53148834	-15.45214710	3.85546738	0.23992574
3.88000000	-0.52913671	-15.49070483	3.85607426	0.23041316
3.89000000	-0.52687964	-15.52926850	3.85665524	0.22103232
3.90000000	-0.52471528	-15.56783786	3.85721092	0.21188598
3.91000000	-0.52264085	-15.60641264	3.85774215	0.20305892
3.92000000	-0.52065281	-15.64499262	3.85824995	0.19461799
3.93000000	-0.51874704	-15.68357757	3.85873550	0.18661302
3.94000000	-0.51691898	-15.72216726	3.85920007	0.17907838
3.95000000	-0.51516383	-15.76076150	3.85964498	0.17203481
3.96000000	-0.51347662	-15.79936010	3.86007159	0.16549145
3.97000000	-0.51185233	-15.83796288	3.86048124	0.15944788
3.98000000	-0.51028602	-15.87656967	3.86087529	0.15389607
3.99000000	-0.50877282	-15.91518033	3.86125502	0.14882204
4.00000000	-0.50730805	-15.95379473	3.86162167	0.14420746
4.01000000	-0.50588721	-15.99241273	3.86197644	0.14003088
4.02000000	-0.50450605	-16.03103422	3.86232044	0.13626884
4.03000000	-0.50316053	-16.06965910	3.86265473	0.13289672
4.04000000	-0.50184690	-16.10828729	3.86298029	0.12988941
4.05000000	-0.50056161	-16.14691868	3.86329804	0.12722184
4.06000000	-0.49930141	-16.18555322	3.86360882	0.12486934
4.07000000	-0.49806326	-16.22419084	3.86391341	0.12280796
4.08000000	-0.49684436	-16.26283147	3.86421253	0.12101467
4.09000000	-0.49564214	-16.30147507	3.86450683	0.11946742
4.10000000	-0.49445426	-16.34012160	3.86479691	0.11814530
4.11000000	-0.49327855	-16.37877100	3.86508332	0.11702855
4.12000000	-0.49211306	-16.41742325	3.86536655	0.11609857
4.13000000	-0.49095602	-16.45607832	3.86564705	0.11533793
4.14000000	-0.48980580	-16.49473619	3.86592521	0.11473035
4.15000000	-0.48866095	-16.53339682	3.86620141	0.11426068
4.16000000	-0.48752017	-16.57206021	3.86647597	0.11391490
4.17000000	-0.48638228	-16.61072634	3.86674917	0.11368005
4.18000000	-0.48524624	-16.64939519	3.86702128	0.11354422
4.19000000	-0.48411110	-16.68806676	3.86729252	0.11349653
4.20000000	-0.48297605	-16.72674104	3.86756309	0.11352706
4.21000000	-0.48184033	-16.76541802	3.86783318	0.11362687
4.22000000	-0.48070331	-16.80409770	3.86810294	0.11378788
4.23000000	-0.47956439	-16.84278008	3.86837250	0.11400291
4.24000000	-0.47842309	-16.88146515	3.86864200	0.11426558
4.25000000	-0.47727894	-16.92015292	3.86891152	0.11457027
4.26000000	-0.47613156	-16.95884338	3.86918118	0.11491204
4.27000000	-0.47498059	-16.99753654	3.86945104	0.11528660
4.28000000	-0.47382573	-17.03623240	3.86972118	0.11569022
4.29000000	-0.47266670	-17.07493097	3.86999167	0.11611965
4.30000000	-0.47150326	-17.11363224	3.87026255	0.11657204
4.31000000	-0.47033519	-17.15233622	3.87053388	0.11704487
4.32000000	-0.46916230	-17.19104292	3.87080570	0.11753585
4.33000000	-0.46798442	-17.22975233	3.87107804	0.11804281
4.34000000	-0.46680140	-17.26846448	3.87135094	0.11856369
4.35000000	-0.46561311	-17.30717935	3.87162442	0.11909637
4.36000000	-0.46441944	-17.34589697	3.87189852	0.11963863
4.37000000	-0.46322031	-17.38461733	3.87217323	0.12018810
4.38000000	-0.46201566	-17.42334044	3.87244858	0.12074216
4.39000000	-0.46080546	-17.46206630	3.87272456	0.12129790
4.40000000	-0.45958971	-17.50079493	3.87300119	0.12185209
4.41000000	-0.45836844	-17.53952633	3.87327843	0.12240113
4.42000000	-0.45714172	-17.57826050	3.87355629	0.12294107
4.43000000	-0.45590966	-17.61699745	3.87383472	0.12346755
4.44000000	-0.45467243	-17.65573720	3.87411369	0.12397590
4.45000000	-0.45343022	-17.69447973	3.87439315	0.12446109
4.46000000	-0.45218330	-17.73322506	3.87467304	0.12491783
4.47000000	-0.45093198	-17.77197319	3.87495329	0.12534058
4.48000000	-0.44967662	-17.81072413	3.87523382	0.12572367
4.49000000	-0.44841766	-17.84947787	3.87551452	0.12606136
4.50000000	-0.44715557	-17.88823442	3.87579530	0.12634788
4.51000000	-0.44589089	-17.92699377	3.87607603	0.12657762
4.52000000	-0.44462422	-17.96575594	3.87635657	0.12674513
4.53000000	-0.44335621	-18.00452090	3.87663680	0.12684527
4.54000000	-0.44208756	-18.04328867	3.87691655	0.12687331
4.55000000	-0.44081900	-18.08205923	3.87719566	0.12682496
4.56000000	-0.43955132	-18.12083258	3.87747396	0.12669651
4.57000000	-0.43828535	-18.15960871	3.87775128	0.12648488
4.58000000	-0.43702191	-18.19838760	3.87802744	0.12618766
4.59000000	-0.43576188	-18.23716925	3.87830226	0.12580319
4.60000000	-0.43450614	-18.27595364	3.87857554	0.12533053
4.61000000	-0.43325557	-18.31474076	3.87884711	0.12476954
4.62000000	-0.43201104	-18.35353058	3.87911678	0.12412084
4.63000000	-0.43077344	-18.39232309	3.87938437	0.12338580
4.64000000	-0.42954361	-18.43111826	3.87964971	0.12256651
4.65000000	-0.42832238	-18.46991607	3.87991262	0.12166574
4.66000000	-0.42711055	-18.50871650	3.88017295	0.12068688
4.67000000	-0.42590889	-18.54751952	3.88043054	0.11963388
4.68000000	-0.42471811	-18.58632511	3.88068526	0.11851118
4.69000000	-0.42353888	-18.62513322	3.88093696	0.11732366
4.70000000	-0.42237183	-18.66394383	3.88118553	0.11607650
4.71000000	-0.42121753	-18.70275692	3.88143087	0.11477518
4.72000000	-0.42007649	-18.74157244	3.88167287	0.11342533
4.73000000	-0.41894917	-18.78039036	3.88191146	0.11203271
4.74000000	-0.41783596	-18.81921066	3.88214656	0.11060312
4.75000000	-0.41673721	-18.85803328	3.88237812	0.10914234
4.76000000	-0.41565320	-18.89685821	3.88260609	0.10765606
4.77000000	-0.41458416	-18.93568539	3.88283045	0.10614984
4.78000000	-0.41353025	-18.97451480	3.88305116	0.10462907
4.79000000	-0.41249161	-19.01334640	3.88326823	0.10309892
4.80000000	-0.41146829	-19.05218016	3.88348164	0.10156434
4.81000000	-0.41046032	-19.09101603	3.88369142	0.10003000
4.82000000	-0.40946767	-19.12985397	3.88389757	0.09850029
4.83000000	-0.40849028	-19.16869396	3.88410014	0.09697932
4.84000000	-0.40752804	-19.20753596	3.88429916	0.09547090
4.85000000	-0.40658081	-19.24637994	3.88449466	0.09397855
4.86000000	-0.40564841	-19.28522585	3.88468672	0.09250552
4.87000000	-0.40473063	-19.32407366	3.88487537	0.09105474
4.88000000	-0.40382723	-19.36292334	3.88506068	0.08962891
4.89000000	-0.40293796	-19.40177486	3.88524272	0.08823046
4.90000000	-0.40206252	-19.44062819	3.88542156	0.08686155
4.91000000	-0.40120062	-19.47948328	3.88559728	0.08552415
4.92000000	-0.40035193	-19.51834012	3.88576996	0.08422000
4.93000000	-0.39951611	-19.55719867	3.88593967	0.08295064
4.94000000	-0.39869280	-19.59605891	3.88610650	0.08171743
4.95000000	-0.39788163	-19.63492079	3.88627054	0.08052157
4.96000000	-0.39708224	-19.67378431	3.88643187	0.07936411
4.97000000	-0.39629422	-19.71264942	3.88659058	0.07824594
4.98000000	-0.39551718	-19.75151611	3.88674677	0.07716787
4.99000000	-0.39475073	-19.79038435	3.88690053	0.07613056
5.00000000	-0.39399443	-19.82925411	3.88705194	0.07513460
5.01000000	-0.39324789	-19.86812538	3.88720110	0.07418048
5.02000000	-0.39251068	-19.90699813	3.88734810	0.07326862
5.03000000	-0.39178238	-19.94587234	3.88749303	0.07239935
5.04000000	-0.39106255	-19.98474798	3.88763600	0.07157299
5.05000000	-0.39035078	-20.02362505	3.88777708	0.07078977
5.06000000	-0.38964661	-20.06250352	3.88791638	0.07004988
5.07000000	-0.38894963	-20.10138337	3.88805399	0.06935350
5.08000000	-0.38825940	-20.14026459	3.88819000	0.06870076
5.09000000	-0.38757547	-20.17914717	3.88832450	0.06809176
5.10000000	-0.38689742	-20.21803108	3.88845758	0.06752661
5.11000000	-0.38622479	-20.25691631	3.88858934	0.06700539
5.12000000	-0.38555716	-20.29580286	3.88871986	0.06652815
5.13000000	-0.38489408	-20.33469071	3.88884924	0.06609498
5.14000000	-0.38423512	-20.37357984	3.88897757	0.06570594
5.15000000	-0.38357982	-20.41247025	3.88910494	0.06536109
5.16000000	-0.38292775	-20.45136194	3.88923143	0.06506053
5.17000000	-0.38227846	-20.49025488	3.88935714	0.06480434
5.18000000	-0.38163151	-20.52914908	3.88948216	0.06459263
5.19000000	-0.38098646	-20.56804452	3.88960656	0.06442551
5.20000000	-0.38034285	-20.60694121	3.88973045	0.06430314
5.21000000	-0.37970025	-20.64583913	3.88985391	0.06422569
5.22000000	-0.37905819	-20.68473828	3.88997703	0.06419333
5.23000000	-0.37841623	-20.72363867	3.89009989	0.06420631
5.24000000	-0.37777391	-20.76254028	3.89022259	0.06426487
5.25000000	-0.37713078	-20.80144312	3.89034521	0.06436930
5.26000000	-0.37648637	-20.84034719	3.89046784	0.06451991
5.27000000	-0.37584022	-20.87925248	3.89059056	0.06471706
5.28000000	-0.37519187	-20.91815900	3.89071347	0.06496113
5.29000000	-0.37454084	-20.95706675	3.89083665	0.06525254
5.30000000	-0.37388666	-20.99597573	3.89096020	0.06559175
5.31000000	-0.37322885	-21.03488595	3.89108420	0.06597923
5.32000000	-0.37256692	-21.07379742	3.89120874	0.06641551
5.33000000	-0.37190037	-21.11271013	3.89133391	0.06690111
5.34000000	-0.37122873	-21.15162410	3.89145981	0.06743658
5.35000000	-0.37055147	-21.19053933	3.89158652	0.06802251
5.36000000	-0.36986811	-21.22945583	3.89171413	0.06865946
5.37000000	-0.36917811	-21.26837362	3.89184274	0.06934799
5.38000000	-0.36848097	-21.30729269	3.89197244	0.07008868
5.39000000	-0.36777616	-21.34621307	3.89210332	0.07088204
5.40000000	-0.36706315	-21.38513476	3.89223548	0.07172858
5.41000000	-0.36634141	-21.42405778	3.89236901	0.07262874
5.42000000	-0.36561040	-21.46298215	3.89250401	0.07358287
5.43000000	-0.36486957	-21.50190787	3.89264057	0.07459125
5.44000000	-0.36411839	-21.54083496	3.89277878	0.07565405
5.45000000	-0.36335631	-21.57976345	3.89291874	0.07677130
5.46000000	-0.36258279	-21.61869334	3.89306054	0.07794286
5.47000000	-0.36179727	-21.65762467	3.89320428	0.07916841
5.48000000	-0.36099924	-21.69655744	3.89335004	0.08044741
5.49000000	-0.36018815	-21.73549167	3.89349791	0.08177910
5.50000000	-0.35936349	-21.77442740	3.89364798	0.08316240
5.51000000	-0.35852474	-21.81336464	3.89380035	0.08459596
5.52000000	-0.35767140	-21.85230342	3.89395507	0.08607808
5.53000000	-0.35680302	-21.89124375	3.89411225	0.08760668
5.54000000	-0.35591912	-21.93018567	3.89427194	0.08917929
5.55000000	-0.35501930	-21.96912920	3.89443422	0.09079302
5.56000000	-0.35410314	-22.00807436	3.89459914	0.09244451
5.57000000	-0.35317029	-22.04702119	3.89476677	0.09412992
5.58000000	-0.35222044	-22.08596971	3.89493714	0.09584493
5.59000000	-0.35125331	-22.12491994	3.89511031	0.09758470
5.60000000	-0.35026868	-22.16387192	3.89528629	0.09934385
5.61000000	-0.34926639	-22.20282568	3.89546511	0.10111652
5.62000000	-0.34824633	-22.24178123	3.89564678	0.10289630
5.63000000	-0.34720846	-22.28073862	3.89583129	0.10467629
5.64000000	-0.34615283	-22.31969787	3.89601862	0.10644914
5.65000000	-0.34507953	-22.35865900	3.89620876	0.10820704
5.66000000	-0.34398876	-22.39762205	3.89640164	0.10994178
5.67000000	-0.34288080	-22.43658705	3.89659722	0.11164484
5.68000000	-0.34175600	-22.47555401	3.89679542	0.11330741
5.69000000	-0.34061482	-22.51452296	3.89699616	0.11492051
5.70000000	-0.33945779	-22.55349394	3.89719933	0.11647503
5.71000000	-0.33828554	-22.59246696	3.89740480	0.11796190
5.72000000	-0.33709880	-22.63144204	3.89761245	0.11937212
5.73000000	-0.33589838	-22.67041921	3.89782213	0.12069691
5.74000000	-0.33468518	-22.70939849	3.89803368	0.12192785
5.75000000	-0.33346017	-22.74837989	3.89824691	0.12305694
5.76000000	-0.33222440	-22.78736343	3.89846164	0.12407678
5.77000000	-0.33097902	-22.82634913	3.89867766	0.12498068
5.78000000	-0.32972520	-22.86533699	3.89889477	0.12576273
5.79000000	-0.32846419	-22.90432703	3.89911275	0.12641800
5.80000000	-0.32719727	-22.94331925	3.89933138	0.12694254
5.81000000	-0.32592578	-22.98231366	3.89955041	0.12733359
5.82000000	-0.32465105	-23.02131026	3.89976962	0.12758956
5.83000000	-0.32337444	-23.06030905	3.89998878	0.12771019
5.84000000	-0.32209729	-23.09931003	3.90020766	0.12769656
5.85000000	-0.32082095	-23.13831320	3.90042603	0.12755115
5.86000000	-0.31954670	-23.17731855	3.90064366	0.12727791
5.87000000	-0.31827580	-23.21632607	3.90086035	0.12688226
5.88000000	-0.31700944	-23.25533575	3.90107590	0.12637113
5.89000000	-0.31574873	-23.29434758	3.90129013	0.12575297
5.90000000	-0.31449470	-23.33336155	3.90150286	0.12503775
5.91000000	-0.31324826	-23.37237764	3.90171394	0.12423700
5.92000000	-0.31201020	-23.41139582	3.90192325	0.12336382
5.93000000	-0.31078118	-23.45041609	3.90213068	0.12243289
5.94000000	-0.30956168	-23.48943843	3.90233615	0.12146055
5.95000000	-0.30835205	-23.52846281	3.90253962	0.12046479
5.96000000	-0.30715240	-23.56748922	3.90274108	0.11946538
5.97000000	-0.30596268	-23.60651763	3.90294053	0.11848396
5.98000000	-0.30478258	-23.64554802	3.90313803	0.11754414
5.99000000	-0.30361157	-23.68458038	3.90333369	0.11667170
6.00000000	-0.30244883	-23.72361469	3.90352764	0.11589480
6.01000000	-0.30129325	-23.76265093	3.90372008	0.11524416
6.02000000	-0.30014342	-23.80168909	3.90391124	0.11475342
6.03000000	-0.29899753	-23.84072915	3.90410143	0.11445944
6.04000000	-0.29785344	-23.87977111	3.90429101	0.11440269
6.05000000	-0.29670854	-23.91881497	3.90448040	0.11462768
6.06000000	-0.29555978	-23.95786072	3.90467012	0.11518340
6.07000000	-0.29440359	-23.99690838	3.90486076	0.11612390
6.08000000	-0.29323582	-24.03595794	3.90505298	0.11750877
6.09000000	-0.29205171	-24.07500944	3.90524757	0.11940373
6.10000000	-0.29084581	-24.11406290	3.90544543	0.12188119
6.11000000	-0.28961188	-24.15311837	3.90564754	0.12502073
6.12000000	-0.28834289	-24.19217587	3.90585506	0.12890962
6.13000000	-0.28703088	-24.23123549	3.90606927	0.13364307
6.14000000	-0.28566687	-24.27029729	3.90629160	0.13932444
6.15000000	-0.28424086	-24.30936135	3.90652366	0.14606504
6.16000000	-0.28274165	-24.34842780	3.90676723	0.15398361
6.17000000	-0.28115684	-24.38749674	3.90702429	0.16320531
6.18000000	-0.27947277	-24.42656834	3.90729702	0.17385992
6.19000000	-0.27767443	-24.46564274	3.90758777	0.18607932
6.20000000	-0.27574553	-24.50472016	3.90789913	0.19999379
6.21000000	-0.27366849	-24.54380080	3.90823387	0.21572714
6.22000000	-0.27142455	-24.58288492	3.90859492	0.23339036
6.23000000	-0.26899394	-24.62197280	3.90898537	0.25307368
6.24000000	-0.26635614	-24.66106474	3.90940843	0.27483699
6.25000000	-0.26349020	-24.70016109	3.90986734	0.29869872
6.26000000	-0.26037528	-24.73926222	3.91036533	0.32462349
6.27000000	-0.25699119	-24.77836854	3.91090548	0.35250905
6.28000000	-0.25331916	-24.81748048	3.91149066	0.38217348
6.29000000	-0.24934269	-24.85659851	3.91212334	0.41334391
6.30000000	-0.24504849	-24.89572311	3.91280550	0.44564838
6.31000000	-0.24042751	-24.93485479	3.91353840	0.47861266
6.32000000	-0.23547594	-24.97399405	3.91432249	0.51166400
6.33000000	-0.23019613	-25.01314140	3.91515723	0.54414337
6.34000000	-0.22459738	-25.05229736	3.91604101	0.57532717
6.35000000	-0.21869643	-25.09146238	3.91697102	0.60445832
6.36000000	-0.21251757	-25.13063692	3.91794329	0.63078537
6.37000000	-0.20609242	-25.16982137	3.91895274	0.65360654
6.38000000	-0.19945916	-25.20901608	3.91999325	0.67231467
6.39000000	-0.19266143	-25.24822131	3.92105789	0.68643791
6.40000000	-0.18574673	-25.28743729	3.92213915	0.69567140
6.41000000	-0.17876472	-25.32666413	3.92322924	0.69989560
6.42000000	-0.17176530	-25.36590188	3.92432034	0.69917932
6.43000000	-0.16479680	-25.40515051	3.92540493	0.69376699
6.44000000	-0.15790432	-25.44440993	3.92647603	0.68405239
6.45000000	-0.15112841	-25.48367997	3.92752737	0.67054265
6.46000000	-0.14450419	-25.52296039	3.92855359	0.65381723
6.47000000	-0.13806075	-25.56225094	3.92955026	0.63448687
6.48000000	-0.13182111	-25.60155129	3.93051392	0.61315650
6.49000000	-0.12580238	-25.64086110	3.93144202	0.59039522
6.50000000	-0.12001626	-25.68018001	3.93233288	0.56671475
6.51000000	-0.11446967	-25.71950763	3.93318555	0.54255657
6.52000000	-0.10916549	-25.75884359	3.93399971	0.51828689
6.53000000	-0.10410332	-25.79818750	3.93477552	0.49419803
6.54000000	-0.09928018	-25.83753897	3.93551358	0.47051425
6.55000000	-0.09469113	-25.87689764	3.93621473	0.44740048
6.56000000	-0.09032988	-25.91626315	3.93688007	0.42497231
6.57000000	-0.08618914	-25.95563513	3.93751080	0.40330599
6.58000000	-0.08226106	-25.99501325	3.93810824	0.38244780
6.59000000	-0.07853741	-26.03439719	3.93867371	0.36242208
6.60000000	-0.07500981	-26.07378663	3.93920861	0.34323785
6.61000000	-0.07166985	-26.11318126	3.93971428	0.32489391
6.62000000	-0.06850916	-26.15258082	3.94019209	0.30738260
6.63000000	-0.06551946	-26.19198502	3.94064337	0.29069240
6.64000000	-0.06269262	-26.23139360	3.94106942	0.27480953
6.65000000	-0.06002063	-26.27080633	3.94147153	0.25971894
6.66000000	-0.05749565	-26.31022296	3.94185095	0.24540476
6.67000000	-0.05511000	-26.34964327	3.94220889	0.23185040
6.68000000	-0.05285617	-26.38906707	3.94254654	0.21903848
6.69000000	-0.05072682	-26.42849414	3.94286507	0.20695076
6.70000000	-0.04871481	-26.46792431	3.94316560	0.19556796
6.71000000	-0.04681318	-26.50735740	3.94344921	0.18486963
6.72000000	-0.04501520	-26.54679324	3.94371697	0.17483418
6.73000000	-0.04331436	-26.58623169	3.94396988	0.16543880
6.74000000	-0.04170437	-26.62567259	3.94420893	0.15665962
6.75000000	-0.04017920	-26.66511582	3.94443506	0.14847182
6.76000000	-0.03873305	-26.70456125	3.94464914	0.14084978
6.77000000	-0.03736040	-26.74400877	3.94485205	0.13376733
6.78000000	-0.03605599	-26.78345826	3.94504458	0.12719792
6.79000000	-0.03481482	-26.82290963	3.94522751	0.12111486
6.80000000	-0.03363216	-26.86236278	3.94540156	0.11549152
6.81000000	-0.03250355	-26.90181763	3.94556741	0.11030156
6.82000000	-0.03142478	-26.94127410	3.94572571	0.10551905
6.83000000	-0.03039189	-26.98073212	3.94587705	0.10111870
6.84000000	-0.02940121	-27.02019162	3.94602199	0.09707592
6.85000000	-0.02844926	-27.05965254	3.94616106	0.09336698
6.86000000	-0.02753283	-27.09911482	3.94629475	0.08996907
6.87000000	-0.02664892	-27.13857842	3.94642351	0.08686039
6.88000000	-0.02579473	-27.17804328	3.94654775	0.08402014
6.89000000	-0.02496769	-27.21750936	3.94666788	0.08142862
6.90000000	-0.02416539	-27.25697662	3.94678424	0.07906719
6.91000000	-0.02338563	-27.29644503	3.94689716	0.07691825
6.92000000	-0.02262637	-27.33591456	3.94700696	0.07496530
6.93000000	-0.02188573	-27.37538516	3.94711392	0.07319284
6.94000000	-0.02116196	-27.41485683	3.94721828	0.07158638
6.95000000	-0.02045349	-27.45432952	3.94732029	0.07013240
6.96000000	-0.01975885	-27.49380323	3.94742017	0.06881828
6.97000000	-0.01907670	-27.53327792	3.94751811	0.06763231
6.98000000	-0.01840581	-27.57275358	3.94761429	0.06656360
6.99000000	-0.01774507	-27.61223020	3.94770889	0.06560205
7.00000000	-0.01709345	-27.65170776	3.94780204	0.06473831
7.01000000	-0.01645001	-27.69118624	3.94789390	0.06396371
7.02000000	-0.01581390	-27.73066563	3.94798458	0.06327027
7.03000000	-0.01518435	-27.77014592	3.94807419	0.06265059
7.04000000	-0.01456067	-27.80962711	3.94816285	0.06209784
7.05000000	-0.01394220	-27.84910918	3.94825064	0.06160575
7.06000000	-0.01332837	-27.88859212	3.94833764	0.06116851
7.07000000	-0.01271866	-27.92807593	3.94842394	0.06078078
7.08000000	-0.01211260	-27.96756060	3.94850960	0.06043765
7.09000000	-0.01150977	-28.00704612	3.94859469	0.06013459
7.10000000	-0.01090979	-28.04653249	3.94867925	0.05986745
7.11000000	-0.01031232	-28.08601970	3.94876335	0.05963240
7.12000000	-0.00971705	-28.12550775	3.94884701	0.05942592
7.13000000	-0.00912372	-28.16499664	3.94893028	0.05924478
7.14000000	-0.00853208	-28.20448636	3.94901320	0.05908602
7.15000000	-0.00794193	-28.24397690	3.94909580	0.05894693
7.16000000	-0.00735308	-28.28346827	3.94917810	0.05882500
7.17000000	-0.00676538	-28.32296047	3.94926012	0.05871794
7.18000000	-0.00617868	-28.36245348	3.94934189	0.05862367
7.19000000	-0.00559287	-28.40194730	3.94942343	0.05854026
7.20000000	-0.00500785	-28.44144194	3.94950474	0.05846596
7.21000000	-0.00442353	-28.48093740	3.94958584	0.05839917
7.22000000	-0.00383984	-28.52043366	3.94966673	0.05833842
7.23000000	-0.00325674	-28.55993073	3.94974744	0.05828238
7.24000000	-0.00267418	-28.59942861	3.94982796	0.05822982
7.25000000	-0.00209214	-28.63892729	3.94990830	0.05817966
7.26000000	-0.00151059	-28.67842677	3.94998846	0.05813087
7.27000000	-0.00092952	-28.71792706	3.95006844	0.05808256
7.28000000	-0.00034894	-28.75742814	3.95014824	0.05803390
7.29000000	0.00023116	-28.79693002	3.95022787	0.05798415
7.30000000	0.00081074	-28.83643270	3.95030732	0.05793265
7.31000000	0.00138980	-28.87593617	3.95038659	0.05787879
7.32000000	0.00196831	-28.91544043	3.95046567	0.05782206
7.33000000	0.00254623	-28.95494548	3.95054457	0.05776196
7.34000000	0.00312353	-28.99445132	3.95062328	0.05769810
7.35000000	0.00370018	-29.03395795	3.95070179	0.05763009
7.36000000	0.00427612	-29.07346535	3.95078009	0.05755763
7.37000000	0.00485132	-29.11297355	3.95085819	0.05748044
7.38000000	0.00542571	-29.15248252	3.95093607	0.05739828
7.39000000	0.00599926	-29.19199227	3.95101374	0.05731096
7.40000000	0.00657192	-29.23150279	3.95109118	0.05721831
7.41000000	0.00714361	-29.27101409	3.95116838	0.05712021
7.42000000	0.00771430	-29.31052616	3.95124535	0.05701656
7.43000000	0.00828392	-29.35003900	3.95132206	0.05690727
7.44000000	0.00885243	-29.38955260	3.95139853	0.05679231
7.45000000	0.00941975	-29.42906697	3.95147473	0.05667164
7.46000000	0.00998584	-29.46858209	3.95155066	0.05654527
7.47000000	0.01055064	-29.50809798	3.95162632	0.05641321
7.48000000	0.01111409	-29.54761462	3.95170170	0.05627548
7.49000000	0.01167613	-29.58713201	3.95177679	0.05613215
7.50000000	0.01223671	-29.62665015	3.95185158	0.05598326
7.51000000	0.01279578	-29.66616904	3.95192607	0.05582890
7.52000000	0.01335327	-29.70568867	3.95200026	0.05566916
7.53000000	0.01390914	-29.74520905	3.95207413	0.05550413
7.54000000	0.01446334	-29.78473016	3.95214768	0.05533392
7.55000000	0.01501580	-29.82425200	3.95222090	0.05515865
7.56000000	0.01556649	-29.86377457	3.95229379	0.05497843
7.57000000	0.01611536	-29.90329787	3.95236634	0.05479340
7.58000000	0.01666235	-29.94282190	3.95243855	0.05460370
7.59000000	0.01720742	-29.98234664	3.95251042	0.05440946
7.60000000	0.01775052	-30.02187210	3.95258192	0.05421082
7.61000000	0.01829162	-30.06139828	3.95265307	0.05400794
7.62000000	0.01883067	-30.10092517	3.95272386	0.05380095
7.63000000	0.01936762	-30.14045276	3.95279428	0.05359002
7.64000000	0.01990245	-30.17998105	3.95286433	0.05337529
7.65000000	0.02043512	-30.21951004	3.95293401	0.05315692
7.66000000	0.02096558	-30.25903973	3.95300330	0.05293506
7.67000000	0.02149381	-30.29857011	3.95307222	0.05270987
7.68000000	0.02201977	-30.33810117	3.95314075	0.05248149
7.69000000	0.02254343	-30.37763292	3.95320889	0.05225008
7.70000000	0.02306476	-30.41716535	3.95327664	0.05201580
7.71000000	0.02358373	-30.45669845	3.95334399	0.05177878
7.72000000	0.02410033	-30.49623223	3.95341095	0.05153918
7.73000000	0.02461451	-30.53576667	3.95347751	0.05129715
7.74000000	0.02512626	-30.57530178	3.95354367	0.05105282
7.75000000	0.02563556	-30.61483754	3.95360943	0.05080635
7.76000000	0.02614238	-30.65437396	3.95367479	0.05055786
7.77000000	0.02664671	-30.69391104	3.95373974	0.05030751
7.78000000	0.02714853	-30.73344876	3.95380428	0.05005541
7.79000000	0.02764781	-30.77298712	3.95386841	0.04980170
7.80000000	0.02814455	-30.81252612	3.95393214	0.04954652
7.81000000	0.02863874	-30.85206576	3.95399545	0.04928998
7.82000000	0.02913035	-30.89160603	3.95405836	0.04903221
7.83000000	0.02961938	-30.93114693	3.95412086	0.04877332
7.84000000	0.03010581	-30.97068845	3.95418294	0.04851344
7.85000000	0.03058964	-31.01023058	3.95424462	0.04825268
7.86000000	0.03107086	-31.04977334	3.95430588	0.04799115
7.87000000	0.03154947	-31.08931670	3.95436673	0.04772896
7.88000000	0.03202544	-31.12886067	3.95442717	0.04746621
7.89000000	0.03249879	-31.16840524	3.95448720	0.04720300
7.90000000	0.03296950	-31.20795041	3.95454682	0.04693943
7.91000000	0.03343758	-31.24749618	3.95460604	0.04667560
7.92000000	0.03390301	-31.28704253	3.95466484	0.04641160
7.93000000	0.03436581	-31.32658947	3.95472324	0.04614751
7.94000000	0.03482596	-31.36613700	3.95478123	0.04588344
7.95000000	0.03528348	-31.40568510	3.95483881	0.04561946
7.96000000	0.03573835	-31.44523377	3.95489600	0.04535566
7.97000000	0.03619059	-31.48478302	3.95495277	0.04509210
7.98000000	0.03664019	-31.52433283	3.95500915	0.04482888
7.99000000	0.03708717	-31.56388320	3.95506513	0.04456606
8.00000000	0.03753152	-31.60343413	3.95512071	0.04430372
