T	Ut	Ft	St	Ct
0.01000000	-1.99218750	-4.02111620	202.89286962	0.00000000
0.02000000	-1.99218750	-6.05004489	202.89286962	0.00000000
0.03000000	-1.99218750	-8.07897359	202.89286962	0.00000000
0.04000000	-1.99218750	-10.10790228	202.89286962	0.00000000
0.05000000	-1.99218750	-12.13683098	202.89286962	0.00000000
0.06000000	-1.99218750	-14.16575968	202.89286962	0.00000000
0.07000000	-1.99218750	-16.19468837	202.89286962	0.00000000
0.08000000	-1.99218750	-18.22361707	202.89286962	0.00000000
0.09000000	-1.99218750	-20.25254577	202.89286962	0.00000000
0.10000000	-1.99218750	-22.28147446	202.89286962	0.00000000
0.11000000	-1.99218750	-24.31040316	202.89286962	0.00000000
0.12000000	-1.99218750	-26.33933185	202.89286962	0.00000000
0.13000000	-1.99218750	-28.36826055	202.89286962	-0.00000000
0.14000000	-1.99218750	-30.39718925	202.89286962	0.00000000
0.15000000	-1.99218750	-32.42611794	202.89286962	0.00000000
0.16000000	-1.99218750	-34.45504664	202.89286962	0.00000000
0.17000000	-1.99218750	-36.48397534	202.89286962	0.00000000
0.18000000	-1.99218750	-38.51290403	202.89286962	0.00000000
0.19000000	-1.99218750	-40.54183273	202.89286962	0.00000000
0.20000000	-1.99218750	-42.57076142	202.89286962	0.00000000
0.21000000	-1.99218750	-44.59969012	202.89286962	0.00000000
0.22000000	-1.99218750	-46.62861882	202.89286962	0.00000001
0.23000000	-1.99218750	-48.65754751	202.89286962	0.00000002
0.24000000	-1.99218750	-50.68647621	202.89286962	0.00000004
0.25000000	-1.99218750	-52.71540490	202.89286962	0.00000007
0.26000000	-1.99218750	-54.74433360	202.89286963	0.00000012
0.27000000	-1.99218750	-56.77326230	202.89286963	0.00000020
0.28000000	-1.99218749	-58.80219099	202.89286964	0.00000032
0.29000000	-1.99218749	-60.83111969	202.89286966	0.00000049
0.30000000	-1.99218748	-62.86004839	202.89286968	0.00000072
0.31000000	-1.99218748	-64.88897708	202.89286971	0.00000104
0.32000000	-1.99218746	-66.91790578	202.89286974	0.00000146
0.33000000	-1.99218745	-68.94683448	202.89286980	0.00000200
0.34000000	-1.99218742	-70.97576318	202.89286987	0.00000270
0.35000000	-1.99218739	-73.00469188	202.89286996	0.00000357
0.36000000	-1.99218735	-75.03362058	202.89287007	0.00000466
0.37000000	-1.99218730	-77.06254928	202.89287022	0.00000598
0.38000000	-1.99218723	-79.09147798	202.89287040	0.00000758
0.39000000	-1.99218714	-81.12040669	202.89287062	0.00000949
0.40000000	-1.99218704	-83.14933539	202.89287089	0.00001176
0.41000000	-1.99218691	-85.17826410	202.89287121	0.00001444
0.42000000	-1.99218675	-87.20719282	202.89287159	0.00001758
0.43000000	-1.99218655	-89.23612154	202.89287205	0.00002124
0.44000000	-1.99218632	-91.26505026	202.89287259	0.00002550
0.45000000	-1.99218604	-93.29397899	202.89287321	0.00003044
0.46000000	-1.99218571	-95.32290772	202.89287394	0.00003616
0.47000000	-1.99218532	-97.35183647	202.89287479	0.00004276
0.48000000	-1.99218485	-99.38076522	202.89287577	0.00005038
0.49000000	-1.99218430	-101.40969398	202.89287689	0.00005916
0.50000000	-1.99218366	-103.43862276	202.89287819	0.00006928
0.51000000	-1.99218291	-105.46755155	202.89287967	0.00008091
0.52000000	-1.99218204	-107.49648035	202.89288137	0.00009428
0.53000000	-1.99218102	-109.52540918	202.89288331	0.00010963
0.54000000	-1.99217984	-111.55433802	202.89288552	0.00012724
0.55000000	-1.99217847	-113.58326689	202.89288803	0.00014738
0.56000000	-1.99217688	-115.61219578	202.89289089	0.00017041
0.57000000	-1.99217505	-117.64112471	202.89289413	0.00019667
0.58000000	-1.99217294	-119.67005367	202.89289781	0.00022656
0.59000000	-1.99217050	-121.69898266	202.89290196	0.00026050
0.60000000	-1.99216771	-123.72791171	202.89290666	0.00029894
0.61000000	-1.99216451	-125.75684080	202.89291195	0.00034237
0.62000000	-1.99216085	-127.78576995	202.89291791	0.00039129
0.63000000	-1.99215666	-129.81469916	202.89292460	0.00044626
0.64000000	-1.99215190	-131.84362844	202.89293210	0.00050785
0.65000000	-1.99214648	-133.87255780	202.89294050	0.00057665
0.66000000	-1.99214034	-135.90148726	202.89294987	0.00065328
0.67000000	-1.99213339	-137.93041681	202.89296032	0.00073841
0.68000000	-1.99212554	-139.95934647	202.89297195	0.00083268
0.69000000	-1.99211670	-141.98827625	202.89298485	0.00093680
0.70000000	-1.99210677	-144.01720617	202.89299914	0.00105148
0.71000000	-1.99209563	-146.04613624	202.89301493	0.00117744
0.72000000	-1.99208318	-148.07506647	202.89303235	0.00131542
0.73000000	-1.99206928	-150.10399689	202.89305151	0.00146619
0.74000000	-1.99205381	-152.13292751	202.89307256	0.00163050
0.75000000	-1.99203663	-154.16185835	202.89309563	0.00180914
0.76000000	-1.99201758	-156.19078943	202.89312085	0.00200290
0.77000000	-1.99199651	-158.21972077	202.89314839	0.00221259
0.78000000	-1.99197327	-160.24865240	202.89317838	0.00243901
0.79000000	-1.99194768	-162.27758435	202.89321098	0.00268300
0.80000000	-1.99191955	-164.30651663	202.89324635	0.00294540
0.81000000	-1.99188870	-166.33544928	202.89328467	0.00322705
0.82000000	-1.99185494	-168.36438234	202.89332609	0.00352883
0.83000000	-1.99181806	-170.39331582	202.89337080	0.00385163
0.84000000	-1.99177784	-172.42224976	202.89341896	0.00419637
0.85000000	-1.99173405	-174.45118421	202.89347077	0.00456399
0.86000000	-1.99168648	-176.48011919	202.89352641	0.00495549
0.87000000	-1.99163486	-178.50905475	202.89358608	0.00537188
0.88000000	-1.99157895	-180.53799093	202.89364997	0.00581426
0.89000000	-1.99151849	-182.56692776	202.89371829	0.00628376
0.90000000	-1.99145318	-184.59586531	202.89379125	0.00678160
0.91000000	-1.99138275	-186.62480361	202.89386907	0.00730908
0.92000000	-1.99130690	-188.65374271	202.89395197	0.00786759
0.93000000	-1.99122529	-190.68268266	202.89404018	0.00845864
0.94000000	-1.99113761	-192.71162353	202.89413396	0.00908385
0.95000000	-1.99104350	-194.74056536	202.89423354	0.00974499
0.96000000	-1.99094258	-196.76950822	202.89433920	0.01044399
0.97000000	-1.99083448	-198.79845217	202.89445122	0.01118292
0.98000000	-1.99071879	-200.82739727	202.89456988	0.01196407
0.99000000	-1.99059505	-202.85634359	202.89469549	0.01278990
1.00000000	-1.99046283	-204.88529120	202.89482837	0.01366310
1.01000000	-1.99032162	-206.91424018	202.89496887	0.01458656
1.02000000	-1.99017092	-208.94319060	202.89511734	0.01556342
1.03000000	-1.99001017	-210.97214256	202.89527416	0.01659703
1.04000000	-1.98983878	-213.00109612	202.89543975	0.01769099
1.05000000	-1.98965613	-215.03005138	202.89561452	0.01884911
1.06000000	-1.98946157	-217.05900844	202.89579893	0.02007542
1.07000000	-1.98925438	-219.08796739	202.89599347	0.02137412
1.08000000	-1.98903383	-221.11692834	202.89619862	0.02274955
1.09000000	-1.98879912	-223.14589140	202.89641494	0.02420615
1.10000000	-1.98854942	-225.17485668	202.89664296	0.02574839
1.11000000	-1.98828385	-227.20382430	202.89688329	0.02738067
1.12000000	-1.98800150	-229.23279439	202.89713651	0.02910718
1.13000000	-1.98770138	-231.26176708	202.89740327	0.03093184
1.14000000	-1.98738252	-233.29074250	202.89768420	0.03285804
1.15000000	-1.98704387	-235.31972081	202.89797995	0.03488850
1.16000000	-1.98668440	-237.34870215	202.89829117	0.03702501
1.17000000	-1.98630302	-239.37768669	202.89861852	0.03926818
1.18000000	-1.98589868	-241.40667458	202.89896263	0.04161710
1.19000000	-1.98547033	-243.43566600	202.89932409	0.04406908
1.20000000	-1.98501697	-245.46466112	202.89970346	0.04661923
1.21000000	-1.98453765	-247.49366013	202.90010123	0.04926017
1.22000000	-1.98403150	-249.52266321	202.90051780	0.05198164
1.23000000	-1.98349779	-251.55167055	202.90095346	0.05477026
1.24000000	-1.98293593	-253.58068234	202.90140840	0.05760920
1.25000000	-1.98234550	-255.60969878	202.90188262	0.06047810
1.26000000	-1.98172634	-257.63872006	202.90237596	0.06335297
1.27000000	-1.98107852	-259.66774636	202.90288807	0.06620637
1.28000000	-1.98040239	-261.69677788	202.90341835	0.06900766
1.29000000	-1.97969865	-263.72581479	202.90396600	0.07172351
1.30000000	-1.97896832	-265.75485726	202.90452995	0.07431864
1.31000000	-1.97821280	-267.78390544	202.90510888	0.07675665
1.32000000	-1.97743383	-269.81295948	202.90570125	0.07900113
1.33000000	-1.97663354	-271.84201950	202.90630524	0.08101689
1.34000000	-1.97581437	-273.87108561	202.90691884	0.08277111
1.35000000	-1.97497909	-275.90015790	202.90753986	0.08423472
1.36000000	-1.97413072	-277.92923643	202.90816596	0.08538345
1.37000000	-1.97327253	-279.95832123	202.90879467	0.08619885
1.38000000	-1.97240790	-281.98741232	202.90942350	0.08666907
1.39000000	-1.97154031	-284.01650969	202.91004991	0.08678925
1.40000000	-1.97067327	-286.04561330	202.91067145	0.08656171
1.41000000	-1.96981021	-288.07472310	202.91128574	0.08599568
1.42000000	-1.96895444	-290.10383899	202.91189053	0.08510692
1.43000000	-1.96810908	-292.13296087	202.91248377	0.08391686
1.44000000	-1.96727702	-294.16208862	202.91306361	0.08245172
1.45000000	-1.96646086	-296.19122209	202.91362844	0.08074144
1.46000000	-1.96566290	-298.22036113	202.91417687	0.07881853
1.47000000	-1.96488508	-300.24950557	202.91470781	0.07671705
1.48000000	-1.96412903	-302.27865523	202.91522040	0.07447152
1.49000000	-1.96339602	-304.30780992	202.91571402	0.07211606
1.50000000	-1.96268697	-306.33696944	202.91618832	0.06968368
1.51000000	-1.96200250	-308.36613362	202.91664313	0.06720567
1.52000000	-1.96134291	-310.39530224	202.91707851	0.06471121
1.53000000	-1.96070824	-312.42447512	202.91749470	0.06222718
1.54000000	-1.96009825	-314.45365207	202.91789209	0.05977801
1.55000000	-1.95951249	-316.48283290	202.91827124	0.05738581
1.56000000	-1.95895028	-318.51201744	202.91863279	0.05507044
1.57000000	-1.95841076	-320.54120550	202.91897754	0.05284986
1.58000000	-1.95789291	-322.57039694	202.91930635	0.05074039
1.59000000	-1.95739553	-324.59959158	202.91962015	0.04875710
1.60000000	-1.95691730	-326.62878929	202.91992000	0.04691427
1.61000000	-1.95645673	-328.65798994	202.92020696	0.04522585
1.62000000	-1.95601222	-330.68719339	202.92048220	0.04370597
1.63000000	-1.95558200	-332.71639955	202.92074696	0.04236951
1.64000000	-1.95516417	-334.74560830	202.92100252	0.04123270
1.65000000	-1.95475662	-336.77481957	202.92125027	0.04031376
1.66000000	-1.95435710	-338.80403329	202.92149168	0.03963374
1.67000000	-1.95396307	-340.83324939	202.92172833	0.03921730
1.68000000	-1.95357177	-342.86246784	202.92196195	0.03909376
1.69000000	-1.95318010	-344.89168862	202.92219439	0.03929831
1.70000000	-1.95278457	-346.92091173	202.92242774	0.03987349
1.71000000	-1.95238123	-348.95013719	202.92266431	0.04087094
1.72000000	-1.95196554	-350.97936504	202.92290669	0.04235374
1.73000000	-1.95153228	-353.00859535	202.92315785	0.04439926
1.74000000	-1.95107536	-355.03782824	202.92342119	0.04710292
1.75000000	-1.95058763	-357.06706383	202.92370068	0.05058315
1.76000000	-1.95006062	-359.09630232	202.92400096	0.05498799
1.77000000	-1.94948418	-361.12554394	202.92432755	0.06050423
1.78000000	-1.94884605	-363.15478898	202.92468704	0.06737004
1.79000000	-1.94813126	-365.18403781	202.92508746	0.07589288
1.80000000	-1.94732134	-367.21329090	202.92553864	0.08647533
1.81000000	-1.94639313	-369.24254880	202.92605286	0.09965256
1.82000000	-1.94531726	-371.27181222	202.92664558	0.11614724
1.83000000	-1.94405586	-373.30108204	202.92733671	0.13694981
1.84000000	-1.94255938	-375.33035936	202.92815217	0.16343487
1.85000000	-1.94076190	-377.35964561	202.92912633	0.19752588
1.86000000	-1.93857464	-379.38894257	202.93030534	0.24191830
1.87000000	-1.93587686	-381.41825260	202.93175173	0.30035770
1.88000000	-1.93250388	-383.44757878	202.93355047	0.37792924
1.89000000	-1.92823269	-385.47692516	202.93581613	0.48122224
1.90000000	-1.92276766	-387.50629715	202.93869973	0.61805374
1.91000000	-1.91573370	-389.53570185	202.94239170	0.79615993
1.92000000	-1.90669098	-391.56514842	202.94711325	1.02002363
1.93000000	-1.89519348	-393.59464829	202.95308539	1.28527638
1.94000000	-1.88091226	-395.62421484	202.96046524	1.57179612
1.95000000	-1.86381662	-397.65386232	202.96925421	1.84012607
1.96000000	-1.84434371	-399.68360386	202.97921436	2.03851691
1.97000000	-1.82342875	-401.71344890	202.98985794	2.12326951
1.98000000	-1.80230420	-403.74340118	203.00055403	2.08162116
1.99000000	-1.78213692	-405.77345817	203.01071420	1.93858233
2.00000000	-1.76371165	-407.80361236	203.01995036	1.74174568
2.01000000	-1.74732322	-409.83385362	203.02812457	1.53797023
2.02000000	-1.73286878	-411.86417150	203.03529838	1.35861966
2.03000000	-1.72002196	-413.89455682	203.04164279	1.21751448
2.04000000	-1.70838573	-415.92500227	203.04736105	1.11603691
2.05000000	-1.69758541	-417.95550259	203.05264253	1.04924460
2.06000000	-1.68730843	-419.98605419	203.05764357	1.01018855
2.07000000	-1.67731160	-422.01665493	203.06248470	0.99218520
2.08000000	-1.66741315	-424.04730365	203.06725505	0.98970021
2.09000000	-1.65748009	-426.07800001	203.07201910	0.99850688
2.10000000	-1.64741568	-428.10874417	203.07682309	1.01554454
2.11000000	-1.63714890	-430.13953672	203.08170039	1.03869430
2.12000000	-1.62662612	-432.17037851	203.08667565	1.06656374
2.13000000	-1.61580475	-434.20127062	203.09176801	1.09830922
2.14000000	-1.60464849	-436.23221431	203.09699337	1.13349741
2.15000000	-1.59312378	-438.26321098	203.10236614	1.17199839
2.16000000	-1.58119721	-440.29426217	203.10790045	1.21389981
2.17000000	-1.56883369	-442.32536958	203.11361100	1.25943147
2.18000000	-1.55599549	-444.35653503	203.11951355	1.30888904
2.19000000	-1.54264190	-446.38776054	203.12562495	1.36254517
2.20000000	-1.52873010	-448.41904829	203.13196281	1.42053638
2.21000000	-1.51421716	-450.45040061	203.13854455	1.48271727
2.22000000	-1.49906374	-452.48182004	203.14538572	1.54848224
2.23000000	-1.48323967	-454.51330923	203.15249756	1.61657177
2.24000000	-1.46673139	-456.54487091	203.15988371	1.68490456
2.25000000	-1.44955061	-458.57650779	203.16753653	1.75050288
2.26000000	-1.43174298	-460.60822245	203.17543340	1.80959152
2.27000000	-1.41339461	-462.64001714	203.18353416	1.85793276
2.28000000	-1.39463400	-464.67189362	203.19178054	1.89139718
2.29000000	-1.37562746	-466.70385299	203.20009849	1.90667318
2.30000000	-1.35656749	-468.73589555	203.20840351	1.90192905
2.31000000	-1.33765566	-470.76802073	203.21660825	1.87721577
2.32000000	-1.31908345	-472.80022711	203.22463089	1.83446974
2.33000000	-1.30101505	-474.83251251	203.23240234	1.77711648
2.34000000	-1.28357562	-476.86487414	203.23987116	1.70941586
2.35000000	-1.26684654	-478.89730881	203.24700522	1.63575646
2.36000000	-1.25086713	-480.92981308	203.25379066	1.56007999
2.37000000	-1.23564108	-482.96238347	203.26022886	1.48553150
2.38000000	-1.22114521	-484.99501655	203.26633249	1.41433939
2.39000000	-1.20733847	-487.02770907	203.27212159	1.34786969
2.40000000	-1.19416983	-489.06045801	203.27762008	1.28677979
2.41000000	-1.18158445	-491.09326059	203.28285317	1.23120614
2.42000000	-1.16952799	-493.12611427	203.28784557	1.18094189
2.43000000	-1.15794925	-495.15901677	203.29262038	1.13558257
2.44000000	-1.14680163	-497.19196602	203.29719852	1.09463311
2.45000000	-1.13604361	-499.22496015	203.30159859	1.05757938
2.46000000	-1.12563870	-501.25799746	203.30583689	1.02393098
2.47000000	-1.11555512	-503.29107640	203.30992764	0.99324329
2.48000000	-1.10576527	-505.32419556	203.31388318	0.96512553
2.49000000	-1.09624518	-507.35735364	203.31771424	0.93924051
2.50000000	-1.08697399	-509.39054946	203.32143019	0.91529985
2.51000000	-1.07793352	-511.42378189	203.32503919	0.89305745
2.52000000	-1.06910788	-513.45704991	203.32854842	0.87230276
2.53000000	-1.06048312	-515.49035255	203.33196420	0.85285473
2.54000000	-1.05204696	-517.52368890	203.33529210	0.83455685
2.55000000	-1.04378860	-519.55705811	203.33853706	0.81727323
2.56000000	-1.03569851	-521.59045938	203.34170347	0.80088564
2.57000000	-1.02776824	-523.62389193	203.34479521	0.78529136
2.58000000	-1.01999033	-525.65735505	203.34781578	0.77040141
2.59000000	-1.01235812	-527.69084802	203.35076830	0.75613923
2.60000000	-1.00486567	-529.72437020	203.35365559	0.74243940
2.61000000	-0.99750765	-531.75792093	203.35648018	0.72924644
2.62000000	-0.99027921	-533.79149960	203.35924442	0.71651363
2.63000000	-0.98317597	-535.82510562	203.36195044	0.70420181
2.64000000	-0.97619388	-537.85873842	203.36460020	0.69227812
2.65000000	-0.96932921	-539.89239744	203.36719556	0.68071488
2.66000000	-0.96257846	-541.92608216	203.36973823	0.66948845
2.67000000	-0.95593839	-543.95979204	203.37222983	0.65857836
2.68000000	-0.94940590	-545.99352659	203.37467190	0.64796644
2.69000000	-0.94297812	-548.02728532	203.37706587	0.63763625
2.70000000	-0.93665229	-550.06106775	203.37941313	0.62757262
2.71000000	-0.93042582	-552.09487343	203.38171498	0.61776144
2.72000000	-0.92429626	-554.12870190	203.38397266	0.60818951
2.73000000	-0.91826128	-556.16255274	203.38618735	0.59884454
2.74000000	-0.91231865	-558.19642551	203.38836017	0.58971532
2.75000000	-0.90646629	-560.23031980	203.39049219	0.58079175
2.76000000	-0.90070216	-562.26423522	203.39258444	0.57206507
2.77000000	-0.89502435	-564.29817136	203.39463791	0.56352792
2.78000000	-0.88943099	-566.33212785	203.39665355	0.55517445
2.79000000	-0.88392027	-568.36610431	203.39863227	0.54700030
2.80000000	-0.87849040	-570.40010038	203.40057499	0.53900258
2.81000000	-0.87313963	-572.43411569	203.40248258	0.53117973
2.82000000	-0.86786622	-574.46814991	203.40435592	0.52353131
2.83000000	-0.86266842	-576.50220270	203.40619586	0.51605780
2.84000000	-0.85754448	-578.53627372	203.40800326	0.50876033
2.85000000	-0.85249262	-580.57036266	203.40977896	0.50164036
2.86000000	-0.84751107	-582.60446920	203.41152382	0.49469944
2.87000000	-0.84259803	-584.63859304	203.41323868	0.48793891
2.88000000	-0.83775169	-586.67273388	203.41492437	0.48135964
2.89000000	-0.83297024	-588.70689143	203.41658173	0.47496187
2.90000000	-0.82825185	-590.74106542	203.41821158	0.46874503
2.91000000	-0.82359474	-592.77525557	203.41981472	0.46270758
2.92000000	-0.81899711	-594.80946163	203.42139196	0.45684703
2.93000000	-0.81445722	-596.84368333	203.42294406	0.45115986
2.94000000	-0.80997335	-598.87792043	203.42447179	0.44564155
2.95000000	-0.80554384	-600.91217269	203.42597588	0.44028671
2.96000000	-0.80116709	-602.94643987	203.42745702	0.43508909
2.97000000	-0.79684156	-604.98072175	203.42891589	0.43004177
2.98000000	-0.79256578	-607.01501811	203.43035313	0.42513728
2.99000000	-0.78833836	-609.04932874	203.43176936	0.42036773
3.00000000	-0.78415800	-611.08365343	203.43316514	0.41572499
3.01000000	-0.78002347	-613.11799198	203.43454103	0.41120083
3.02000000	-0.77593362	-615.15234419	203.43589754	0.40678707
3.03000000	-0.77188739	-617.18670987	203.43723514	0.40247569
3.04000000	-0.76788379	-619.22108883	203.43855429	0.39825899
3.05000000	-0.76392192	-621.25548089	203.43985540	0.39412963
3.06000000	-0.76000093	-623.28988588	203.44113887	0.39008075
3.07000000	-0.75612005	-625.32430361	203.44240507	0.38610604
3.08000000	-0.75227858	-627.35873392	203.44365433	0.38219972
3.09000000	-0.74847585	-629.39317665	203.44488699	0.37835666
3.10000000	-0.74471125	-631.42763161	203.44610334	0.37457229
3.11000000	-0.74098422	-633.46209866	203.44730368	0.37084265
3.12000000	-0.73729423	-635.49657763	203.44848827	0.36716436
3.13000000	-0.73364077	-637.53106837	203.44965738	0.36353459
3.14000000	-0.73002338	-639.56557073	203.45081126	0.35995099
3.15000000	-0.72644160	-641.60008455	203.45195014	0.35641170
3.16000000	-0.72289500	-643.63460968	203.45307427	0.35291524
3.17000000	-0.71938316	-645.66914598	203.45418386	0.34946051
3.18000000	-0.71590566	-647.70369331	203.45527914	0.34604669
3.19000000	-0.71246209	-649.73825152	203.45636032	0.34267322
3.20000000	-0.70905206	-651.77282047	203.45742763	0.33933976
3.21000000	-0.70567516	-653.80740003	203.45848127	0.33604609
3.22000000	-0.70233101	-655.84199005	203.45952144	0.33279214
3.23000000	-0.69901919	-657.87659041	203.46054837	0.32957790
3.24000000	-0.69573932	-659.91120098	203.46156224	0.32640340
3.25000000	-0.69249099	-661.94582161	203.46256327	0.32326869
3.26000000	-0.68927381	-663.98045220	203.46355165	0.32017384
3.27000000	-0.68608738	-666.01509261	203.46452759	0.31711886
3.28000000	-0.68293130	-668.04974271	203.46549128	0.31410376
3.29000000	-0.67980517	-670.08440239	203.46644292	0.31112849
3.30000000	-0.67670860	-672.11907153	203.46738271	0.30819294
3.31000000	-0.67364118	-674.15375001	203.46831082	0.30529699
3.32000000	-0.67060253	-676.18843771	203.46922746	0.30244043
3.33000000	-0.66759224	-678.22313452	203.47013282	0.29962303
3.34000000	-0.66460993	-680.25784033	203.47102706	0.29684450
3.35000000	-0.66165522	-682.29255502	203.47191039	0.29410451
3.36000000	-0.65872772	-684.32727850	203.47278297	0.29140273
3.37000000	-0.65582704	-686.36201065	203.47364499	0.28873877
3.38000000	-0.65295282	-688.39675136	203.47449661	0.28611223
3.39000000	-0.65010467	-690.43150054	203.47533802	0.28352271
3.40000000	-0.64728224	-692.46625809	203.47616937	0.28096978
3.41000000	-0.64448516	-694.50102390	203.47699083	0.27845303
3.42000000	-0.64171306	-696.53579787	203.47780258	0.27597203
3.43000000	-0.63896560	-698.57057992	203.47860476	0.27352637
3.44000000	-0.63624242	-700.60536994	203.47939754	0.27111563
3.45000000	-0.63354317	-702.64016784	203.48018106	0.26873942
3.46000000	-0.63086752	-704.67497353	203.48095550	0.26639733
3.47000000	-0.62821511	-706.70978692	203.48172098	0.26408898
3.48000000	-0.62558562	-708.74460792	203.48247767	0.26181399
3.49000000	-0.62297872	-710.77943644	203.48322571	0.25957198
3.50000000	-0.62039408	-712.81427241	203.48396524	0.25736259
3.51000000	-0.61783136	-714.84911572	203.48469640	0.25518544
3.52000000	-0.61529026	-716.88396631	203.48541933	0.25304018
3.53000000	-0.61277045	-718.91882408	203.48613417	0.25092644
3.54000000	-0.61027163	-720.95368896	203.48684105	0.24884385
3.55000000	-0.60779347	-722.98856088	203.48754011	0.24679202
3.56000000	-0.60533569	-725.02343974	203.48823148	0.24477059
3.57000000	-0.60289796	-727.05832548	203.48891527	0.24277914
3.58000000	-0.60048001	-729.09321802	203.48959162	0.24081727
3.59000000	-0.59808152	-731.12811729	203.49026066	0.23888457
3.60000000	-0.59570222	-733.16302321	203.49092250	0.23698059
3.61000000	-0.59334181	-735.19793571	203.49157726	0.23510489
3.62000000	-0.59100003	-737.23285473	203.49222506	0.23325700
3.63000000	-0.58867658	-739.26778019	203.49286601	0.23143643
3.64000000	-0.58637121	-741.30271203	203.49350023	0.22964270
3.65000000	-0.58408364	-743.33765017	203.49412782	0.22787528
3.66000000	-0.58181362	-745.37259456	203.49474889	0.22613364
3.67000000	-0.57956088	-747.40754513	203.49536355	0.22441725
3.68000000	-0.57732519	-749.44250181	203.49597191	0.22272555
3.69000000	-0.57510629	-751.47746455	203.49657405	0.22105797
3.70000000	-0.57290395	-753.51243327	203.49717009	0.21941394
3.71000000	-0.57071794	-755.54740793	203.49776011	0.21779289
3.72000000	-0.56854802	-757.58238846	203.49834420	0.21619421
3.73000000	-0.56639398	-759.61737479	203.49892247	0.21461733
3.74000000	-0.56425560	-761.65236689	203.49949500	0.21306165
3.75000000	-0.56213268	-763.68736468	203.50006187	0.21152658
3.76000000	-0.56002501	-765.72236811	203.50062317	0.21001154
3.77000000	-0.55793238	-767.75737712	203.50117898	0.20851593
3.78000000	-0.55585462	-769.79239167	203.50172938	0.20703919
3.79000000	-0.55379154	-771.82741169	203.50227445	0.20558076
3.80000000	-0.55174295	-773.86243714	203.50281426	0.20414006
3.81000000	-0.54970868	-775.89746796	203.50334889	0.20271656
3.82000000	-0.54768856	-777.93250410	203.50387841	0.20130974
3.83000000	-0.54568243	-779.96754551	203.50440289	0.19991906
3.84000000	-0.54369013	-782.00259214	203.50492240	0.19854404
3.85000000	-0.54171150	-784.03764394	203.50543700	0.19718420
3.86000000	-0.53974640	-786.07270086	203.50594675	0.19583906
3.87000000	-0.53779467	-788.10776286	203.50645173	0.19450820
3.88000000	-0.53585619	-790.14282988	203.50695198	0.19319118
3.89000000	-0.53393080	-792.17790188	203.50744758	0.19188761
3.90000000	-0.53201839	-794.21297882	203.50793857	0.19059709
3.91000000	-0.53011882	-796.24806064	203.50842502	0.18931928
3.92000000	-0.52823196	-798.28314730	203.50890697	0.18805383
3.93000000	-0.52635770	-800.31823877	203.50938449	0.18680042
3.94000000	-0.52449592	-802.35333498	203.50985763	0.18555876
3.95000000	-0.52264649	-804.38843590	203.51032643	0.18432856
3.96000000	-0.52080931	-806.42354149	203.51079096	0.18310958
3.97000000	-0.51898426	-808.45865171	203.51125125	0.18190158
3.98000000	-0.51717124	-810.49376651	203.51170735	0.18070433
3.99000000	-0.51537014	-812.52888584	203.51215932	0.17951764
4.00000000	-0.51358085	-814.56400968	203.51260721	0.17834132
4.01000000	-0.51180328	-816.59913797	203.51305105	0.17717522
4.02000000	-0.51003731	-818.63427069	203.51349089	0.17601918
4.03000000	-0.50828286	-820.66940778	203.51392678	0.17487307
4.04000000	-0.50653982	-822.70454921	203.51435876	0.17373678
4.05000000	-0.50480809	-824.73969494	203.51478688	0.17261019
4.06000000	-0.50308758	-826.77484493	203.51521117	0.17149322
4.07000000	-0.50137820	-828.80999915	203.51563168	0.17038577
4.08000000	-0.49967984	-830.84515755	203.51604846	0.16928779
4.09000000	-0.49799241	-832.88032011	203.51646154	0.16819921
4.10000000	-0.49631582	-834.91548677	203.51687096	0.16711998
4.11000000	-0.49464998	-836.95065751	203.51727677	0.16605005
4.12000000	-0.49299479	-838.98583230	203.51767901	0.16498938
4.13000000	-0.49135016	-841.02101108	203.51807771	0.16393795
4.14000000	-0.48971600	-843.05619384	203.51847291	0.16289572
4.15000000	-0.48809222	-845.09138053	203.51886465	0.16186268
4.16000000	-0.48647872	-847.12657112	203.51925298	0.16083880
4.17000000	-0.48487541	-849.16176558	203.51963793	0.15982406
4.18000000	-0.48328220	-851.19696387	203.52001954	0.15881845
4.19000000	-0.48169901	-853.23216596	203.52039784	0.15782196
4.20000000	-0.48012574	-855.26737181	203.52077288	0.15683457
4.21000000	-0.47856229	-857.30258140	203.52114468	0.15585627
4.22000000	-0.47700858	-859.33779470	203.52151330	0.15488705
4.23000000	-0.47546452	-861.37301166	203.52187876	0.15392689
4.24000000	-0.47393001	-863.40823226	203.52224110	0.15297578
4.25000000	-0.47240497	-865.44345647	203.52260035	0.15203369
4.26000000	-0.47088931	-867.47868426	203.52295656	0.15110061
4.27000000	-0.46938293	-869.51391559	203.52330976	0.15017652
4.28000000	-0.46788575	-871.54915044	203.52365998	0.14926138
4.29000000	-0.46639767	-873.58438878	203.52400725	0.14835517
4.30000000	-0.46491861	-875.61963058	203.52435162	0.14745785
4.31000000	-0.46344849	-877.65487581	203.52469311	0.14656940
4.32000000	-0.46198720	-879.69012443	203.52503177	0.14568977
4.33000000	-0.46053466	-881.72537643	203.52536761	0.14481892
4.34000000	-0.45909079	-883.76063178	203.52570069	0.14395681
4.35000000	-0.45765550	-885.79589044	203.52603102	0.14310337
4.36000000	-0.45622869	-887.83115239	203.52635865	0.14225857
4.37000000	-0.45481030	-889.86641760	203.52668359	0.14142233
4.38000000	-0.45340022	-891.90168605	203.52700590	0.14059461
4.39000000	-0.45199838	-893.93695771	203.52732559	0.13977533
4.40000000	-0.45060468	-895.97223255	203.52764270	0.13896442
4.41000000	-0.44921906	-898.00751055	203.52795726	0.13816182
4.42000000	-0.44784142	-900.04279169	203.52826929	0.13736745
4.43000000	-0.44647168	-902.07807593	203.52857884	0.13658123
4.44000000	-0.44510977	-904.11336326	203.52888592	0.13580308
4.45000000	-0.44375560	-906.14865364	203.52919057	0.13503291
4.46000000	-0.44240908	-908.18394706	203.52949282	0.13427065
4.47000000	-0.44107016	-910.21924349	203.52979269	0.13351619
4.48000000	-0.43973873	-912.25454291	203.53009022	0.13276946
4.49000000	-0.43841474	-914.28984529	203.53038542	0.13203035
4.50000000	-0.43709810	-916.32515061	203.53067833	0.13129878
4.51000000	-0.43578874	-918.36045885	203.53096898	0.13057464
4.52000000	-0.43448658	-920.39576998	203.53125739	0.12985784
4.53000000	-0.43319156	-922.43108399	203.53154358	0.12914828
4.54000000	-0.43190360	-924.46640084	203.53182759	0.12844586
4.55000000	-0.43062262	-926.50172053	203.53210943	0.12775048
4.56000000	-0.42934856	-928.53704303	203.53238914	0.12706203
4.57000000	-0.42808136	-930.57236831	203.53266673	0.12638042
4.58000000	-0.42682093	-932.60769635	203.53294223	0.12570554
4.59000000	-0.42556722	-934.64302715	203.53321567	0.12503729
4.60000000	-0.42432016	-936.67836066	203.53348706	0.12437556
4.61000000	-0.42307969	-938.71369688	203.53375644	0.12372027
4.62000000	-0.42184574	-940.74903578	203.53402382	0.12307129
4.63000000	-0.42061824	-942.78437735	203.53428922	0.12242854
4.64000000	-0.41939715	-944.81972156	203.53455268	0.12179191
4.65000000	-0.41818239	-946.85506840	203.53481420	0.12116131
4.66000000	-0.41697390	-948.89041784	203.53507381	0.12053662
4.67000000	-0.41577163	-950.92576987	203.53533153	0.11991776
4.68000000	-0.41457553	-952.96112446	203.53558738	0.11930463
4.69000000	-0.41338552	-954.99648161	203.53584138	0.11869713
4.70000000	-0.41220157	-957.03184128	203.53609356	0.11809517
4.71000000	-0.41102360	-959.06720347	203.53634392	0.11749865
4.72000000	-0.40985157	-961.10256816	203.53659250	0.11690748
4.73000000	-0.40868543	-963.13793532	203.53683930	0.11632158
4.74000000	-0.40752513	-965.17330494	203.53708435	0.11574085
4.75000000	-0.40637060	-967.20867700	203.53732766	0.11516520
4.76000000	-0.40522181	-969.24405148	203.53756926	0.11459456
4.77000000	-0.40407869	-971.27942838	203.53780916	0.11402883
4.78000000	-0.40294121	-973.31480766	203.53804737	0.11346794
4.79000000	-0.40180932	-975.35018932	203.53828393	0.11291180
4.80000000	-0.40068296	-977.38557333	203.53851883	0.11236033
4.81000000	-0.39956210	-979.42095969	203.53875210	0.11181346
4.82000000	-0.39844668	-981.45634837	203.53898375	0.11127111
4.83000000	-0.39733666	-983.49173936	203.53921381	0.11073321
4.84000000	-0.39623200	-985.52713264	203.53944228	0.11019968
4.85000000	-0.39513265	-987.56252820	203.53966919	0.10967046
4.86000000	-0.39403857	-989.59792602	203.53989454	0.10914547
4.87000000	-0.39294973	-991.63332609	203.54011835	0.10862466
4.88000000	-0.39186607	-993.66872838	203.54034064	0.10810794
4.89000000	-0.39078756	-995.70413289	203.54056142	0.10759527
4.90000000	-0.38971415	-997.73953961	203.54078071	0.10708657
4.91000000	-0.38864581	-999.77494850	203.54099851	0.10658179
4.92000000	-0.38758250	-1001.81035957	203.54121485	0.10608087
4.93000000	-0.38652418	-1003.84577280	203.54142974	0.10558374
4.94000000	-0.38547081	-1005.88118816	203.54164319	0.10509036
4.95000000	-0.38442236	-1007.91660565	203.54185521	0.10460068
4.96000000	-0.38337879	-1009.95202526	203.54206582	0.10411462
4.97000000	-0.38234006	-1011.98744697	203.54227503	0.10363215
4.98000000	-0.38130613	-1014.02287076	203.54248286	0.10315322
4.99000000	-0.38027698	-1016.05829662	203.54268931	0.10267777
5.00000000	-0.37925257	-1018.09372454	203.54289439	0.10220575
5.01000000	-0.37823285	-1020.12915450	203.54309813	0.10173713
5.02000000	-0.37721781	-1022.16458650	203.54330053	0.10127185
5.03000000	-0.37620741	-1024.20002051	203.54350161	0.10080988
5.04000000	-0.37520160	-1026.23545652	203.54370137	0.10035116
5.05000000	-0.37420037	-1028.27089453	203.54389983	0.09989566
5.06000000	-0.37320368	-1030.30633452	203.54409700	0.09944333
5.07000000	-0.37221150	-1032.34177647	203.54429289	0.09899414
5.08000000	-0.37122379	-1034.37722037	203.54448752	0.09854805
5.09000000	-0.37024052	-1036.41266621	203.54468088	0.09810502
5.10000000	-0.36926168	-1038.44811398	203.54487300	0.09766501
5.11000000	-0.36828721	-1040.48356367	203.54506389	0.09722799
5.12000000	-0.36731711	-1042.51901526	203.54525355	0.09679392
5.13000000	-0.36635133	-1044.55446874	203.54544199	0.09636277
5.14000000	-0.36538984	-1046.58992409	203.54562923	0.09593450
5.15000000	-0.36443263	-1048.62538132	203.54581528	0.09550909
5.16000000	-0.36347965	-1050.66084040	203.54600014	0.09508650
5.17000000	-0.36253089	-1052.69630132	203.54618384	0.09466671
5.18000000	-0.36158631	-1054.73176407	203.54636636	0.09424967
5.19000000	-0.36064588	-1056.76722864	203.54654774	0.09383536
5.20000000	-0.35970959	-1058.80269502	203.54672797	0.09342376
5.21000000	-0.35877740	-1060.83816319	203.54690706	0.09301483
5.22000000	-0.35784929	-1062.87363316	203.54708503	0.09260856
5.23000000	-0.35692522	-1064.90910489	203.54726189	0.09220490
5.24000000	-0.35600518	-1066.94457839	203.54743764	0.09180384
5.25000000	-0.35508914	-1068.98005364	203.54761229	0.09140534
5.26000000	-0.35417706	-1071.01553063	203.54778585	0.09100940
5.27000000	-0.35326894	-1073.05100935	203.54795833	0.09061597
5.28000000	-0.35236474	-1075.08648980	203.54812975	0.09022504
5.29000000	-0.35146443	-1077.12197195	203.54830010	0.08983659
5.30000000	-0.35056800	-1079.15745579	203.54846940	0.08945058
5.31000000	-0.34967541	-1081.19294133	203.54863765	0.08906701
5.32000000	-0.34878665	-1083.22842854	203.54880487	0.08868584
5.33000000	-0.34790169	-1085.26391742	203.54897106	0.08830706
5.34000000	-0.34702050	-1087.29940796	203.54913623	0.08793064
5.35000000	-0.34614306	-1089.33490015	203.54930039	0.08755657
5.36000000	-0.34526936	-1091.37039397	203.54946355	0.08718482
5.37000000	-0.34439936	-1093.40588941	203.54962571	0.08681537
5.38000000	-0.34353304	-1095.44138648	203.54978688	0.08644821
5.39000000	-0.34267039	-1097.47688515	203.54994708	0.08608331
5.40000000	-0.34181137	-1099.51238542	203.55010630	0.08572067
5.41000000	-0.34095597	-1101.54788727	203.55026457	0.08536025
5.42000000	-0.34010416	-1103.58339070	203.55042187	0.08500204
5.43000000	-0.33925592	-1105.61889570	203.55057823	0.08464603
5.44000000	-0.33841123	-1107.65440226	203.55073365	0.08429219
5.45000000	-0.33757007	-1109.68991037	203.55088813	0.08394051
5.46000000	-0.33673241	-1111.72542002	203.55104169	0.08359097
5.47000000	-0.33589824	-1113.76093120	203.55119433	0.08324357
5.48000000	-0.33506754	-1115.79644391	203.55134605	0.08289827
5.49000000	-0.33424027	-1117.83195812	203.55149688	0.08255506
5.50000000	-0.33341643	-1119.86747384	203.55164680	0.08221393
5.51000000	-0.33259598	-1121.90299106	203.55179584	0.08187487
5.52000000	-0.33177892	-1123.93850976	203.55194399	0.08153786
5.53000000	-0.33096522	-1125.97402993	203.55209127	0.08120287
5.54000000	-0.33015486	-1128.00955158	203.55223768	0.08086991
5.55000000	-0.32934782	-1130.04507468	203.55238322	0.08053895
5.56000000	-0.32854407	-1132.08059924	203.55252791	0.08020998
5.57000000	-0.32774361	-1134.11612524	203.55267175	0.07988299
5.58000000	-0.32694641	-1136.15165267	203.55281474	0.07955796
5.59000000	-0.32615244	-1138.18718153	203.55295690	0.07923487
5.60000000	-0.32536170	-1140.22271181	203.55309823	0.07891373
5.61000000	-0.32457416	-1142.25824349	203.55323874	0.07859450
5.62000000	-0.32378981	-1144.29377658	203.55337843	0.07827718
5.63000000	-0.32300861	-1146.32931106	203.55351731	0.07796176
5.64000000	-0.32223056	-1148.36484692	203.55365538	0.07764821
5.65000000	-0.32145564	-1150.40038416	203.55379266	0.07733654
5.66000000	-0.32068383	-1152.43592277	203.55392914	0.07702673
5.67000000	-0.31991510	-1154.47146274	203.55406484	0.07671875
5.68000000	-0.31914945	-1156.50700407	203.55419976	0.07641262
5.69000000	-0.31838684	-1158.54254674	203.55433390	0.07610830
5.70000000	-0.31762727	-1160.57809074	203.55446728	0.07580579
5.71000000	-0.31687072	-1162.61363608	203.55459989	0.07550507
5.72000000	-0.31611717	-1164.64918274	203.55473174	0.07520614
5.73000000	-0.31536659	-1166.68473071	203.55486285	0.07490898
5.74000000	-0.31461898	-1168.72027999	203.55499321	0.07461358
5.75000000	-0.31387432	-1170.75583057	203.55512283	0.07431993
5.76000000	-0.31313258	-1172.79138245	203.55525171	0.07402802
5.77000000	-0.31239375	-1174.82693561	203.55537987	0.07373783
5.78000000	-0.31165782	-1176.86249004	203.55550731	0.07344936
5.79000000	-0.31092476	-1178.89804575	203.55563402	0.07316259
5.80000000	-0.31019456	-1180.93360272	203.55576003	0.07287751
5.81000000	-0.30946720	-1182.96916095	203.55588533	0.07259411
5.82000000	-0.30874267	-1185.00472042	203.55600992	0.07231239
5.83000000	-0.30802095	-1187.04028114	203.55613382	0.07203232
5.84000000	-0.30730202	-1189.07584310	203.55625703	0.07175390
5.85000000	-0.30658586	-1191.11140628	203.55637956	0.07147712
5.86000000	-0.30587247	-1193.14697069	203.55650140	0.07120196
5.87000000	-0.30516182	-1195.18253631	203.55662257	0.07092842
5.88000000	-0.30445390	-1197.21810314	203.55674307	0.07065648
5.89000000	-0.30374868	-1199.25367117	203.55686290	0.07038614
5.90000000	-0.30304617	-1201.28924039	203.55698207	0.07011738
5.91000000	-0.30234633	-1203.32481081	203.55710059	0.06985020
5.92000000	-0.30164916	-1205.36038240	203.55721845	0.06958457
5.93000000	-0.30095464	-1207.39595517	203.55733567	0.06932050
5.94000000	-0.30026274	-1209.43152911	203.55745225	0.06905797
5.95000000	-0.29957347	-1211.46710422	203.55756819	0.06879697
5.96000000	-0.29888680	-1213.50268047	203.55768350	0.06853749
5.97000000	-0.29820272	-1215.53825788	203.55779819	0.06827953
5.98000000	-0.29752120	-1217.57383644	203.55791225	0.06802306
5.99000000	-0.29684225	-1219.60941613	203.55802569	0.06776808
6.00000000	-0.29616584	-1221.64499695	203.55813852	0.06751459
6.01000000	-0.29549195	-1223.68057890	203.55825074	0.06726256
6.02000000	-0.29482058	-1225.71616196	203.55836236	0.06701199
6.03000000	-0.29415171	-1227.75174614	203.55847337	0.06676287
6.04000000	-0.29348532	-1229.78733143	203.55858379	0.06651519
6.05000000	-0.29282140	-1231.82291781	203.55869362	0.06626894
6.06000000	-0.29215994	-1233.85850530	203.55880286	0.06602411
6.07000000	-0.29150091	-1235.89409387	203.55891152	0.06578068
6.08000000	-0.29084432	-1237.92968353	203.55901961	0.06553866
6.09000000	-0.29019014	-1239.96527426	203.55912711	0.06529803
6.10000000	-0.28953835	-1242.00086607	203.55923405	0.06505877
6.11000000	-0.28888896	-1244.03645894	203.55934042	0.06482089
6.12000000	-0.28824193	-1246.07205287	203.55944623	0.06458437
6.13000000	-0.28759726	-1248.10764786	203.55955148	0.06434919
6.14000000	-0.28695494	-1250.14324390	203.55965618	0.06411536
6.15000000	-0.28631495	-1252.17884098	203.55976033	0.06388286
6.16000000	-0.28567728	-1254.21443911	203.55986393	0.06365168
6.17000000	-0.28504191	-1256.25003826	203.55996699	0.06342181
6.18000000	-0.28440884	-1258.28563844	203.56006952	0.06319324
6.19000000	-0.28377804	-1260.32123965	203.56017150	0.06296597
6.20000000	-0.28314952	-1262.35684187	203.56027296	0.06273998
6.21000000	-0.28252324	-1264.39244511	203.56037389	0.06251526
6.22000000	-0.28189921	-1266.42804935	203.56047430	0.06229180
6.23000000	-0.28127740	-1268.46365459	203.56057419	0.06206961
6.24000000	-0.28065781	-1270.49926083	203.56067356	0.06184865
6.25000000	-0.28004042	-1272.53486806	203.56077242	0.06162894
6.26000000	-0.27942523	-1274.57047628	203.56087077	0.06141045
6.27000000	-0.27881221	-1276.60608547	203.56096862	0.06119318
6.28000000	-0.27820136	-1278.64169565	203.56106597	0.06097711
6.29000000	-0.27759266	-1280.67730679	203.56116282	0.06076225
6.30000000	-0.27698611	-1282.71291890	203.56125917	0.06054858
6.31000000	-0.27638169	-1284.74853197	203.56135504	0.06033609
6.32000000	-0.27577939	-1286.78414600	203.56145041	0.06012477
6.33000000	-0.27517919	-1288.81976098	203.56154531	0.05991462
6.34000000	-0.27458109	-1290.85537691	203.56163972	0.05970562
6.35000000	-0.27398507	-1292.89099377	203.56173365	0.05949776
6.36000000	-0.27339113	-1294.92661158	203.56182711	0.05929105
6.37000000	-0.27279925	-1296.96223031	203.56192010	0.05908546
6.38000000	-0.27220942	-1298.99784998	203.56201263	0.05888100
6.39000000	-0.27162162	-1301.03347056	203.56210469	0.05867764
6.40000000	-0.27103586	-1303.06909207	203.56219628	0.05847539
6.41000000	-0.27045211	-1305.10471449	203.56228742	0.05827423
6.42000000	-0.26987037	-1307.14033782	203.56237811	0.05807416
6.43000000	-0.26929063	-1309.17596205	203.56246834	0.05787517
6.44000000	-0.26871287	-1311.21158718	203.56255812	0.05767725
6.45000000	-0.26813708	-1313.24721321	203.56264746	0.05748038
6.46000000	-0.26756325	-1315.28284013	203.56273636	0.05728458
6.47000000	-0.26699138	-1317.31846794	203.56282481	0.05708981
6.48000000	-0.26642145	-1319.35409662	203.56291283	0.05689608
6.49000000	-0.26585346	-1321.38972619	203.56300042	0.05670339
6.50000000	-0.26528738	-1323.42535663	203.56308758	0.05651171
6.51000000	-0.26472322	-1325.46098794	203.56317430	0.05632105
6.52000000	-0.26416096	-1327.49662012	203.56326061	0.05613139
6.53000000	-0.26360059	-1329.53225315	203.56334649	0.05594273
6.54000000	-0.26304210	-1331.56788704	203.56343195	0.05575505
6.55000000	-0.26248549	-1333.60352179	203.56351699	0.05556837
6.56000000	-0.26193073	-1335.63915738	203.56360162	0.05538265
6.57000000	-0.26137783	-1337.67479382	203.56368584	0.05519790
6.58000000	-0.26082677	-1339.71043110	203.56376965	0.05501412
6.59000000	-0.26027754	-1341.74606921	203.56385306	0.05483128
6.60000000	-0.25973014	-1343.78170816	203.56393606	0.05464939
6.61000000	-0.25918455	-1345.81734793	203.56401867	0.05446844
6.62000000	-0.25864077	-1347.85298853	203.56410087	0.05428842
6.63000000	-0.25809878	-1349.88862995	203.56418268	0.05410932
6.64000000	-0.25755858	-1351.92427218	203.56426410	0.05393113
6.65000000	-0.25702016	-1353.95991523	203.56434512	0.05375386
6.66000000	-0.25648350	-1355.99555908	203.56442576	0.05357749
6.67000000	-0.25594860	-1358.03120374	203.56450602	0.05340202
6.68000000	-0.25541546	-1360.06684920	203.56458589	0.05322743
6.69000000	-0.25488405	-1362.10249546	203.56466538	0.05305372
6.70000000	-0.25435438	-1364.13814251	203.56474450	0.05288090
6.71000000	-0.25382643	-1366.17379035	203.56482324	0.05270894
6.72000000	-0.25330020	-1368.20943897	203.56490160	0.05253784
6.73000000	-0.25277567	-1370.24508838	203.56497960	0.05236759
6.74000000	-0.25225284	-1372.28073856	203.56505723	0.05219820
6.75000000	-0.25173170	-1374.31638952	203.56513449	0.05202965
6.76000000	-0.25121225	-1376.35204125	203.56521139	0.05186194
6.77000000	-0.25069446	-1378.38769375	203.56528793	0.05169505
6.78000000	-0.25017834	-1380.42334701	203.56536411	0.05152899
6.79000000	-0.24966388	-1382.45900103	203.56543993	0.05136375
6.80000000	-0.24915106	-1384.49465581	203.56551540	0.05119932
6.81000000	-0.24863989	-1386.53031134	203.56559052	0.05103570
6.82000000	-0.24813035	-1388.56596762	203.56566529	0.05087288
6.83000000	-0.24762243	-1390.60162464	203.56573971	0.05071085
6.84000000	-0.24711613	-1392.63728241	203.56581378	0.05054961
6.85000000	-0.24661144	-1394.67294092	203.56588752	0.05038915
6.86000000	-0.24610834	-1396.70860016	203.56596091	0.05022947
6.87000000	-0.24560684	-1398.74426013	203.56603396	0.05007056
6.88000000	-0.24510693	-1400.77992084	203.56610667	0.04991242
6.89000000	-0.24460859	-1402.81558227	203.56617905	0.04975504
6.90000000	-0.24411183	-1404.85124442	203.56625110	0.04959841
6.91000000	-0.24361662	-1406.88690729	203.56632282	0.04944253
6.92000000	-0.24312297	-1408.92257087	203.56639421	0.04928739
6.93000000	-0.24263087	-1410.95823517	203.56646527	0.04913300
6.94000000	-0.24214031	-1412.99390018	203.56653600	0.04897934
6.95000000	-0.24165128	-1415.02956589	203.56660642	0.04882640
6.96000000	-0.24116378	-1417.06523230	203.56667651	0.04867419
6.97000000	-0.24067780	-1419.10089942	203.56674629	0.04852270
6.98000000	-0.24019332	-1421.13656723	203.56681575	0.04837192
6.99000000	-0.23971036	-1423.17223573	203.56688489	0.04822185
7.00000000	-0.23922888	-1425.20790492	203.56695372	0.04807248
7.01000000	-0.23874890	-1427.24357480	203.56702224	0.04792382
7.02000000	-0.23827041	-1429.27924537	203.56709045	0.04777584
7.03000000	-0.23779338	-1431.31491661	203.56715835	0.04762856
7.04000000	-0.23731783	-1433.35058853	203.56722595	0.04748196
7.05000000	-0.23684374	-1435.38626113	203.56729325	0.04733604
7.06000000	-0.23637111	-1437.42193440	203.56736024	0.04719079
7.07000000	-0.23589992	-1439.45760833	203.56742693	0.04704622
7.08000000	-0.23543018	-1441.49328294	203.56749333	0.04690231
7.09000000	-0.23496188	-1443.52895820	203.56755943	0.04675906
7.10000000	-0.23449500	-1445.56463412	203.56762523	0.04661647
7.11000000	-0.23402954	-1447.60031070	203.56769074	0.04647453
7.12000000	-0.23356551	-1449.63598794	203.56775596	0.04633324
7.13000000	-0.23310288	-1451.67166582	203.56782089	0.04619260
7.14000000	-0.23264165	-1453.70734435	203.56788553	0.04605260
7.15000000	-0.23218182	-1455.74302353	203.56794989	0.04591323
7.16000000	-0.23172339	-1457.77870335	203.56801396	0.04577450
7.17000000	-0.23126633	-1459.81438381	203.56807775	0.04563639
7.18000000	-0.23081066	-1461.85006491	203.56814126	0.04549890
7.19000000	-0.23035635	-1463.88574663	203.56820449	0.04536204
7.20000000	-0.22990341	-1465.92142899	203.56826744	0.04522579
7.21000000	-0.22945183	-1467.95711198	203.56833012	0.04509016
7.22000000	-0.22900161	-1469.99279560	203.56839252	0.04495513
7.23000000	-0.22855273	-1472.02847983	203.56845465	0.04482071
7.24000000	-0.22810519	-1474.06416469	203.56851650	0.04468689
7.25000000	-0.22765899	-1476.09985016	203.56857809	0.04455366
7.26000000	-0.22721412	-1478.13553625	203.56863941	0.04442103
7.27000000	-0.22677057	-1480.17122295	203.56870047	0.04428898
7.28000000	-0.22632833	-1482.20691026	203.56876125	0.04415753
7.29000000	-0.22588741	-1484.24259817	203.56882178	0.04402665
7.30000000	-0.22544780	-1486.27828669	203.56888204	0.04389636
7.31000000	-0.22500949	-1488.31397581	203.56894204	0.04376663
7.32000000	-0.22457247	-1490.34966553	203.56900179	0.04363748
7.33000000	-0.22413673	-1492.38535585	203.56906127	0.04350890
7.34000000	-0.22370229	-1494.42104676	203.56912050	0.04338089
7.35000000	-0.22326911	-1496.45673826	203.56917948	0.04325343
7.36000000	-0.22283721	-1498.49243034	203.56923820	0.04312653
7.37000000	-0.22240658	-1500.52812302	203.56929667	0.04300019
7.38000000	-0.22197721	-1502.56381628	203.56935489	0.04287440
7.39000000	-0.22154909	-1504.59951012	203.56941286	0.04274916
7.40000000	-0.22112222	-1506.63520453	203.56947058	0.04262446
7.41000000	-0.22069660	-1508.67089953	203.56952806	0.04250030
7.42000000	-0.22027222	-1510.70659509	203.56958529	0.04237669
7.43000000	-0.21984907	-1512.74229123	203.56964228	0.04225360
7.44000000	-0.21942714	-1514.77798794	203.56969903	0.04213106
7.45000000	-0.21900644	-1516.81368521	203.56975554	0.04200904
7.46000000	-0.21858696	-1518.84938305	203.56981181	0.04188754
7.47000000	-0.21816869	-1520.88508145	203.56986784	0.04176657
7.48000000	-0.21775163	-1522.92078041	203.56992363	0.04164612
7.49000000	-0.21733577	-1524.95647992	203.56997919	0.04152619
7.50000000	-0.21692110	-1526.99217999	203.57003452	0.04140677
7.51000000	-0.21650763	-1529.02788061	203.57008961	0.04128786
7.52000000	-0.21609534	-1531.06358178	203.57014447	0.04116947
7.53000000	-0.21568424	-1533.09928350	203.57019910	0.04105157
7.54000000	-0.21527431	-1535.13498576	203.57025351	0.04093418
7.55000000	-0.21486555	-1537.17068857	203.57030768	0.04081729
7.56000000	-0.21445796	-1539.20639191	203.57036163	0.04070090
7.57000000	-0.21405153	-1541.24209580	203.57041536	0.04058500
7.58000000	-0.21364626	-1543.27780022	203.57046886	0.04046960
7.59000000	-0.21324214	-1545.31350518	203.57052214	0.04035468
7.60000000	-0.21283916	-1547.34921066	203.57057520	0.04024025
7.61000000	-0.21243733	-1549.38491668	203.57062804	0.04012631
7.62000000	-0.21203664	-1551.42062322	203.57068065	0.04001284
7.63000000	-0.21163707	-1553.45633029	203.57073306	0.03989986
7.64000000	-0.21123864	-1555.49203788	203.57078524	0.03978735
7.65000000	-0.21084133	-1557.52774600	203.57083721	0.03967531
7.66000000	-0.21044513	-1559.56345463	203.57088897	0.03956374
7.67000000	-0.21005005	-1561.59916377	203.57094051	0.03945265
7.68000000	-0.20965608	-1563.63487344	203.57099184	0.03934201
7.69000000	-0.20926321	-1565.67058361	203.57104297	0.03923185
7.70000000	-0.20887144	-1567.70629429	203.57109388	0.03912214
7.71000000	-0.20848076	-1569.74200549	203.57114458	0.03901289
7.72000000	-0.20809118	-1571.77771719	203.57119508	0.03890410
7.73000000	-0.20770268	-1573.81342939	203.57124537	0.03879576
7.74000000	-0.20731526	-1575.84914209	203.57129546	0.03868787
7.75000000	-0.20692892	-1577.88485530	203.57134534	0.03858043
7.76000000	-0.20654365	-1579.92056900	203.57139502	0.03847344
7.77000000	-0.20615945	-1581.95628320	203.57144450	0.03836689
7.78000000	-0.20577631	-1583.99199789	203.57149378	0.03826078
7.79000000	-0.20539423	-1586.02771307	203.57154285	0.03815511
7.80000000	-0.20501321	-1588.06342874	203.57159174	0.03804988
7.81000000	-0.20463323	-1590.09914490	203.57164042	0.03794508
7.82000000	-0.20425431	-1592.13486155	203.57168891	0.03784072
7.83000000	-0.20387642	-1594.17057868	203.57173720	0.03773679
7.84000000	-0.20349957	-1596.20629629	203.57178530	0.03763328
7.85000000	-0.20312375	-1598.24201439	203.57183320	0.03753021
7.86000000	-0.20274896	-1600.27773296	203.57188092	0.03742755
7.87000000	-0.20237520	-1602.31345201	203.57192844	0.03732532
7.88000000	-0.20200246	-1604.34917153	203.57197577	0.03722350
7.89000000	-0.20163073	-1606.38489152	203.57202291	0.03712211
7.90000000	-0.20126001	-1608.42061198	203.57206987	0.03702113
7.91000000	-0.20089030	-1610.45633292	203.57211664	0.03692056
7.92000000	-0.20052160	-1612.49205432	203.57216322	0.03682040
7.93000000	-0.20015389	-1614.52777618	203.57220962	0.03672065
7.94000000	-0.19978718	-1616.56349851	203.57225583	0.03662131
7.95000000	-0.19942147	-1618.59922130	203.57230187	0.03652237
7.96000000	-0.19905674	-1620.63494454	203.57234771	0.03642384
7.97000000	-0.19869299	-1622.67066825	203.57239338	0.03632570
7.98000000	-0.19833022	-1624.70639241	203.57243887	0.03622797
7.99000000	-0.19796843	-1626.74211703	203.57248418	0.03613063
8.00000000	-0.19760761	-1628.77784209	203.57252931	0.03603368
