T	Ut	Ft	St	Ct
0.01000000	-1.96875000	-10.14363006	817.48800551	0.00000000
0.02000000	-1.96875000	-18.31851011	817.48800551	0.00000000
0.03000000	-1.96875000	-26.49339017	817.48800551	0.00000000
0.04000000	-1.96875000	-34.66827022	817.48800551	0.00000000
0.05000000	-1.96875000	-42.84315028	817.48800551	0.00000000
0.06000000	-1.96875000	-51.01803033	817.48800551	0.00000000
0.07000000	-1.96875000	-59.19291039	817.48800551	0.00000000
0.08000000	-1.96875000	-67.36779044	817.48800551	0.00000000
0.09000000	-1.96875000	-75.54267050	817.48800551	0.00000000
0.10000000	-1.96875000	-83.71755055	817.48800551	0.00000000
0.11000000	-1.96875000	-91.89243061	817.48800551	-0.00000000
0.12000000	-1.96875000	-100.06731066	817.48800551	0.00000000
0.13000000	-1.96875000	-108.24219072	817.48800551	-0.00000000
0.14000000	-1.96875000	-116.41707077	817.48800551	-0.00000000
0.15000000	-1.96875000	-124.59195083	817.48800551	0.00000000
0.16000000	-1.96875000	-132.76683088	817.48800551	0.00000000
0.17000000	-1.96875000	-140.94171094	817.48800551	0.00000000
0.18000000	-1.96875000	-149.11659099	817.48800551	0.00000000
0.19000000	-1.96875000	-157.29147105	817.48800551	0.00000000
0.20000000	-1.96875000	-165.46635110	817.48800551	0.00000001
0.21000000	-1.96875000	-173.64123116	817.48800551	0.00000002
0.22000000	-1.96875000	-181.81611121	817.48800551	0.00000003
0.23000000	-1.96875000	-189.99099127	817.48800551	0.00000007
0.24000000	-1.96875000	-198.16587132	817.48800552	0.00000012
0.25000000	-1.96875000	-206.34075138	817.48800552	0.00000022
0.26000000	-1.96874999	-214.51563143	817.48800553	0.00000038
0.27000000	-1.96874999	-222.69051149	817.48800555	0.00000063
0.28000000	-1.96874998	-230.86539154	817.48800558	0.00000099
0.29000000	-1.96874997	-239.04027160	817.48800563	0.00000151
0.30000000	-1.96874995	-247.21515166	817.48800569	0.00000223
0.31000000	-1.96874992	-255.39003171	817.48800578	0.00000322
0.32000000	-1.96874988	-263.56491177	817.48800590	0.00000452
0.33000000	-1.96874983	-271.73979183	817.48800606	0.00000621
0.34000000	-1.96874976	-279.91467189	817.48800628	0.00000836
0.35000000	-1.96874966	-288.08955196	817.48800656	0.00001105
0.36000000	-1.96874954	-296.26443202	817.48800691	0.00001436
0.37000000	-1.96874937	-304.43931210	817.48800736	0.00001838
0.38000000	-1.96874917	-312.61419217	817.48800791	0.00002320
0.39000000	-1.96874891	-320.78907225	817.48800859	0.00002891
0.40000000	-1.96874858	-328.96395234	817.48800940	0.00003562
0.41000000	-1.96874819	-337.13883244	817.48801037	0.00004341
0.42000000	-1.96874771	-345.31371255	817.48801153	0.00005239
0.43000000	-1.96874714	-353.48859267	817.48801288	0.00006267
0.44000000	-1.96874645	-361.66347281	817.48801445	0.00007436
0.45000000	-1.96874565	-369.83835296	817.48801626	0.00008758
0.46000000	-1.96874470	-378.01323314	817.48801835	0.00010246
0.47000000	-1.96874359	-386.18811333	817.48802073	0.00011912
0.48000000	-1.96874231	-394.36299355	817.48802343	0.00013772
0.49000000	-1.96874083	-402.53787380	817.48802648	0.00015842
0.50000000	-1.96873913	-410.71275408	817.48802990	0.00018138
0.51000000	-1.96873719	-418.88763440	817.48803374	0.00020680
0.52000000	-1.96873499	-427.06251476	817.48803802	0.00023489
0.53000000	-1.96873249	-435.23739516	817.48804279	0.00026587
0.54000000	-1.96872966	-443.41227562	817.48804807	0.00029999
0.55000000	-1.96872647	-451.58715613	817.48805391	0.00033752
0.56000000	-1.96872290	-459.76203670	817.48806036	0.00037875
0.57000000	-1.96871889	-467.93691734	817.48806746	0.00042401
0.58000000	-1.96871440	-476.11179805	817.48807525	0.00047363
0.59000000	-1.96870940	-484.28667884	817.48808381	0.00052798
0.60000000	-1.96870382	-492.46155973	817.48809317	0.00058743
0.61000000	-1.96869763	-500.63644071	817.48810341	0.00065241
0.62000000	-1.96869076	-508.81132180	817.48811458	0.00072335
0.63000000	-1.96868314	-516.98620300	817.48812677	0.00080069
0.64000000	-1.96867472	-525.16108434	817.48814003	0.00088490
0.65000000	-1.96866542	-533.33596581	817.48815445	0.00097648
0.66000000	-1.96865516	-541.51084743	817.48817010	0.00107591
0.67000000	-1.96864387	-549.68572922	817.48818708	0.00118371
0.68000000	-1.96863146	-557.86061118	817.48820547	0.00130040
0.69000000	-1.96861783	-566.03549333	817.48822536	0.00142650
0.70000000	-1.96860290	-574.21037569	817.48824685	0.00156253
0.71000000	-1.96858655	-582.38525827	817.48827003	0.00170902
0.72000000	-1.96856868	-590.56014110	817.48829502	0.00186647
0.73000000	-1.96854918	-598.73502418	817.48832192	0.00203541
0.74000000	-1.96852793	-606.90990754	817.48835082	0.00221631
0.75000000	-1.96850481	-615.08479120	817.48838185	0.00240964
0.76000000	-1.96847970	-623.25967519	817.48841512	0.00261587
0.77000000	-1.96845245	-631.43455951	817.48845073	0.00283540
0.78000000	-1.96842294	-639.60944421	817.48848880	0.00306863
0.79000000	-1.96839103	-647.78432930	817.48852945	0.00331592
0.80000000	-1.96835658	-655.95921481	817.48857279	0.00357758
0.81000000	-1.96831943	-664.13410076	817.48861893	0.00385388
0.82000000	-1.96827945	-672.30898719	817.48866798	0.00414505
0.83000000	-1.96823648	-680.48387413	817.48872006	0.00445126
0.84000000	-1.96819037	-688.65876161	817.48877528	0.00477262
0.85000000	-1.96814098	-696.83364965	817.48883373	0.00510919
0.86000000	-1.96808814	-705.00853829	817.48889553	0.00546098
0.87000000	-1.96803171	-713.18342757	817.48896076	0.00582790
0.88000000	-1.96797153	-721.35831752	817.48902953	0.00620983
0.89000000	-1.96790746	-729.53320817	817.48910192	0.00660656
0.90000000	-1.96783935	-737.70809957	817.48917802	0.00701782
0.91000000	-1.96776706	-745.88299175	817.48925790	0.00744327
0.92000000	-1.96769044	-754.05788474	817.48934163	0.00788248
0.93000000	-1.96760936	-762.23277859	817.48942928	0.00833497
0.94000000	-1.96752370	-770.40767334	817.48952090	0.00880017
0.95000000	-1.96743332	-778.58256902	817.48961653	0.00927745
0.96000000	-1.96733811	-786.75746568	817.48971622	0.00976611
0.97000000	-1.96723796	-794.93236336	817.48982000	0.01026538
0.98000000	-1.96713277	-803.10726210	817.48992788	0.01077442
0.99000000	-1.96702244	-811.28216193	817.49003989	0.01129234
1.00000000	-1.96690690	-819.45706291	817.49015601	0.01181817
1.01000000	-1.96678606	-827.63196507	817.49027625	0.01235091
1.02000000	-1.96665986	-835.80686845	817.49040058	0.01288951
1.03000000	-1.96652825	-843.98177309	817.49052897	0.01343285
1.04000000	-1.96639119	-852.15667904	817.49066139	0.01397979
1.05000000	-1.96624865	-860.33158633	817.49079780	0.01452917
1.06000000	-1.96610060	-868.50649501	817.49093812	0.01507979
1.07000000	-1.96594705	-876.68140511	817.49108230	0.01563041
1.08000000	-1.96578800	-884.85631667	817.49123025	0.01617982
1.09000000	-1.96562346	-893.03122973	817.49138189	0.01672677
1.10000000	-1.96545348	-901.20614432	817.49153713	0.01727004
1.11000000	-1.96527808	-909.38106048	817.49169586	0.01780840
1.12000000	-1.96509733	-917.55597825	817.49185796	0.01834063
1.13000000	-1.96491129	-925.73089765	817.49202333	0.01886557
1.14000000	-1.96472005	-933.90581872	817.49219182	0.01938205
1.15000000	-1.96452368	-942.08074150	817.49236332	0.01988895
1.16000000	-1.96432230	-950.25566600	817.49253767	0.02038522
1.17000000	-1.96411602	-958.43059226	817.49271474	0.02086983
1.18000000	-1.96390495	-966.60552030	817.49289437	0.02134181
1.19000000	-1.96368923	-974.78045015	817.49307641	0.02180027
1.20000000	-1.96346899	-982.95538184	817.49326071	0.02224438
1.21000000	-1.96324439	-991.13031538	817.49344710	0.02267336
1.22000000	-1.96301558	-999.30525079	817.49363542	0.02308653
1.23000000	-1.96278271	-1007.48018809	817.49382551	0.02348328
1.24000000	-1.96254597	-1015.65512730	817.49401721	0.02386308
1.25000000	-1.96230551	-1023.83006844	817.49421034	0.02422549
1.26000000	-1.96206152	-1032.00501151	817.49440476	0.02457015
1.27000000	-1.96181417	-1040.17995654	817.49460029	0.02489679
1.28000000	-1.96156364	-1048.35490352	817.49479678	0.02520521
1.29000000	-1.96131012	-1056.52985248	817.49499407	0.02549531
1.30000000	-1.96105380	-1064.70480341	817.49519201	0.02576709
1.31000000	-1.96079484	-1072.87975632	817.49539044	0.02602062
1.32000000	-1.96053344	-1081.05471122	817.49558922	0.02625605
1.33000000	-1.96026978	-1089.22966810	817.49578821	0.02647362
1.34000000	-1.96000403	-1097.40462698	817.49598728	0.02667365
1.35000000	-1.95973636	-1105.57958785	817.49618628	0.02685655
1.36000000	-1.95946695	-1113.75455071	817.49638511	0.02702278
1.37000000	-1.95919596	-1121.92951555	817.49658364	0.02717292
1.38000000	-1.95892355	-1130.10448238	817.49678176	0.02730757
1.39000000	-1.95864986	-1138.27945118	817.49697937	0.02742744
1.40000000	-1.95837505	-1146.45442196	817.49717637	0.02753330
1.41000000	-1.95809924	-1154.62939471	817.49737267	0.02762597
1.42000000	-1.95782257	-1162.80436941	817.49756820	0.02770637
1.43000000	-1.95754515	-1170.97934607	817.49776288	0.02777544
1.44000000	-1.95726709	-1179.15432467	817.49795665	0.02783421
1.45000000	-1.95698850	-1187.32930520	817.49814945	0.02788379
1.46000000	-1.95670944	-1195.50428765	817.49834124	0.02792531
1.47000000	-1.95643001	-1203.67927202	817.49853198	0.02796002
1.48000000	-1.95615026	-1211.85425829	817.49872164	0.02798918
1.49000000	-1.95587024	-1220.02924645	817.49891021	0.02801416
1.50000000	-1.95558999	-1228.20423649	817.49909767	0.02803639
1.51000000	-1.95530952	-1236.37922840	817.49928403	0.02805739
1.52000000	-1.95502884	-1244.55422217	817.49946929	0.02807876
1.53000000	-1.95474794	-1252.72921778	817.49965349	0.02810220
1.54000000	-1.95446678	-1260.90421523	817.49983666	0.02812951
1.55000000	-1.95418533	-1269.07921451	817.50001883	0.02816261
1.56000000	-1.95390350	-1277.25421561	817.50020007	0.02820358
1.57000000	-1.95362122	-1285.42921851	817.50038044	0.02825462
1.58000000	-1.95333837	-1293.60422321	817.50056003	0.02831814
1.59000000	-1.95305481	-1301.77922971	817.50073893	0.02839673
1.60000000	-1.95277038	-1309.95423799	817.50091726	0.02849323
1.61000000	-1.95248487	-1318.12924805	817.50109514	0.02861076
1.62000000	-1.95219808	-1326.30425989	817.50127272	0.02875274
1.63000000	-1.95190973	-1334.47927351	817.50145017	0.02892299
1.64000000	-1.95161951	-1342.65428889	817.50162767	0.02912573
1.65000000	-1.95132709	-1350.82930606	817.50180544	0.02936573
1.66000000	-1.95103205	-1359.00432501	817.50198371	0.02964832
1.67000000	-1.95073396	-1367.17934574	817.50216274	0.02997954
1.68000000	-1.95043228	-1375.35436826	817.50234285	0.03036627
1.69000000	-1.95012642	-1383.52939260	817.50252436	0.03081634
1.70000000	-1.94981571	-1391.70441876	817.50270767	0.03133872
1.71000000	-1.94949937	-1399.87944676	817.50289321	0.03194375
1.72000000	-1.94917652	-1408.05447663	817.50308146	0.03264334
1.73000000	-1.94884614	-1416.22950840	817.50327298	0.03345131
1.74000000	-1.94850708	-1424.40454210	817.50346840	0.03438369
1.75000000	-1.94815799	-1432.57957778	817.50366845	0.03545918
1.76000000	-1.94779735	-1440.75461549	817.50387394	0.03669965
1.77000000	-1.94742337	-1448.92965528	817.50408583	0.03813070
1.78000000	-1.94703400	-1457.10469723	817.50430519	0.03978241
1.79000000	-1.94662686	-1465.27974142	817.50453327	0.04169020
1.80000000	-1.94619920	-1473.45478793	817.50477152	0.04389585
1.81000000	-1.94574779	-1481.62983689	817.50502160	0.04644873
1.82000000	-1.94526888	-1489.80488841	817.50528546	0.04940730
1.83000000	-1.94475806	-1497.97994265	817.50556535	0.05284090
1.84000000	-1.94421020	-1506.15499978	817.50586390	0.05683184
1.85000000	-1.94361924	-1514.33006000	817.50618419	0.06147797
1.86000000	-1.94297807	-1522.50512355	817.50652982	0.06689573
1.87000000	-1.94227830	-1530.68019069	817.50690502	0.07322372
1.88000000	-1.94151002	-1538.85526176	817.50731476	0.08062702
1.89000000	-1.94066152	-1547.03033712	817.50776487	0.08930218
1.90000000	-1.93971896	-1555.20541722	817.50826224	0.09948314
1.91000000	-1.93866592	-1563.38050255	817.50881499	0.11144803
1.92000000	-1.93748296	-1571.55559373	817.50943269	0.12552694
1.93000000	-1.93614704	-1579.73069146	817.51012664	0.14211071
1.94000000	-1.93463087	-1587.90579656	817.51091015	0.16166048
1.95000000	-1.93290215	-1596.08091001	817.51179891	0.18471781
1.96000000	-1.93092272	-1604.25603295	817.51281134	0.21191493
1.97000000	-1.92864762	-1612.43116672	817.51396909	0.24398394
1.98000000	-1.92602402	-1620.60631290	817.51529742	0.28176387
1.99000000	-1.92299016	-1628.78147334	817.51682572	0.32620331
2.00000000	-1.91947425	-1636.95665020	817.51858797	0.37835552
2.01000000	-1.91539354	-1645.13184601	817.52062312	0.43936218
2.02000000	-1.91065351	-1653.30706372	817.52297535	0.51042029
2.03000000	-1.90514763	-1661.48230674	817.52569414	0.59272597
2.04000000	-1.89875778	-1669.65757900	817.52883393	0.68738833
2.05000000	-1.89135564	-1677.83288501	817.53245335	0.79530715
2.06000000	-1.88280562	-1686.00822987	817.53661371	0.91701101
2.07000000	-1.87296952	-1694.18361930	817.54137670	1.05245804
2.08000000	-1.86171332	-1702.35905961	817.54680110	1.20081182
2.09000000	-1.84891630	-1710.53455770	817.55293847	1.36021871
2.10000000	-1.83448213	-1718.71012089	817.55982798	1.52762932
2.11000000	-1.81835131	-1726.88575684	817.56749077	1.69872129
2.12000000	-1.80051369	-1735.06147328	817.57592433	1.86798538
2.13000000	-1.78101898	-1743.23727779	817.58509804	2.02902427
2.14000000	-1.75998320	-1751.41317750	817.59495061	2.17507664
2.15000000	-1.73758893	-1759.58917877	817.60539062	2.29972175
2.16000000	-1.71407800	-1767.76528688	817.61630041	2.39765571
2.17000000	-1.68973675	-1775.94150589	817.62754338	2.46538483
2.18000000	-1.66487536	-1784.11783838	817.63897386	2.50167838
2.19000000	-1.63980442	-1792.29428551	817.65044799	2.50767269
2.20000000	-1.61481228	-1800.47084704	817.66183398	2.48660647
2.21000000	-1.59014664	-1808.64752152	817.67302031	2.44326168
2.22000000	-1.56600262	-1816.82430649	817.68392066	2.38324906
2.23000000	-1.54251808	-1825.00119878	817.69447565	2.31229333
2.24000000	-1.51977564	-1833.17819474	817.70465138	2.23564277
2.25000000	-1.49780951	-1841.35529050	817.71443600	2.15767240
2.26000000	-1.47661543	-1849.53248217	817.72383484	2.08169191
2.27000000	-1.45616150	-1857.70976597	817.73286540	2.00992841
2.28000000	-1.43639855	-1865.88713833	817.74155254	1.94363253
2.29000000	-1.41726906	-1874.06459597	817.74992441	1.88325444
2.30000000	-1.39871419	-1882.24213586	817.75800943	1.82864509
2.31000000	-1.38067875	-1890.41975529	817.76583400	1.77925102
2.32000000	-1.36311440	-1898.59745175	817.77342127	1.73428434
2.33000000	-1.34598126	-1906.77522299	817.78079044	1.69285938
2.34000000	-1.32924835	-1914.95306689	817.78795664	1.65409478
2.35000000	-1.31289320	-1923.13098148	817.79493119	1.61718358
2.36000000	-1.29690082	-1931.30896490	817.80172207	1.58143612
2.37000000	-1.28126245	-1939.48701533	817.80833455	1.54630120
2.38000000	-1.26597413	-1947.66513101	817.81477180	1.51137067
2.39000000	-1.25103527	-1955.84331019	817.82103553	1.47637224
2.40000000	-1.23644742	-1964.02155114	817.82712655	1.44115457
2.41000000	-1.22221309	-1972.19985214	817.83304525	1.40566800
2.42000000	-1.20833486	-1980.37821147	817.83879199	1.36994350
2.43000000	-1.19481471	-1988.55662741	817.84436737	1.33407177
2.44000000	-1.18165348	-1996.73509825	817.84977245	1.29818392
2.45000000	-1.16885058	-2004.91362230	817.85500887	1.26243448
2.46000000	-1.15640379	-2013.09219787	817.86007890	1.22698735
2.47000000	-1.14430928	-2021.27082333	817.86498545	1.19200464
2.48000000	-1.13256164	-2029.44949705	817.86973202	1.15763839
2.49000000	-1.12115400	-2037.62821745	817.87432267	1.12402486
2.50000000	-1.11007824	-2045.80698300	817.87876190	1.09128104
2.51000000	-1.09932516	-2053.98579220	817.88305460	1.05950298
2.52000000	-1.08888471	-2062.16464362	817.88720592	1.02876548
2.53000000	-1.07874620	-2070.34353587	817.89122121	0.99912291
2.54000000	-1.06889848	-2078.52246761	817.89510596	0.97061067
2.55000000	-1.05933015	-2086.70143757	817.89886565	0.94324715
2.56000000	-1.05002970	-2094.88044452	817.90250579	0.91703590
2.57000000	-1.04098562	-2103.05948730	817.90603178	0.89196786
2.58000000	-1.03218659	-2111.23856480	817.90944892	0.86802357
2.59000000	-1.02362150	-2119.41767594	817.91276233	0.84517521
2.60000000	-1.01527955	-2127.59681971	817.91597699	0.82338851
2.61000000	-1.00715032	-2135.77599516	817.91909764	0.80262437
2.62000000	-0.99922379	-2143.95520137	817.92212885	0.78284033
2.63000000	-0.99149039	-2152.13443746	817.92507493	0.76399181
2.64000000	-0.98394099	-2160.31370260	817.92794000	0.74603309
2.65000000	-0.97656692	-2168.49299600	817.93072795	0.72891822
2.66000000	-0.96935997	-2176.67231691	817.93344246	0.71260161
2.67000000	-0.96231237	-2184.85166462	817.93608698	0.69703861
2.68000000	-0.95541683	-2193.03103843	817.93866478	0.68218589
2.69000000	-0.94866643	-2201.21043770	817.94117891	0.66800174
2.70000000	-0.94205470	-2209.38986180	817.94363226	0.65444626
2.71000000	-0.93557553	-2217.56931015	817.94602753	0.64148150
2.72000000	-0.92922322	-2225.74878217	817.94836726	0.62907154
2.73000000	-0.92299237	-2233.92827732	817.95065383	0.61718251
2.74000000	-0.91687794	-2242.10779508	817.95288947	0.60578254
2.75000000	-0.91087519	-2250.28733494	817.95507628	0.59484179
2.76000000	-0.90497966	-2258.46689645	817.95721623	0.58433235
2.77000000	-0.89918719	-2266.64647912	817.95931117	0.57422814
2.78000000	-0.89349383	-2274.82608252	817.96136284	0.56450487
2.79000000	-0.88789590	-2283.00570624	817.96337288	0.55513993
2.80000000	-0.88238991	-2291.18534985	817.96534284	0.54611229
2.81000000	-0.87697259	-2299.36501297	817.96727415	0.53740239
2.82000000	-0.87164086	-2307.54469521	817.96916821	0.52899207
2.83000000	-0.86639181	-2315.72439621	817.97102629	0.52086447
2.84000000	-0.86122268	-2323.90411562	817.97284962	0.51300393
2.85000000	-0.85613089	-2332.08385309	817.97463937	0.50539588
2.86000000	-0.85111397	-2340.26360830	817.97639662	0.49802683
2.87000000	-0.84616960	-2348.44338092	817.97812241	0.49088421
2.88000000	-0.84129557	-2356.62317064	817.97981773	0.48395634
2.89000000	-0.83648979	-2364.80297717	817.98148352	0.47723237
2.90000000	-0.83175028	-2372.98280022	817.98312067	0.47070218
2.91000000	-0.82707513	-2381.16263949	817.98473002	0.46435635
2.92000000	-0.82246256	-2389.34249473	817.98631239	0.45818609
2.93000000	-0.81791085	-2397.52236565	817.98786853	0.45218321
2.94000000	-0.81341837	-2405.70225201	817.98939920	0.44634006
2.95000000	-0.80898354	-2413.88215356	817.99090509	0.44064947
2.96000000	-0.80460489	-2422.06207004	817.99238687	0.43510473
2.97000000	-0.80028098	-2430.24200122	817.99384520	0.42969958
2.98000000	-0.79601045	-2438.42194686	817.99528067	0.42442811
2.99000000	-0.79179199	-2446.60190675	817.99669390	0.41928481
3.00000000	-0.78762435	-2454.78188067	817.99808544	0.41426445
3.01000000	-0.78350631	-2462.96186839	817.99945584	0.40936216
3.02000000	-0.77943673	-2471.14186972	818.00080563	0.40457332
3.03000000	-0.77541448	-2479.32188444	818.00213530	0.39989358
3.04000000	-0.77143851	-2487.50191236	818.00344535	0.39531883
3.05000000	-0.76750777	-2495.68195328	818.00473623	0.39084519
3.06000000	-0.76362128	-2503.86200702	818.00600841	0.38646899
3.07000000	-0.75977807	-2512.04207339	818.00726232	0.38218675
3.08000000	-0.75597724	-2520.22215221	818.00849837	0.37799516
3.09000000	-0.75221788	-2528.40224330	818.00971696	0.37389110
3.10000000	-0.74849914	-2536.58234649	818.01091850	0.36987159
3.11000000	-0.74482018	-2544.76246161	818.01210336	0.36593381
3.12000000	-0.74118020	-2552.94258850	818.01327189	0.36207506
3.13000000	-0.73757842	-2561.12272700	818.01442447	0.35829277
3.14000000	-0.73401409	-2569.30287694	818.01556142	0.35458450
3.15000000	-0.73048649	-2577.48303817	818.01668307	0.35094792
3.16000000	-0.72699490	-2585.66321055	818.01778976	0.34738081
3.17000000	-0.72353865	-2593.84339392	818.01888179	0.34388102
3.18000000	-0.72011707	-2602.02358814	818.01995946	0.34044653
3.19000000	-0.71672951	-2610.20379306	818.02102306	0.33707539
3.20000000	-0.71337535	-2618.38400855	818.02207288	0.33376572
3.21000000	-0.71005399	-2626.56423448	818.02310918	0.33051575
3.22000000	-0.70676484	-2634.74447069	818.02413225	0.32732375
3.23000000	-0.70350733	-2642.92471708	818.02514234	0.32418808
3.24000000	-0.70028090	-2651.10497350	818.02613969	0.32110716
3.25000000	-0.69708501	-2659.28523983	818.02712456	0.31807947
3.26000000	-0.69391914	-2667.46551595	818.02809718	0.31510355
3.27000000	-0.69078277	-2675.64580173	818.02905779	0.31217800
3.28000000	-0.68767542	-2683.82609706	818.03000660	0.30930146
3.29000000	-0.68459658	-2692.00640183	818.03094384	0.30647263
3.30000000	-0.68154581	-2700.18671590	818.03186973	0.30369027
3.31000000	-0.67852263	-2708.36703918	818.03278446	0.30095315
3.32000000	-0.67552660	-2716.54737156	818.03368824	0.29826012
3.33000000	-0.67255728	-2724.72771291	818.03458127	0.29561006
3.34000000	-0.66961426	-2732.90806315	818.03546374	0.29300187
3.35000000	-0.66669711	-2741.08842215	818.03633583	0.29043452
3.36000000	-0.66380543	-2749.26878983	818.03719774	0.28790698
3.37000000	-0.66093884	-2757.44916607	818.03804962	0.28541829
3.38000000	-0.65809694	-2765.62955079	818.03889167	0.28296750
3.39000000	-0.65527937	-2773.80994388	818.03972404	0.28055370
3.40000000	-0.65248575	-2781.99034524	818.04054691	0.27817600
3.41000000	-0.64971573	-2790.17075478	818.04136043	0.27583354
3.42000000	-0.64696896	-2798.35117242	818.04216475	0.27352551
3.43000000	-0.64424511	-2806.53159805	818.04296004	0.27125109
3.44000000	-0.64154383	-2814.71203159	818.04374644	0.26900952
3.45000000	-0.63886481	-2822.89247295	818.04452410	0.26680005
3.46000000	-0.63620773	-2831.07292204	818.04529315	0.26462193
3.47000000	-0.63357227	-2839.25337878	818.04605375	0.26247448
3.48000000	-0.63095814	-2847.43384309	818.04680602	0.26035700
3.49000000	-0.62836503	-2855.61431488	818.04755010	0.25826883
3.50000000	-0.62579266	-2863.79479406	818.04828611	0.25620932
3.51000000	-0.62324075	-2871.97528057	818.04901419	0.25417786
3.52000000	-0.62070901	-2880.15577432	818.04973446	0.25217383
3.53000000	-0.61819718	-2888.33627523	818.05044704	0.25019666
3.54000000	-0.61570499	-2896.51678324	818.05115205	0.24824576
3.55000000	-0.61323218	-2904.69729825	818.05184960	0.24632058
3.56000000	-0.61077850	-2912.87782020	818.05253980	0.24442058
3.57000000	-0.60834369	-2921.05834902	818.05322278	0.24254525
3.58000000	-0.60592751	-2929.23888464	818.05389864	0.24069406
3.59000000	-0.60352973	-2937.41942697	818.05456748	0.23886654
3.60000000	-0.60115011	-2945.59997596	818.05522940	0.23706219
3.61000000	-0.59878841	-2953.78053154	818.05588452	0.23528055
3.62000000	-0.59644442	-2961.96109363	818.05653293	0.23352118
3.63000000	-0.59411791	-2970.14166217	818.05717473	0.23178361
3.64000000	-0.59180868	-2978.32223710	818.05781001	0.23006744
3.65000000	-0.58951650	-2986.50281835	818.05843887	0.22837224
3.66000000	-0.58724116	-2994.68340586	818.05906139	0.22669760
3.67000000	-0.58498248	-3002.86399956	818.05967768	0.22504313
3.68000000	-0.58274023	-3011.04459939	818.06028781	0.22340845
3.69000000	-0.58051424	-3019.22520530	818.06089188	0.22179318
3.70000000	-0.57830431	-3027.40581721	818.06148997	0.22019695
3.71000000	-0.57611024	-3035.58643508	818.06208217	0.21861942
3.72000000	-0.57393186	-3043.76705883	818.06266854	0.21706024
3.73000000	-0.57176898	-3051.94768843	818.06324918	0.21551907
3.74000000	-0.56962142	-3060.12832380	818.06382417	0.21399559
3.75000000	-0.56748901	-3068.30896489	818.06439357	0.21248947
3.76000000	-0.56537157	-3076.48961165	818.06495747	0.21100041
3.77000000	-0.56326894	-3084.67026402	818.06551594	0.20952810
3.78000000	-0.56118095	-3092.85092195	818.06606905	0.20807226
3.79000000	-0.55910744	-3101.03158539	818.06661687	0.20663258
3.80000000	-0.55704825	-3109.21225427	818.06715948	0.20520880
3.81000000	-0.55500322	-3117.39292856	818.06769694	0.20380064
3.82000000	-0.55297219	-3125.57360819	818.06822932	0.20240783
3.83000000	-0.55095501	-3133.75429313	818.06875669	0.20103012
3.84000000	-0.54895153	-3141.93498331	818.06927911	0.19966724
3.85000000	-0.54696161	-3150.11567870	818.06979664	0.19831897
3.86000000	-0.54498511	-3158.29637923	818.07030936	0.19698504
3.87000000	-0.54302187	-3166.47708487	818.07081731	0.19566524
3.88000000	-0.54107176	-3174.65779556	818.07132057	0.19435932
3.89000000	-0.53913463	-3182.83851126	818.07181918	0.19306708
3.90000000	-0.53721037	-3191.01923193	818.07231322	0.19178828
3.91000000	-0.53529883	-3199.19995751	818.07280273	0.19052271
3.92000000	-0.53339987	-3207.38068797	818.07328778	0.18927018
3.93000000	-0.53151338	-3215.56142325	818.07376842	0.18803047
3.94000000	-0.52963922	-3223.74216332	818.07424470	0.18680338
3.95000000	-0.52777727	-3231.92290813	818.07471667	0.18558873
3.96000000	-0.52592740	-3240.10365764	818.07518440	0.18438632
3.97000000	-0.52408950	-3248.28441181	818.07564794	0.18319596
3.98000000	-0.52226345	-3256.46517059	818.07610732	0.18201749
3.99000000	-0.52044911	-3264.64593394	818.07656261	0.18085071
4.00000000	-0.51864639	-3272.82670182	818.07701386	0.17969547
4.01000000	-0.51685517	-3281.00747420	818.07746111	0.17855158
4.02000000	-0.51507532	-3289.18825103	818.07790441	0.17741888
4.03000000	-0.51330675	-3297.36903228	818.07834380	0.17629722
4.04000000	-0.51154934	-3305.54981790	818.07877934	0.17518643
4.05000000	-0.50980299	-3313.73060785	818.07921108	0.17408635
4.06000000	-0.50806758	-3321.91140211	818.07963905	0.17299685
4.07000000	-0.50634302	-3330.09220062	818.08006329	0.17191777
4.08000000	-0.50462919	-3338.27300336	818.08048386	0.17084896
4.09000000	-0.50292600	-3346.45381029	818.08090080	0.16979028
4.10000000	-0.50123335	-3354.63462136	818.08131415	0.16874160
4.11000000	-0.49955114	-3362.81543656	818.08172395	0.16770277
4.12000000	-0.49787927	-3370.99625583	818.08213023	0.16667367
4.13000000	-0.49621763	-3379.17707915	818.08253305	0.16565417
4.14000000	-0.49456615	-3387.35790648	818.08293245	0.16464413
4.15000000	-0.49292472	-3395.53873779	818.08332845	0.16364342
4.16000000	-0.49129325	-3403.71957304	818.08372110	0.16265194
4.17000000	-0.48967165	-3411.90041220	818.08411044	0.16166955
4.18000000	-0.48805983	-3420.08125524	818.08449651	0.16069614
4.19000000	-0.48645770	-3428.26210212	818.08487934	0.15973160
4.20000000	-0.48486517	-3436.44295281	818.08525896	0.15877580
4.21000000	-0.48328215	-3444.62380729	818.08563542	0.15782864
4.22000000	-0.48170857	-3452.80466551	818.08600875	0.15689001
4.23000000	-0.48014433	-3460.98552745	818.08637899	0.15595979
4.24000000	-0.47858934	-3469.16639308	818.08674616	0.15503790
4.25000000	-0.47704354	-3477.34726236	818.08711031	0.15412421
4.26000000	-0.47550683	-3485.52813528	818.08747147	0.15321864
4.27000000	-0.47397914	-3493.70901178	818.08782966	0.15232107
4.28000000	-0.47246039	-3501.88989186	818.08818492	0.15143142
4.29000000	-0.47095049	-3510.07077547	818.08853729	0.15054959
4.30000000	-0.46944937	-3518.25166260	818.08888680	0.14967547
4.31000000	-0.46795695	-3526.43255320	818.08923347	0.14880899
4.32000000	-0.46647316	-3534.61344726	818.08957734	0.14795005
4.33000000	-0.46499793	-3542.79434474	818.08991843	0.14709855
4.34000000	-0.46353117	-3550.97524562	818.09025679	0.14625441
4.35000000	-0.46207281	-3559.15614986	818.09059243	0.14541755
4.36000000	-0.46062279	-3567.33705745	818.09092538	0.14458788
4.37000000	-0.45918103	-3575.51796836	818.09125568	0.14376531
4.38000000	-0.45774746	-3583.69888256	818.09158336	0.14294976
4.39000000	-0.45632201	-3591.87980002	818.09190843	0.14214116
4.40000000	-0.45490462	-3600.06072072	818.09223093	0.14133942
4.41000000	-0.45349520	-3608.24164463	818.09255089	0.14054446
4.42000000	-0.45209371	-3616.42257173	818.09286833	0.13975621
4.43000000	-0.45070006	-3624.60350199	818.09318328	0.13897459
4.44000000	-0.44931419	-3632.78443539	818.09349576	0.13819952
4.45000000	-0.44793604	-3640.96537190	818.09380581	0.13743094
4.46000000	-0.44656555	-3649.14631149	818.09411344	0.13666877
4.47000000	-0.44520265	-3657.32725416	818.09441868	0.13591294
4.48000000	-0.44384727	-3665.50819986	818.09472156	0.13516338
4.49000000	-0.44249936	-3673.68914858	818.09502210	0.13442002
4.50000000	-0.44115885	-3681.87010029	818.09532032	0.13368280
4.51000000	-0.43982568	-3690.05105498	818.09561625	0.13295164
4.52000000	-0.43849980	-3698.23201261	818.09590991	0.13222647
4.53000000	-0.43718113	-3706.41297317	818.09620133	0.13150725
4.54000000	-0.43586963	-3714.59393663	818.09649053	0.13079389
4.55000000	-0.43456524	-3722.77490297	818.09677752	0.13008634
4.56000000	-0.43326789	-3730.95587217	818.09706234	0.12938454
4.57000000	-0.43197753	-3739.13684421	818.09734501	0.12868842
4.58000000	-0.43069410	-3747.31781907	818.09762554	0.12799792
4.59000000	-0.42941755	-3755.49879672	818.09790396	0.12731299
4.60000000	-0.42814782	-3763.67977714	818.09818029	0.12663357
4.61000000	-0.42688486	-3771.86076032	818.09845455	0.12595959
4.62000000	-0.42562861	-3780.04174622	818.09872676	0.12529100
4.63000000	-0.42437902	-3788.22273484	818.09899694	0.12462775
4.64000000	-0.42313604	-3796.40372616	818.09926511	0.12396978
4.65000000	-0.42189961	-3804.58472014	818.09953130	0.12331703
4.66000000	-0.42066968	-3812.76571678	818.09979551	0.12266945
4.67000000	-0.41944620	-3820.94671604	818.10005778	0.12202699
4.68000000	-0.41822913	-3829.12771792	818.10031812	0.12138960
4.69000000	-0.41701840	-3837.30872240	818.10057655	0.12075722
4.70000000	-0.41581396	-3845.48972945	818.10083308	0.12012980
4.71000000	-0.41461578	-3853.67073905	818.10108774	0.11950729
4.72000000	-0.41342380	-3861.85175120	818.10134055	0.11888964
4.73000000	-0.41223797	-3870.03276586	818.10159152	0.11827681
4.74000000	-0.41105825	-3878.21378302	818.10184067	0.11766874
4.75000000	-0.40988458	-3886.39480267	818.10208802	0.11706538
4.76000000	-0.40871693	-3894.57582478	818.10233358	0.11646670
4.77000000	-0.40755523	-3902.75684933	818.10257738	0.11587264
4.78000000	-0.40639946	-3910.93787632	818.10281943	0.11528315
4.79000000	-0.40524956	-3919.11890572	818.10305974	0.11469820
4.80000000	-0.40410548	-3927.29993751	818.10329834	0.11411773
4.81000000	-0.40296719	-3935.48097168	818.10353524	0.11354170
4.82000000	-0.40183463	-3943.66200821	818.10377045	0.11297008
4.83000000	-0.40070777	-3951.84304708	818.10400400	0.11240280
4.84000000	-0.39958656	-3960.02408828	818.10423589	0.11183984
4.85000000	-0.39847096	-3968.20513179	818.10446615	0.11128115
4.86000000	-0.39736092	-3976.38617760	818.10469479	0.11072669
4.87000000	-0.39625641	-3984.56722568	818.10492182	0.11017641
4.88000000	-0.39515738	-3992.74827603	818.10514726	0.10963029
4.89000000	-0.39406379	-4000.92932862	818.10537113	0.10908826
4.90000000	-0.39297560	-4009.11038345	818.10559344	0.10855031
4.91000000	-0.39189277	-4017.29144049	818.10581420	0.10801638
4.92000000	-0.39081526	-4025.47249973	818.10603343	0.10748644
4.93000000	-0.38974303	-4033.65356115	818.10625114	0.10696046
4.94000000	-0.38867604	-4041.83462474	818.10646735	0.10643838
4.95000000	-0.38761425	-4050.01569049	818.10668207	0.10592018
4.96000000	-0.38655762	-4058.19675838	818.10689531	0.10540582
4.97000000	-0.38550612	-4066.37782839	818.10710710	0.10489526
4.98000000	-0.38445971	-4074.55890052	818.10731743	0.10438847
4.99000000	-0.38341834	-4082.73997474	818.10752633	0.10388541
5.00000000	-0.38238199	-4090.92105104	818.10773381	0.10338604
5.01000000	-0.38135061	-4099.10212941	818.10793988	0.10289033
5.02000000	-0.38032417	-4107.28320983	818.10814455	0.10239825
5.03000000	-0.37930263	-4115.46429230	818.10834785	0.10190976
5.04000000	-0.37828596	-4123.64537678	818.10854977	0.10142483
5.05000000	-0.37727412	-4131.82646329	818.10875033	0.10094342
5.06000000	-0.37626708	-4140.00755179	818.10894955	0.10046551
5.07000000	-0.37526480	-4148.18864227	818.10914743	0.09999105
5.08000000	-0.37426725	-4156.36973473	818.10934399	0.09952002
5.09000000	-0.37327439	-4164.55082915	818.10953925	0.09905239
5.10000000	-0.37228619	-4172.73192551	818.10973320	0.09858812
5.11000000	-0.37130261	-4180.91302381	818.10992587	0.09812719
5.12000000	-0.37032363	-4189.09412402	818.11011726	0.09766955
5.13000000	-0.36934921	-4197.27522615	818.11030740	0.09721519
5.14000000	-0.36837932	-4205.45633017	818.11049627	0.09676407
5.15000000	-0.36741392	-4213.63743607	818.11068391	0.09631616
5.16000000	-0.36645298	-4221.81854384	818.11087032	0.09587143
5.17000000	-0.36549648	-4229.99965347	818.11105551	0.09542985
5.18000000	-0.36454438	-4238.18076495	818.11123949	0.09499140
5.19000000	-0.36359664	-4246.36187826	818.11142228	0.09455605
5.20000000	-0.36265325	-4254.54299339	818.11160387	0.09412376
5.21000000	-0.36171416	-4262.72411033	818.11178429	0.09369451
5.22000000	-0.36077935	-4270.90522907	818.11196355	0.09326828
5.23000000	-0.35984878	-4279.08634960	818.11214165	0.09284502
5.24000000	-0.35892244	-4287.26747190	818.11231860	0.09242473
5.25000000	-0.35800028	-4295.44859597	818.11249442	0.09200737
5.26000000	-0.35708228	-4303.62972179	818.11266911	0.09159291
5.27000000	-0.35616841	-4311.81084935	818.11284268	0.09118133
5.28000000	-0.35525864	-4319.99197864	818.11301515	0.09077260
5.29000000	-0.35435295	-4328.17310965	818.11318652	0.09036670
5.30000000	-0.35345130	-4336.35424236	818.11335680	0.08996360
5.31000000	-0.35255367	-4344.53537678	818.11352601	0.08956328
5.32000000	-0.35166002	-4352.71651288	818.11369415	0.08916571
5.33000000	-0.35077034	-4360.89765066	818.11386122	0.08877087
5.34000000	-0.34988460	-4369.07879010	818.11402725	0.08837873
5.35000000	-0.34900276	-4377.25993120	818.11419223	0.08798927
5.36000000	-0.34812480	-4385.44107394	818.11435618	0.08760246
5.37000000	-0.34725070	-4393.62221832	818.11451911	0.08721829
5.38000000	-0.34638043	-4401.80336432	818.11468102	0.08683672
5.39000000	-0.34551396	-4409.98451194	818.11484193	0.08645774
5.40000000	-0.34465127	-4418.16566116	818.11500183	0.08608132
5.41000000	-0.34379232	-4426.34681197	818.11516075	0.08570744
5.42000000	-0.34293711	-4434.52796437	818.11531868	0.08533607
5.43000000	-0.34208559	-4442.70911834	818.11547564	0.08496721
5.44000000	-0.34123776	-4450.89027388	818.11563164	0.08460081
5.45000000	-0.34039357	-4459.07143097	818.11578668	0.08423687
5.46000000	-0.33955301	-4467.25258961	818.11594077	0.08387536
5.47000000	-0.33871605	-4475.43374978	818.11609392	0.08351625
5.48000000	-0.33788268	-4483.61491148	818.11624613	0.08315954
5.49000000	-0.33705286	-4491.79607470	818.11639742	0.08280519
5.50000000	-0.33622657	-4499.97723943	818.11654779	0.08245319
5.51000000	-0.33540378	-4508.15840565	818.11669725	0.08210351
5.52000000	-0.33458449	-4516.33957337	818.11684581	0.08175614
5.53000000	-0.33376865	-4524.52074257	818.11699347	0.08141105
5.54000000	-0.33295626	-4532.70191324	818.11714025	0.08106824
5.55000000	-0.33214728	-4540.88308537	818.11728614	0.08072766
5.56000000	-0.33134170	-4549.06425896	818.11743116	0.08038932
5.57000000	-0.33053949	-4557.24543399	818.11757531	0.08005318
5.58000000	-0.32974063	-4565.42661046	818.11771861	0.07971923
5.59000000	-0.32894510	-4573.60778836	818.11786105	0.07938746
5.60000000	-0.32815287	-4581.78896768	818.11800264	0.07905783
5.61000000	-0.32736393	-4589.97014841	818.11814340	0.07873034
5.62000000	-0.32657826	-4598.15133054	818.11828332	0.07840496
5.63000000	-0.32579583	-4606.33251407	818.11842242	0.07808168
5.64000000	-0.32501662	-4614.51369899	818.11856070	0.07776047
5.65000000	-0.32424061	-4622.69488528	818.11869817	0.07744133
5.66000000	-0.32346778	-4630.87607295	818.11883483	0.07712424
5.67000000	-0.32269812	-4639.05726198	818.11897070	0.07680916
5.68000000	-0.32193159	-4647.23845236	818.11910577	0.07649610
5.69000000	-0.32116819	-4655.41964409	818.11924005	0.07618503
5.70000000	-0.32040789	-4663.60083716	818.11937356	0.07587594
5.71000000	-0.31965066	-4671.78203156	818.11950629	0.07556880
5.72000000	-0.31889650	-4679.96322728	818.11963825	0.07526360
5.73000000	-0.31814539	-4688.14442432	818.11976945	0.07496034
5.74000000	-0.31739729	-4696.32562267	818.11989989	0.07465898
5.75000000	-0.31665220	-4704.50682232	818.12002959	0.07435951
5.76000000	-0.31591010	-4712.68802326	818.12015854	0.07406192
5.77000000	-0.31517096	-4720.86922549	818.12028675	0.07376620
5.78000000	-0.31443476	-4729.05042899	818.12041423	0.07347231
5.79000000	-0.31370150	-4737.23163377	818.12054098	0.07318027
5.80000000	-0.31297115	-4745.41283981	818.12066701	0.07289003
5.81000000	-0.31224370	-4753.59404711	818.12079233	0.07260160
5.82000000	-0.31151912	-4761.77525565	818.12091693	0.07231495
5.83000000	-0.31079739	-4769.95646544	818.12104083	0.07203007
5.84000000	-0.31007851	-4778.13767647	818.12116403	0.07174695
5.85000000	-0.30936245	-4786.31888872	818.12128654	0.07146557
5.86000000	-0.30864919	-4794.50010220	818.12140836	0.07118592
5.87000000	-0.30793872	-4802.68131688	818.12152950	0.07090798
5.88000000	-0.30723103	-4810.86253278	818.12164996	0.07063174
5.89000000	-0.30652608	-4819.04374988	818.12176975	0.07035719
5.90000000	-0.30582388	-4827.22496818	818.12188886	0.07008430
5.91000000	-0.30512439	-4835.40618766	818.12200732	0.06981307
5.92000000	-0.30442761	-4843.58740832	818.12212512	0.06954349
5.93000000	-0.30373352	-4851.76863016	818.12224227	0.06927553
5.94000000	-0.30304209	-4859.94985316	818.12235877	0.06900920
5.95000000	-0.30235333	-4868.13107733	818.12247462	0.06874447
5.96000000	-0.30166720	-4876.31230265	818.12258984	0.06848132
5.97000000	-0.30098369	-4884.49352913	818.12270443	0.06821976
5.98000000	-0.30030280	-4892.67475674	818.12281838	0.06795976
5.99000000	-0.29962449	-4900.85598549	818.12293172	0.06770131
6.00000000	-0.29894877	-4909.03721537	818.12304443	0.06744440
6.01000000	-0.29827560	-4917.21844638	818.12315654	0.06718902
6.02000000	-0.29760498	-4925.39967850	818.12326803	0.06693516
6.03000000	-0.29693689	-4933.58091174	818.12337891	0.06668280
6.04000000	-0.29627132	-4941.76214608	818.12348920	0.06643193
6.05000000	-0.29560825	-4949.94338152	818.12359889	0.06618253
6.06000000	-0.29494767	-4958.12461805	818.12370798	0.06593461
6.07000000	-0.29428955	-4966.30585568	818.12381649	0.06568814
6.08000000	-0.29363390	-4974.48709438	818.12392442	0.06544311
6.09000000	-0.29298069	-4982.66833416	818.12403177	0.06519951
6.10000000	-0.29232990	-4990.84957501	818.12413854	0.06495734
6.11000000	-0.29168153	-4999.03081693	818.12424475	0.06471658
6.12000000	-0.29103557	-5007.21205991	818.12435038	0.06447721
6.13000000	-0.29039199	-5015.39330394	818.12445546	0.06423923
6.14000000	-0.28975078	-5023.57454901	818.12455997	0.06400263
6.15000000	-0.28911193	-5031.75579513	818.12466394	0.06376739
6.16000000	-0.28847542	-5039.93704229	818.12476735	0.06353351
6.17000000	-0.28784125	-5048.11829048	818.12487021	0.06330097
6.18000000	-0.28720940	-5056.29953969	818.12497254	0.06306976
6.19000000	-0.28657985	-5064.48078993	818.12507433	0.06283988
6.20000000	-0.28595260	-5072.66204118	818.12517558	0.06261131
6.21000000	-0.28532762	-5080.84329344	818.12527630	0.06238404
6.22000000	-0.28470491	-5089.02454670	818.12537649	0.06215806
6.23000000	-0.28408446	-5097.20580097	818.12547617	0.06193337
6.24000000	-0.28346624	-5105.38705622	818.12557532	0.06170995
6.25000000	-0.28285025	-5113.56831247	818.12567395	0.06148779
6.26000000	-0.28223648	-5121.74956970	818.12577208	0.06126688
6.27000000	-0.28162491	-5129.93082791	818.12586970	0.06104721
6.28000000	-0.28101553	-5138.11208709	818.12596681	0.06082878
6.29000000	-0.28040833	-5146.29334725	818.12606342	0.06061157
6.30000000	-0.27980330	-5154.47460836	818.12615953	0.06039558
6.31000000	-0.27920042	-5162.65587043	818.12625515	0.06018079
6.32000000	-0.27859968	-5170.83713346	818.12635028	0.05996720
6.33000000	-0.27800107	-5179.01839744	818.12644492	0.05975479
6.34000000	-0.27740458	-5187.19966236	818.12653908	0.05954356
6.35000000	-0.27681019	-5195.38092822	818.12663276	0.05933350
6.36000000	-0.27621791	-5203.56219501	818.12672596	0.05912460
6.37000000	-0.27562770	-5211.74346274	818.12681869	0.05891685
6.38000000	-0.27503956	-5219.92473138	818.12691094	0.05871024
6.39000000	-0.27445349	-5228.10600095	818.12700273	0.05850477
6.40000000	-0.27386947	-5236.28727144	818.12709406	0.05830042
6.41000000	-0.27328748	-5244.46854283	818.12718492	0.05809718
6.42000000	-0.27270752	-5252.64981513	818.12727533	0.05789505
6.43000000	-0.27212957	-5260.83108834	818.12736528	0.05769403
6.44000000	-0.27155363	-5269.01236244	818.12745478	0.05749409
6.45000000	-0.27097969	-5277.19363743	818.12754384	0.05729524
6.46000000	-0.27040773	-5285.37491331	818.12763244	0.05709746
6.47000000	-0.26983774	-5293.55619008	818.12772061	0.05690075
6.48000000	-0.26926971	-5301.73746772	818.12780834	0.05670510
6.49000000	-0.26870363	-5309.91874625	818.12789563	0.05651050
6.50000000	-0.26813949	-5318.10002564	818.12798248	0.05631694
6.51000000	-0.26757729	-5326.28130589	818.12806891	0.05612442
6.52000000	-0.26701700	-5334.46258701	818.12815491	0.05593293
6.53000000	-0.26645863	-5342.64386899	818.12824048	0.05574246
6.54000000	-0.26590215	-5350.82515182	818.12832564	0.05555300
6.55000000	-0.26534756	-5359.00643550	818.12841037	0.05536454
6.56000000	-0.26479485	-5367.18772003	818.12849469	0.05517708
6.57000000	-0.26424402	-5375.36900539	818.12857860	0.05499062
6.58000000	-0.26369504	-5383.55029160	818.12866209	0.05480514
6.59000000	-0.26314791	-5391.73157863	818.12874518	0.05462063
6.60000000	-0.26260262	-5399.91286650	818.12882786	0.05443709
6.61000000	-0.26205917	-5408.09415519	818.12891014	0.05425452
6.62000000	-0.26151753	-5416.27544470	818.12899202	0.05407290
6.63000000	-0.26097771	-5424.45673503	818.12907350	0.05389222
6.64000000	-0.26043968	-5432.63802617	818.12915459	0.05371249
6.65000000	-0.25990345	-5440.81931812	818.12923529	0.05353370
6.66000000	-0.25936901	-5449.00061087	818.12931560	0.05335583
6.67000000	-0.25883633	-5457.18190443	818.12939552	0.05317888
6.68000000	-0.25830542	-5465.36319878	818.12947505	0.05300285
6.69000000	-0.25777627	-5473.54449393	818.12955421	0.05282772
6.70000000	-0.25724887	-5481.72578987	818.12963298	0.05265350
6.71000000	-0.25672320	-5489.90708659	818.12971138	0.05248017
6.72000000	-0.25619926	-5498.08838409	818.12978941	0.05230773
6.73000000	-0.25567704	-5506.26968238	818.12986706	0.05213617
6.74000000	-0.25515653	-5514.45098143	818.12994435	0.05196549
6.75000000	-0.25463773	-5522.63228126	818.13002126	0.05179568
6.76000000	-0.25412062	-5530.81358186	818.13009782	0.05162673
6.77000000	-0.25360519	-5538.99488322	818.13017401	0.05145864
6.78000000	-0.25309144	-5547.17618534	818.13024984	0.05129140
6.79000000	-0.25257936	-5555.35748821	818.13032531	0.05112501
6.80000000	-0.25206894	-5563.53879184	818.13040043	0.05095945
6.81000000	-0.25156017	-5571.72009622	818.13047519	0.05079473
6.82000000	-0.25105304	-5579.90140134	818.13054960	0.05063084
6.83000000	-0.25054755	-5588.08270721	818.13062367	0.05046777
6.84000000	-0.25004368	-5596.26401382	818.13069739	0.05030551
6.85000000	-0.24954144	-5604.44532116	818.13077076	0.05014407
6.86000000	-0.24904080	-5612.62662923	818.13084379	0.04998343
6.87000000	-0.24854177	-5620.80793803	818.13091649	0.04982359
6.88000000	-0.24804433	-5628.98924756	818.13098884	0.04966454
6.89000000	-0.24754847	-5637.17055781	818.13106086	0.04950629
6.90000000	-0.24705420	-5645.35186877	818.13113255	0.04934881
6.91000000	-0.24656149	-5653.53318046	818.13120390	0.04919212
6.92000000	-0.24607035	-5661.71449285	818.13127493	0.04903619
6.93000000	-0.24558077	-5669.89580595	818.13134563	0.04888104
6.94000000	-0.24509273	-5678.07711976	818.13141600	0.04872664
6.95000000	-0.24460623	-5686.25843427	818.13148605	0.04857300
6.96000000	-0.24412127	-5694.43974948	818.13155578	0.04842011
6.97000000	-0.24363783	-5702.62106539	818.13162519	0.04826797
6.98000000	-0.24315590	-5710.80238199	818.13169428	0.04811657
6.99000000	-0.24267549	-5718.98369927	818.13176306	0.04796591
7.00000000	-0.24219658	-5727.16501725	818.13183152	0.04781598
7.01000000	-0.24171917	-5735.34633590	818.13189968	0.04766677
7.02000000	-0.24124325	-5743.52765524	818.13196752	0.04751829
7.03000000	-0.24076880	-5751.70897525	818.13203506	0.04737052
7.04000000	-0.24029583	-5759.89029594	818.13210229	0.04722346
7.05000000	-0.23982433	-5768.07161730	818.13216921	0.04707711
7.06000000	-0.23935429	-5776.25293932	818.13223584	0.04693147
7.07000000	-0.23888570	-5784.43426201	818.13230217	0.04678652
7.08000000	-0.23841856	-5792.61558536	818.13236819	0.04664226
7.09000000	-0.23795285	-5800.79690937	818.13243392	0.04649869
7.10000000	-0.23748858	-5808.97823404	818.13249936	0.04635581
7.11000000	-0.23702573	-5817.15955936	818.13256450	0.04621360
7.12000000	-0.23656431	-5825.34088533	818.13262936	0.04607207
7.13000000	-0.23610429	-5833.52221195	818.13269392	0.04593121
7.14000000	-0.23564568	-5841.70353921	818.13275820	0.04579102
7.15000000	-0.23518847	-5849.88486711	818.13282219	0.04565149
7.16000000	-0.23473265	-5858.06619565	818.13288589	0.04551261
7.17000000	-0.23427821	-5866.24752483	818.13294932	0.04537439
7.18000000	-0.23382516	-5874.42885464	818.13301246	0.04523682
7.19000000	-0.23337347	-5882.61018508	818.13307533	0.04509989
7.20000000	-0.23292316	-5890.79151614	818.13313791	0.04496360
7.21000000	-0.23247420	-5898.97284783	818.13320023	0.04482795
7.22000000	-0.23202660	-5907.15418015	818.13326226	0.04469293
7.23000000	-0.23158034	-5915.33551308	818.13332403	0.04455853
7.24000000	-0.23113542	-5923.51684663	818.13338553	0.04442476
7.25000000	-0.23069184	-5931.69818079	818.13344675	0.04429162
7.26000000	-0.23024959	-5939.87951556	818.13350771	0.04415908
7.27000000	-0.22980866	-5948.06085094	818.13356840	0.04402716
7.28000000	-0.22936904	-5956.24218693	818.13362883	0.04389585
7.29000000	-0.22893074	-5964.42352352	818.13368900	0.04376514
7.30000000	-0.22849374	-5972.60486071	818.13374890	0.04363503
7.31000000	-0.22805804	-5980.78619849	818.13380854	0.04350552
7.32000000	-0.22762363	-5988.96753688	818.13386793	0.04337660
7.33000000	-0.22719050	-5997.14887585	818.13392706	0.04324827
7.34000000	-0.22675866	-6005.33021542	818.13398593	0.04312052
7.35000000	-0.22632809	-6013.51155557	818.13404455	0.04299335
7.36000000	-0.22589879	-6021.69289631	818.13410292	0.04286677
7.37000000	-0.22547075	-6029.87423763	818.13416104	0.04274075
7.38000000	-0.22504397	-6038.05557953	818.13421891	0.04261531
7.39000000	-0.22461845	-6046.23692200	818.13427653	0.04249044
7.40000000	-0.22419416	-6054.41826506	818.13433390	0.04236613
7.41000000	-0.22377112	-6062.59960868	818.13439103	0.04224237
7.42000000	-0.22334931	-6070.78095288	818.13444792	0.04211918
7.43000000	-0.22292874	-6078.96229764	818.13450456	0.04199654
7.44000000	-0.22250938	-6087.14364297	818.13456097	0.04187444
7.45000000	-0.22209125	-6095.32498886	818.13461713	0.04175290
7.46000000	-0.22167432	-6103.50633531	818.13467305	0.04163189
7.47000000	-0.22125861	-6111.68768232	818.13472874	0.04151143
7.48000000	-0.22084409	-6119.86902988	818.13478420	0.04139150
7.49000000	-0.22043077	-6128.05037800	818.13483942	0.04127210
7.50000000	-0.22001865	-6136.23172667	818.13489440	0.04115323
7.51000000	-0.21960771	-6144.41307589	818.13494916	0.04103489
7.52000000	-0.21919795	-6152.59442565	818.13500368	0.04091708
7.53000000	-0.21878936	-6160.77577596	818.13505798	0.04079978
7.54000000	-0.21838195	-6168.95712681	818.13511205	0.04068300
7.55000000	-0.21797570	-6177.13847820	818.13516589	0.04056673
7.56000000	-0.21757061	-6185.31983013	818.13521951	0.04045097
7.57000000	-0.21716668	-6193.50118259	818.13527291	0.04033572
7.58000000	-0.21676390	-6201.68253559	818.13532608	0.04022098
7.59000000	-0.21636226	-6209.86388911	818.13537903	0.04010673
7.60000000	-0.21596176	-6218.04524317	818.13543176	0.03999298
7.61000000	-0.21556240	-6226.22659775	818.13548428	0.03987973
7.62000000	-0.21516417	-6234.40795285	818.13553657	0.03976697
7.63000000	-0.21476706	-6242.58930848	818.13558865	0.03965470
7.64000000	-0.21437107	-6250.77066462	818.13564052	0.03954292
7.65000000	-0.21397620	-6258.95202129	818.13569217	0.03943162
7.66000000	-0.21358244	-6267.13337847	818.13574361	0.03932080
7.67000000	-0.21318978	-6275.31473616	818.13579483	0.03921046
7.68000000	-0.21279823	-6283.49609436	818.13584585	0.03910059
7.69000000	-0.21240777	-6291.67745307	818.13589666	0.03899119
7.70000000	-0.21201840	-6299.85881229	818.13594726	0.03888227
7.71000000	-0.21163012	-6308.04017202	818.13599765	0.03877381
7.72000000	-0.21124292	-6316.22153225	818.13604784	0.03866581
7.73000000	-0.21085680	-6324.40289297	818.13609782	0.03855827
7.74000000	-0.21047176	-6332.58425420	818.13614760	0.03845120
7.75000000	-0.21008778	-6340.76561593	818.13619718	0.03834458
7.76000000	-0.20970486	-6348.94697814	818.13624656	0.03823841
7.77000000	-0.20932301	-6357.12834086	818.13629573	0.03813269
7.78000000	-0.20894221	-6365.30970406	818.13634471	0.03802742
7.79000000	-0.20856246	-6373.49106775	818.13639349	0.03792259
7.80000000	-0.20818375	-6381.67243193	818.13644207	0.03781821
7.81000000	-0.20780609	-6389.85379659	818.13649046	0.03771426
7.82000000	-0.20742947	-6398.03516174	818.13653865	0.03761076
7.83000000	-0.20705388	-6406.21652736	818.13658665	0.03750768
7.84000000	-0.20667931	-6414.39789347	818.13663446	0.03740504
7.85000000	-0.20630577	-6422.57926005	818.13668207	0.03730283
7.86000000	-0.20593325	-6430.76062711	818.13672950	0.03720105
7.87000000	-0.20556175	-6438.94199464	818.13677673	0.03709969
7.88000000	-0.20519126	-6447.12336264	818.13682378	0.03699876
7.89000000	-0.20482177	-6455.30473112	818.13687064	0.03689824
7.90000000	-0.20445329	-6463.48610006	818.13691731	0.03679814
7.91000000	-0.20408581	-6471.66746946	818.13696380	0.03669846
7.92000000	-0.20371932	-6479.84883933	818.13701010	0.03659919
7.93000000	-0.20335382	-6488.03020966	818.13705622	0.03650033
7.94000000	-0.20298931	-6496.21158046	818.13710216	0.03640188
7.95000000	-0.20262579	-6504.39295171	818.13714791	0.03630383
7.96000000	-0.20226324	-6512.57432341	818.13719349	0.03620619
7.97000000	-0.20190166	-6520.75569557	818.13723889	0.03610895
7.98000000	-0.20154106	-6528.93706819	818.13728410	0.03601211
7.99000000	-0.20118142	-6537.11844126	818.13732914	0.03591566
8.00000000	-0.20082274	-6545.29981477	818.13737400	0.03581961
