T	Ut	Ft	St	Ct
0.01000000	-1.99804688	-7.07061116	507.25642810	0.00000000
0.02000000	-1.99804688	-12.14317544	507.25642810	0.00000000
0.03000000	-1.99804688	-17.21573972	507.25642810	0.00000000
0.04000000	-1.99804688	-22.28830400	507.25642810	0.00000000
0.05000000	-1.99804688	-27.36086828	507.25642810	0.00000000
0.06000000	-1.99804688	-32.43343256	507.25642810	0.00000000
0.07000000	-1.99804688	-37.50599684	507.25642810	0.00000000
0.08000000	-1.99804688	-42.57856112	507.25642810	0.00000000
0.09000000	-1.99804688	-47.65112540	507.25642810	0.00000000
0.10000000	-1.99804688	-52.72368968	507.25642810	0.00000000
0.11000000	-1.99804688	-57.79625397	507.25642810	0.00000000
0.12000000	-1.99804688	-62.86881825	507.25642810	-0.00000000
0.13000000	-1.99804688	-67.94138253	507.25642810	-0.00000000
0.14000000	-1.99804687	-73.01394681	507.25642810	-0.00000000
0.15000000	-1.99804687	-78.08651109	507.25642810	0.00000000
0.16000000	-1.99804687	-83.15907537	507.25642810	0.00000000
0.17000000	-1.99804687	-88.23163965	507.25642810	0.00000000
0.18000000	-1.99804687	-93.30420393	507.25642810	0.00000000
0.19000000	-1.99804687	-98.37676821	507.25642810	0.00000000
0.20000000	-1.99804687	-103.44933249	507.25642810	0.00000000
0.21000000	-1.99804687	-108.52189678	507.25642810	0.00000000
0.22000000	-1.99804687	-113.59446106	507.25642810	0.00000000
0.23000000	-1.99804687	-118.66702534	507.25642810	0.00000000
0.24000000	-1.99804687	-123.73958962	507.25642810	0.00000001
0.25000000	-1.99804687	-128.81215390	507.25642810	0.00000001
0.26000000	-1.99804687	-133.88471818	507.25642810	0.00000002
0.27000000	-1.99804687	-138.95728246	507.25642810	0.00000003
0.28000000	-1.99804687	-144.02984674	507.25642810	0.00000005
0.29000000	-1.99804687	-149.10241102	507.25642810	0.00000008
0.30000000	-1.99804687	-154.17497530	507.25642811	0.00000012
0.31000000	-1.99804687	-159.24753959	507.25642811	0.00000017
0.32000000	-1.99804687	-164.32010387	507.25642812	0.00000025
0.33000000	-1.99804687	-169.39266815	507.25642813	0.00000034
0.34000000	-1.99804686	-174.46523243	507.25642814	0.00000047
0.35000000	-1.99804686	-179.53779671	507.25642816	0.00000063
0.36000000	-1.99804685	-184.61036099	507.25642818	0.00000083
0.37000000	-1.99804684	-189.68292527	507.25642820	0.00000109
0.38000000	-1.99804683	-194.75548956	507.25642824	0.00000143
0.39000000	-1.99804681	-199.82805384	507.25642828	0.00000185
0.40000000	-1.99804679	-204.90061812	507.25642833	0.00000239
0.41000000	-1.99804676	-209.97318241	507.25642840	0.00000308
0.42000000	-1.99804673	-215.04574669	507.25642848	0.00000395
0.43000000	-1.99804668	-220.11831098	507.25642859	0.00000506
0.44000000	-1.99804663	-225.19087526	507.25642872	0.00000646
0.45000000	-1.99804655	-230.26343955	507.25642889	0.00000825
0.46000000	-1.99804646	-235.33600384	507.25642909	0.00001050
0.47000000	-1.99804634	-240.40856813	507.25642935	0.00001334
0.48000000	-1.99804619	-245.48113243	507.25642966	0.00001689
0.49000000	-1.99804600	-250.55369673	507.25643005	0.00002132
0.50000000	-1.99804576	-255.62626103	507.25643054	0.00002682
0.51000000	-1.99804546	-260.69882534	507.25643113	0.00003358
0.52000000	-1.99804508	-265.77138965	507.25643186	0.00004187
0.53000000	-1.99804462	-270.84395397	507.25643275	0.00005196
0.54000000	-1.99804404	-275.91651831	507.25643384	0.00006416
0.55000000	-1.99804332	-280.98908265	507.25643514	0.00007882
0.56000000	-1.99804245	-286.06164701	507.25643672	0.00009632
0.57000000	-1.99804139	-291.13421139	507.25643860	0.00011709
0.58000000	-1.99804010	-296.20677578	507.25644084	0.00014160
0.59000000	-1.99803854	-301.27934021	507.25644350	0.00017036
0.60000000	-1.99803667	-306.35190466	507.25644664	0.00020391
0.61000000	-1.99803444	-311.42446914	507.25645032	0.00024284
0.62000000	-1.99803180	-316.49703366	507.25645463	0.00028780
0.63000000	-1.99802867	-321.56959824	507.25645963	0.00033945
0.64000000	-1.99802498	-326.64216286	507.25646543	0.00039852
0.65000000	-1.99802067	-331.71472755	507.25647212	0.00046578
0.66000000	-1.99801564	-336.78729231	507.25647980	0.00054204
0.67000000	-1.99800979	-341.85985715	507.25648858	0.00062816
0.68000000	-1.99800304	-346.93242208	507.25649859	0.00072506
0.69000000	-1.99799525	-352.00498712	507.25650995	0.00083369
0.70000000	-1.99798632	-357.07755229	507.25652281	0.00095507
0.71000000	-1.99797611	-362.15011758	507.25653729	0.00109026
0.72000000	-1.99796447	-367.22268304	507.25655357	0.00124041
0.73000000	-1.99795125	-372.29524866	507.25657180	0.00140669
0.74000000	-1.99793627	-377.36781448	507.25659217	0.00159038
0.75000000	-1.99791938	-382.44038051	507.25661485	0.00179279
0.76000000	-1.99790035	-387.51294679	507.25664004	0.00201534
0.77000000	-1.99787900	-392.58551332	507.25666796	0.00225952
0.78000000	-1.99785508	-397.65808015	507.25669881	0.00252689
0.79000000	-1.99782838	-402.73064731	507.25673283	0.00281912
0.80000000	-1.99779861	-407.80321482	507.25677026	0.00313798
0.81000000	-1.99776552	-412.87578273	507.25681137	0.00348531
0.82000000	-1.99772881	-417.94835106	507.25685641	0.00386308
0.83000000	-1.99768815	-423.02091987	507.25690569	0.00427333
0.84000000	-1.99764322	-428.09348919	507.25695949	0.00471821
0.85000000	-1.99759366	-433.16605908	507.25701813	0.00519996
0.86000000	-1.99753909	-438.23862957	507.25708195	0.00572092
0.87000000	-1.99747911	-443.31120073	507.25715129	0.00628349
0.88000000	-1.99741328	-448.38377262	507.25722652	0.00689013
0.89000000	-1.99734115	-453.45634528	507.25730802	0.00754339
0.90000000	-1.99726225	-458.52891880	507.25739617	0.00824585
0.91000000	-1.99717606	-463.60149323	507.25749140	0.00900014
0.92000000	-1.99708206	-468.67406865	507.25759412	0.00980894
0.93000000	-1.99697969	-473.74664514	507.25770479	0.01067499
0.94000000	-1.99686836	-478.81922278	507.25782385	0.01160111
0.95000000	-1.99674746	-483.89180165	507.25795178	0.01259025
0.96000000	-1.99661634	-488.96438184	507.25808907	0.01364550
0.97000000	-1.99647432	-494.03696346	507.25823623	0.01477019
0.98000000	-1.99632069	-499.10954660	507.25839379	0.01596793
0.99000000	-1.99615470	-504.18213137	507.25856230	0.01724269
1.00000000	-1.99597556	-509.25471789	507.25874232	0.01859885
1.01000000	-1.99578244	-514.32730626	507.25893448	0.02004125
1.02000000	-1.99557443	-519.39989662	507.25913940	0.02157518
1.03000000	-1.99535061	-524.47248909	507.25935775	0.02320633
1.04000000	-1.99510996	-529.54508382	507.25959025	0.02494067
1.05000000	-1.99485143	-534.61768095	507.25983763	0.02678428
1.06000000	-1.99457389	-539.69028063	507.26010069	0.02874309
1.07000000	-1.99427617	-544.76288302	507.26038023	0.03082258
1.08000000	-1.99395702	-549.83548829	507.26067710	0.03302741
1.09000000	-1.99361519	-554.90809662	507.26099214	0.03536105
1.10000000	-1.99324937	-559.98070819	507.26132621	0.03782536
1.11000000	-1.99285825	-565.05332321	507.26168015	0.04042025
1.12000000	-1.99244053	-570.12594187	507.26205476	0.04314330
1.13000000	-1.99199497	-575.19856438	507.26245080	0.04598936
1.14000000	-1.99152036	-580.27119096	507.26286894	0.04895032
1.15000000	-1.99101562	-585.34382183	507.26330975	0.05201479
1.16000000	-1.99047977	-590.41645723	507.26377367	0.05516798
1.17000000	-1.98991202	-595.48909738	507.26426099	0.05839192
1.18000000	-1.98931177	-600.56174253	507.26477183	0.06166606
1.19000000	-1.98867861	-605.63439290	507.26530613	0.06496867
1.20000000	-1.98801237	-610.70704873	507.26586363	0.06827915
1.21000000	-1.98731305	-615.77971025	507.26644396	0.07158132
1.22000000	-1.98658079	-620.85237768	507.26704663	0.07486746
1.23000000	-1.98581574	-625.92505125	507.26767115	0.07814262
1.24000000	-1.98501791	-630.99773117	507.26831715	0.08142811
1.25000000	-1.98418702	-636.07041767	507.26898452	0.08476298
1.26000000	-1.98332230	-641.14311094	507.26967352	0.08820219
1.27000000	-1.98242241	-646.21581121	507.27038488	0.09181005
1.28000000	-1.98148533	-651.28851871	507.27111983	0.09564856
1.29000000	-1.98050852	-656.36123369	507.27187998	0.09976068
1.30000000	-1.97948919	-661.43395640	507.27266709	0.10415026
1.31000000	-1.97842477	-666.50668713	507.27348272	0.10876193
1.32000000	-1.97731363	-671.57942615	507.27432767	0.11346567
1.33000000	-1.97615584	-676.65217378	507.27520146	0.11805220
1.34000000	-1.97495390	-681.72493027	507.27610177	0.12224429
1.35000000	-1.97371332	-686.79769589	507.27702412	0.12572641
1.36000000	-1.97244277	-691.87047081	507.27796179	0.12818942
1.37000000	-1.97115378	-696.94325514	507.27890610	0.12938100
1.38000000	-1.96985991	-702.01604892	507.27984710	0.12914849
1.39000000	-1.96857567	-707.08885204	507.28077437	0.12746194
1.40000000	-1.96731523	-712.16166433	507.28167792	0.12441144
1.41000000	-1.96609138	-717.23448549	507.28254902	0.12018176
1.42000000	-1.96491473	-722.30731517	507.28338060	0.11501396
1.43000000	-1.96379337	-727.38015295	507.28416754	0.10916606
1.44000000	-1.96273286	-732.45299837	507.28490660	0.10288183
1.45000000	-1.96173648	-737.52585092	507.28559617	0.09637194
1.46000000	-1.96080560	-742.59871012	507.28623598	0.08980668
1.47000000	-1.95994009	-747.67157548	507.28682680	0.08331705
1.48000000	-1.95913868	-752.74444650	507.28737015	0.07700023
1.49000000	-1.95839927	-757.81732273	507.28786809	0.07092629
1.50000000	-1.95771918	-762.89020372	507.28832303	0.06514434
1.51000000	-1.95709530	-767.96308905	507.28873759	0.05968739
1.52000000	-1.95652428	-773.03597835	507.28911452	0.05457591
1.53000000	-1.95600259	-778.10887123	507.28945662	0.04982040
1.54000000	-1.95552667	-783.18176737	507.28976669	0.04542344
1.55000000	-1.95509294	-788.25466646	507.29004743	0.04138149
1.56000000	-1.95469789	-793.32756823	507.29030150	0.03768669
1.57000000	-1.95433808	-798.40047241	507.29053142	0.03432910
1.58000000	-1.95401021	-803.47337879	507.29073960	0.03129947
1.59000000	-1.95371102	-808.54628714	507.29092838	0.02859341
1.60000000	-1.95343724	-813.61919730	507.29110003	0.02621802
1.61000000	-1.95318546	-818.69210909	507.29125692	0.02420332
1.62000000	-1.95295174	-823.76502239	507.29140164	0.02262264
1.63000000	-1.95273106	-828.83793710	507.29153744	0.02162979
1.64000000	-1.95251620	-833.91085313	507.29166886	0.02152732
1.65000000	-1.95229568	-838.98377048	507.29180291	0.02289082
1.66000000	-1.95205002	-844.05668923	507.29195133	0.02679225
1.67000000	-1.95174502	-849.12960962	507.29213449	0.03518767
1.68000000	-1.95131999	-854.20253216	507.29238820	0.05154703
1.69000000	-1.95066835	-859.27545782	507.29277484	0.08173534
1.70000000	-1.94960938	-864.34838844	507.29339945	0.13479149
1.71000000	-1.94785800	-869.42132715	507.29442640	0.22212294
1.72000000	-1.94502491	-874.49427905	507.29607799	0.35145150
1.73000000	-1.94072248	-879.56725153	507.29857171	0.51139934
1.74000000	-1.93484999	-884.64025349	507.30195604	0.65443404
1.75000000	-1.92792591	-889.71329264	507.30592384	0.71121998
1.76000000	-1.92102589	-894.78637185	507.30985566	0.65076679
1.77000000	-1.91516684	-899.85948767	507.31317561	0.51434353
1.78000000	-1.91075982	-904.93263253	507.31565882	0.37057020
1.79000000	-1.90763286	-910.00579839	507.31741091	0.26244431
1.80000000	-1.90535187	-915.07897914	507.31868182	0.20161375
1.81000000	-1.90345003	-920.15217131	507.31973551	0.18596257
1.82000000	-1.90149216	-925.22537394	507.32081416	0.21255092
1.83000000	-1.89906076	-930.29858844	507.32214627	0.28053871
1.84000000	-1.89575479	-935.37181843	507.32394763	0.38604224
1.85000000	-1.89127093	-940.44506950	507.32637761	0.51145311
1.86000000	-1.88558685	-945.51834813	507.32944155	0.61815199
1.87000000	-1.87912780	-950.59165969	507.33290475	0.65984242
1.88000000	-1.87267729	-955.66500614	507.33634513	0.61707235
1.89000000	-1.86698392	-960.73838516	507.33936574	0.51587937
1.90000000	-1.86238418	-965.81179145	507.34179330	0.40713929
1.91000000	-1.85870163	-970.88521935	507.34372655	0.34022829
1.92000000	-1.85526785	-975.95866548	507.34551960	0.36821233
1.93000000	-1.85071205	-981.03213158	507.34788577	0.58694035
1.94000000	-1.84231778	-986.10562965	507.35222261	1.16813798
1.95000000	-1.82586539	-991.17918987	507.36067922	2.16590736
1.96000000	-1.79987868	-996.25286004	507.37397008	2.88049770
1.97000000	-1.77229449	-1001.32667184	507.38800881	2.46234085
1.98000000	-1.75208723	-1006.40060684	507.39824223	1.59906398
1.99000000	-1.73912270	-1011.47462420	507.40477462	1.06163296
2.00000000	-1.72977142	-1016.54869629	507.40946243	0.84664594
2.01000000	-1.72169171	-1021.62281133	507.41349235	0.78427830
2.02000000	-1.71390467	-1026.69696562	507.41735690	0.77815918
2.03000000	-1.70607119	-1031.77115849	507.42122527	0.79000209
2.04000000	-1.69808934	-1036.84539031	507.42514753	0.80670764
2.05000000	-1.68993379	-1041.91966166	507.42913555	0.82448964
2.06000000	-1.68159738	-1046.99397324	507.43319217	0.84296068
2.07000000	-1.67306925	-1052.06832575	507.43732198	0.86304269
2.08000000	-1.66432673	-1057.14271996	507.44153521	0.88605813
2.09000000	-1.65533441	-1062.21715679	507.44584803	0.91315721
2.10000000	-1.64604789	-1067.29163732	507.45028068	0.94493861
2.11000000	-1.63642027	-1072.36616287	507.45485432	0.98131098
2.12000000	-1.62640852	-1077.44073494	507.45958794	1.02162347
2.13000000	-1.61597758	-1082.51535521	507.46449654	1.06500881
2.14000000	-1.60510036	-1087.59002549	507.46959118	1.11080637
2.15000000	-1.59375382	-1092.66474769	507.47488087	1.15891935
2.16000000	-1.58191212	-1097.73952379	507.48037578	1.21001757
2.17000000	-1.56953871	-1102.81435594	507.48609089	1.26556394
2.18000000	-1.55657911	-1107.88924642	507.49204922	1.32763343
2.19000000	-1.54295684	-1112.96419784	507.49828356	1.39844228
2.20000000	-1.52857566	-1118.03921315	507.50483522	1.47958578
2.21000000	-1.51332973	-1123.11429575	507.51174933	1.57129426
2.22000000	-1.49711877	-1128.18944949	507.51906789	1.67227167
2.23000000	-1.47986084	-1133.26467857	507.52682410	1.78027420
2.24000000	-1.46149933	-1138.33998750	507.53503936	1.89239411
2.25000000	-1.44201621	-1143.41538090	507.54371764	2.00332726
2.26000000	-1.42147361	-1148.49086330	507.55282730	2.10173024
2.27000000	-1.40008587	-1153.56643857	507.56226991	2.16877543
2.28000000	-1.37827143	-1158.64210919	507.57185867	2.18419574
2.29000000	-1.35660841	-1163.71787538	507.58133929	2.13834662
2.30000000	-1.33568182	-1168.79373476	507.59045780	2.03978357
2.31000000	-1.31591513	-1173.86968272	507.59903359	1.91053607
2.32000000	-1.29749395	-1178.94571336	507.60699113	1.77415581
2.33000000	-1.28040052	-1184.02182052	507.61434335	1.64690397
2.34000000	-1.26450068	-1189.09799842	507.62115288	1.53599304
2.35000000	-1.24962319	-1194.17424203	507.62749738	1.44222736
2.36000000	-1.23560618	-1199.25054706	507.63344953	1.36343514
2.37000000	-1.22231385	-1204.32690991	507.63907007	1.29685357
2.38000000	-1.20963620	-1209.40332752	507.64440812	1.24016555
2.39000000	-1.19748348	-1214.47979727	507.64950368	1.19160469
2.40000000	-1.18578193	-1219.55631690	507.65438957	1.14969605
2.41000000	-1.17447205	-1224.63288445	507.65909228	1.11304068
2.42000000	-1.16350812	-1229.70949820	507.66363227	1.08029177
2.43000000	-1.15285715	-1234.78615660	507.66802447	1.05027350
2.44000000	-1.14249647	-1239.86285823	507.67227941	1.02212096
2.45000000	-1.13241018	-1244.93960176	507.67640473	0.99534657
2.46000000	-1.12258546	-1250.01638592	507.68040669	0.96980388
2.47000000	-1.11300973	-1255.09320950	507.68429141	0.94557609
2.48000000	-1.10366896	-1260.17007137	507.68806549	0.92284134
2.49000000	-1.09454737	-1265.24697047	507.69173618	0.90176086
2.50000000	-1.08562795	-1270.32390578	507.69531113	0.88241273
2.51000000	-1.07689343	-1275.40087639	507.69879800	0.86476943
2.52000000	-1.06832730	-1280.47788147	507.70220404	0.84870345
2.53000000	-1.05991479	-1285.55492023	507.70553574	0.83400404
2.54000000	-1.05164357	-1290.63199196	507.70879858	0.82039667
2.55000000	-1.04350427	-1295.70909598	507.71199675	0.80756562
2.56000000	-1.03549077	-1300.78623168	507.71513317	0.79518400
2.57000000	-1.02760010	-1305.86339845	507.71820947	0.78295208
2.58000000	-1.01983201	-1310.94059568	507.72122623	0.77063785
2.59000000	-1.01218807	-1316.01782277	507.72418328	0.75810867
2.60000000	-1.00467063	-1321.09507914	507.72708019	0.74534347
2.61000000	-0.99728173	-1326.17236418	507.72991664	0.73242108
2.62000000	-0.99002225	-1331.24967727	507.73269276	0.71948894
2.63000000	-0.98289140	-1336.32701783	507.73540929	0.70672216
2.64000000	-0.97588670	-1341.40438526	507.73806764	0.69428442
2.65000000	-0.96900420	-1346.48177900	507.74066973	0.68229909
2.66000000	-0.96223898	-1351.55919848	507.74321786	0.67083373
2.67000000	-0.95558576	-1356.63664318	507.74571439	0.65989712
2.68000000	-0.94903942	-1361.71411260	507.74816164	0.64944535
2.69000000	-0.94259551	-1366.79160626	507.75056161	0.63939394
2.70000000	-0.93625057	-1371.86912368	507.75291597	0.62963341
2.71000000	-0.93000227	-1376.94666443	507.75522589	0.62004683
2.72000000	-0.92384941	-1382.02422805	507.75749215	0.61052758
2.73000000	-0.91779176	-1387.10181413	507.75971515	0.60099529
2.74000000	-0.91182970	-1392.17942221	507.76189508	0.59140726
2.75000000	-0.90596381	-1397.25705189	507.76403203	0.58176302
2.76000000	-0.90019450	-1402.33470271	507.76612616	0.57210135
2.77000000	-0.89452162	-1407.41237427	507.76817785	0.56249027
2.78000000	-0.88894425	-1412.49006613	507.77018773	0.55301289
2.79000000	-0.88346063	-1417.56777789	507.77215672	0.54375232
2.80000000	-0.87806824	-1422.64550913	507.77408603	0.53477925
2.81000000	-0.87276392	-1427.72325948	507.77597707	0.52614409
2.82000000	-0.86754414	-1432.80102855	507.77783135	0.51787470
2.83000000	-0.86240518	-1437.87881599	507.77965046	0.50997867
2.84000000	-0.85734334	-1442.95662145	507.78143595	0.50244863
2.85000000	-0.85235504	-1448.03444460	507.78318932	0.49526850
2.86000000	-0.84743687	-1453.11228513	507.78491198	0.48841905
2.87000000	-0.84258562	-1458.19014274	507.78660527	0.48188156
2.88000000	-0.83779825	-1463.26801714	507.78827045	0.47563952
2.89000000	-0.83307189	-1468.34590806	507.78990871	0.46967832
2.90000000	-0.82840380	-1473.42381523	507.79152118	0.46398392
2.91000000	-0.82379138	-1478.50173840	507.79310894	0.45854108
2.92000000	-0.81923220	-1483.57967733	507.79467299	0.45333187
2.93000000	-0.81472403	-1488.65763179	507.79621425	0.44833486
2.94000000	-0.81026488	-1493.73560154	507.79773356	0.44352514
2.95000000	-0.80585300	-1498.81358639	507.79923166	0.43887513
2.96000000	-0.80148694	-1503.89158611	507.80070918	0.43435589
2.97000000	-0.79716554	-1508.96960050	507.80216666	0.42993865
2.98000000	-0.79288791	-1514.04762938	507.80360452	0.42559641
2.99000000	-0.78865344	-1519.12567253	507.80502311	0.42130525
3.00000000	-0.78446171	-1524.20372977	507.80642269	0.41704532
3.01000000	-0.78031248	-1529.28180092	507.80780347	0.41280142
3.02000000	-0.77620566	-1534.35988578	507.80916560	0.40856325
3.03000000	-0.77214122	-1539.43798417	507.81050923	0.40432529
3.04000000	-0.76811916	-1544.51609591	507.81183446	0.40008642
3.05000000	-0.76413948	-1549.59422080	507.81314142	0.39584942
3.06000000	-0.76020214	-1554.67235867	507.81443024	0.39162030
3.07000000	-0.75630702	-1559.75050934	507.81570108	0.38740760
3.08000000	-0.75245390	-1564.82867264	507.81695413	0.38322160
3.09000000	-0.74864246	-1569.90684837	507.81818961	0.37907365
3.10000000	-0.74487226	-1574.98503637	507.81940778	0.37497534
3.11000000	-0.74114275	-1580.06323647	507.82060891	0.37093787
3.12000000	-0.73745327	-1585.14144849	507.82179334	0.36697132
3.13000000	-0.73380306	-1590.21967228	507.82296141	0.36308410
3.14000000	-0.73019130	-1595.29790767	507.82411349	0.35928245
3.15000000	-0.72661711	-1600.37615450	507.82524996	0.35557008
3.16000000	-0.72307960	-1605.45441262	507.82637121	0.35194800
3.17000000	-0.71957786	-1610.53268187	507.82747761	0.34841449
3.18000000	-0.71611103	-1615.61096212	507.82856953	0.34496526
3.19000000	-0.71267829	-1620.68925322	507.82964731	0.34159380
3.20000000	-0.70927892	-1625.76755502	507.83071128	0.33829184
3.21000000	-0.70591226	-1630.84586740	507.83176173	0.33504995
3.22000000	-0.70257775	-1635.92419021	507.83279890	0.33185813
3.23000000	-0.69927496	-1641.00252333	507.83382302	0.32870645
3.24000000	-0.69600352	-1646.08086663	507.83483429	0.32558559
3.25000000	-0.69276317	-1651.15921997	507.83583286	0.32248733
3.26000000	-0.68955372	-1656.23758324	507.83681887	0.31940485
3.27000000	-0.68637504	-1661.31595631	507.83779244	0.31633299
3.28000000	-0.68322704	-1666.39433905	507.83875366	0.31326827
3.29000000	-0.68010966	-1671.47273134	507.83970264	0.31020887
3.30000000	-0.67702285	-1676.55113306	507.84063946	0.30715446
3.31000000	-0.67396655	-1681.62954409	507.84156421	0.30410603
3.32000000	-0.67094070	-1686.70796431	507.84247699	0.30106563
3.33000000	-0.66794520	-1691.78639359	507.84337790	0.29803610
3.34000000	-0.66497993	-1696.86483183	507.84426704	0.29502089
3.35000000	-0.66204472	-1701.94327889	507.84514453	0.29202381
3.36000000	-0.65913938	-1707.02173468	507.84601051	0.28904889
3.37000000	-0.65626366	-1712.10019907	507.84686511	0.28610026
3.38000000	-0.65341727	-1717.17867194	507.84770848	0.28318206
3.39000000	-0.65059990	-1722.25715320	507.84854080	0.28029838
3.40000000	-0.64781118	-1727.33564272	507.84936222	0.27745324
3.41000000	-0.64505069	-1732.41414041	507.85017294	0.27465056
3.42000000	-0.64231801	-1737.49264615	507.85097314	0.27189416
3.43000000	-0.63961264	-1742.57115984	507.85176303	0.26918774
3.44000000	-0.63693408	-1747.64968137	507.85254282	0.26653487
3.45000000	-0.63428176	-1752.72821066	507.85331273	0.26393896
3.46000000	-0.63165510	-1757.80674760	507.85407298	0.26140327
3.47000000	-0.62905348	-1762.88529209	507.85482381	0.25893086
3.48000000	-0.62647626	-1767.96384404	507.85556545	0.25652455
3.49000000	-0.62392276	-1773.04240337	507.85629817	0.25418690
3.50000000	-0.62139229	-1778.12096998	507.85702220	0.25192019
3.51000000	-0.61888411	-1783.19954378	507.85773780	0.24972634
3.52000000	-0.61639751	-1788.27812470	507.85844523	0.24760694
3.53000000	-0.61393172	-1793.35671266	507.85914474	0.24556313
3.54000000	-0.61148599	-1798.43530757	507.85983660	0.24359563
3.55000000	-0.60905956	-1803.51390937	507.86052107	0.24170467
3.56000000	-0.60665165	-1808.59251797	507.86119841	0.23988994
3.57000000	-0.60426151	-1813.67113331	507.86186885	0.23815059
3.58000000	-0.60188839	-1818.74975533	507.86253266	0.23648515
3.59000000	-0.59953156	-1823.82838395	507.86319008	0.23489153
3.60000000	-0.59719033	-1828.90701911	507.86384133	0.23336701
3.61000000	-0.59486400	-1833.98566075	507.86448663	0.23190818
3.62000000	-0.59255196	-1839.06430882	507.86512621	0.23051101
3.63000000	-0.59025359	-1844.14296326	507.86576024	0.22917079
3.64000000	-0.58796837	-1849.22162401	507.86638891	0.22788225
3.65000000	-0.58569580	-1854.30029102	507.86701239	0.22663953
3.66000000	-0.58343545	-1859.37896424	507.86763082	0.22543634
3.67000000	-0.58118696	-1864.45764362	507.86824432	0.22426596
3.68000000	-0.57895004	-1869.53632911	507.86885301	0.22312144
3.69000000	-0.57672447	-1874.61502066	507.86945696	0.22199564
3.70000000	-0.57451009	-1879.69371823	507.87005625	0.22088144
3.71000000	-0.57230682	-1884.77242177	507.87065093	0.21977180
3.72000000	-0.57011466	-1889.85113124	507.87124101	0.21865996
3.73000000	-0.56793365	-1894.92984658	507.87182652	0.21753955
3.74000000	-0.56576392	-1900.00856775	507.87240744	0.21640471
3.75000000	-0.56360563	-1905.08729471	507.87298376	0.21525023
3.76000000	-0.56145899	-1910.16602741	507.87355543	0.21407161
3.77000000	-0.55932429	-1915.24476580	507.87412242	0.21286514
3.78000000	-0.55720179	-1920.32350984	507.87468467	0.21162797
3.79000000	-0.55509184	-1925.40225948	507.87524212	0.21035810
3.80000000	-0.55299474	-1930.48101467	507.87579472	0.20905443
3.81000000	-0.55091086	-1935.55977536	507.87634239	0.20771669
3.82000000	-0.54884052	-1940.63854150	507.87688507	0.20634539
3.83000000	-0.54678406	-1945.71731304	507.87742271	0.20494180
3.84000000	-0.54474179	-1950.79608994	507.87795525	0.20350786
3.85000000	-0.54271400	-1955.87487213	507.87848263	0.20204603
3.86000000	-0.54070095	-1960.95365957	507.87900482	0.20055927
3.87000000	-0.53870288	-1966.03245221	507.87952179	0.19905088
3.88000000	-0.53671999	-1971.11124999	507.88003350	0.19752444
3.89000000	-0.53475244	-1976.19005286	507.88053995	0.19598367
3.90000000	-0.53280036	-1981.26886077	507.88104113	0.19443235
3.91000000	-0.53086382	-1986.34767367	507.88153705	0.19287425
3.92000000	-0.52894288	-1991.42649150	507.88202771	0.19131304
3.93000000	-0.52703756	-1996.50531421	507.88251314	0.18975223
3.94000000	-0.52514782	-2001.58414174	507.88299338	0.18819509
3.95000000	-0.52327363	-2006.66297406	507.88346846	0.18664467
3.96000000	-0.52141490	-2011.74181109	507.88393843	0.18510372
3.97000000	-0.51957152	-2016.82065281	507.88440335	0.18357468
3.98000000	-0.51774336	-2021.89949914	507.88486326	0.18205968
3.99000000	-0.51593027	-2026.97835006	507.88531824	0.18056055
4.00000000	-0.51413209	-2032.05720549	507.88576835	0.17907880
4.01000000	-0.51234863	-2037.13606541	507.88621366	0.17761564
4.02000000	-0.51057971	-2042.21492975	507.88665424	0.17617204
4.03000000	-0.50882512	-2047.29379848	507.88709016	0.17474869
4.04000000	-0.50708467	-2052.37267154	507.88752150	0.17334606
4.05000000	-0.50535813	-2057.45154889	507.88794834	0.17196440
4.06000000	-0.50364531	-2062.53043049	507.88837073	0.17060382
4.07000000	-0.50194599	-2067.60931629	507.88878877	0.16926425
4.08000000	-0.50025996	-2072.68820625	507.88920252	0.16794550
4.09000000	-0.49858701	-2077.76710033	507.88961206	0.16664728
4.10000000	-0.49692694	-2082.84599848	507.89001745	0.16536923
4.11000000	-0.49527956	-2087.92490066	507.89041876	0.16411092
4.12000000	-0.49364466	-2093.00380684	507.89081606	0.16287188
4.13000000	-0.49202206	-2098.08271697	507.89120942	0.16165164
4.14000000	-0.49041157	-2103.16163102	507.89159890	0.16044969
4.15000000	-0.48881300	-2108.24054894	507.89198456	0.15926554
4.16000000	-0.48722620	-2113.31947070	507.89236647	0.15809873
4.17000000	-0.48565097	-2118.39839625	507.89274467	0.15694880
4.18000000	-0.48408717	-2123.47732558	507.89311924	0.15581533
4.19000000	-0.48253461	-2128.55625863	507.89349022	0.15469794
4.20000000	-0.48099316	-2133.63519537	507.89385767	0.15359629
4.21000000	-0.47946264	-2138.71413577	507.89422165	0.15251009
4.22000000	-0.47794290	-2143.79307979	507.89458220	0.15143907
4.23000000	-0.47643381	-2148.87202740	507.89493938	0.15038301
4.24000000	-0.47493519	-2153.95097857	507.89529325	0.14934176
4.25000000	-0.47344692	-2159.02993326	507.89564384	0.14831516
4.26000000	-0.47196884	-2164.10889143	507.89599122	0.14730313
4.27000000	-0.47050081	-2169.18785307	507.89633542	0.14630558
4.28000000	-0.46904268	-2174.26681813	507.89667651	0.14532247
4.29000000	-0.46759431	-2179.34578659	507.89701452	0.14435378
4.30000000	-0.46615556	-2184.42475841	507.89734950	0.14339950
4.31000000	-0.46472627	-2189.50373357	507.89768151	0.14245961
4.32000000	-0.46330632	-2194.58271203	507.89801058	0.14153413
4.33000000	-0.46189554	-2199.66169377	507.89833677	0.14062305
4.34000000	-0.46049381	-2204.74067876	507.89866013	0.13972637
4.35000000	-0.45910097	-2209.81966696	507.89898069	0.13884405
4.36000000	-0.45771688	-2214.89865836	507.89929851	0.13797606
4.37000000	-0.45634140	-2219.97765293	507.89961362	0.13712235
4.38000000	-0.45497439	-2225.05665063	507.89992608	0.13628282
4.39000000	-0.45361570	-2230.13565144	507.90023593	0.13545737
4.40000000	-0.45226519	-2235.21465534	507.90054321	0.13464585
4.41000000	-0.45092273	-2240.29366229	507.90084797	0.13384809
4.42000000	-0.44958818	-2245.37267229	507.90115025	0.13306389
4.43000000	-0.44826141	-2250.45168529	507.90145009	0.13229302
4.44000000	-0.44694228	-2255.53070128	507.90174752	0.13153520
4.45000000	-0.44563066	-2260.60972023	507.90204260	0.13079016
4.46000000	-0.44432644	-2265.68874213	507.90233536	0.13005756
4.47000000	-0.44302947	-2270.76776693	507.90262583	0.12933708
4.48000000	-0.44173966	-2275.84679463	507.90291406	0.12862835
4.49000000	-0.44045687	-2280.92582521	507.90320008	0.12793099
4.50000000	-0.43918100	-2286.00485863	507.90348392	0.12724463
4.51000000	-0.43791194	-2291.08389488	507.90376562	0.12656886
4.52000000	-0.43664959	-2296.16293393	507.90404521	0.12590329
4.53000000	-0.43539384	-2301.24197578	507.90432272	0.12524753
4.54000000	-0.43414461	-2306.32102038	507.90459819	0.12460119
4.55000000	-0.43290179	-2311.40006773	507.90487164	0.12396389
4.56000000	-0.43166530	-2316.47911781	507.90514309	0.12333528
4.57000000	-0.43043505	-2321.55817059	507.90541259	0.12271502
4.58000000	-0.42921097	-2326.63722605	507.90568015	0.12210278
4.59000000	-0.42799297	-2331.71628418	507.90594580	0.12149829
4.60000000	-0.42678098	-2336.79534496	507.90620956	0.12090129
4.61000000	-0.42557492	-2341.87440837	507.90647146	0.12031155
4.62000000	-0.42437473	-2346.95347439	507.90673153	0.11972887
4.63000000	-0.42318032	-2352.03254299	507.90698978	0.11915311
4.64000000	-0.42199164	-2357.11161418	507.90724624	0.11858414
4.65000000	-0.42080862	-2362.19068791	507.90750092	0.11802189
4.66000000	-0.41963118	-2367.26976419	507.90775386	0.11746630
4.67000000	-0.41845927	-2372.34884298	507.90800508	0.11691738
4.68000000	-0.41729281	-2377.42792428	507.90825459	0.11637515
4.69000000	-0.41613174	-2382.50700807	507.90850242	0.11583967
4.70000000	-0.41497600	-2387.58609433	507.90874858	0.11531104
4.71000000	-0.41382550	-2392.66518304	507.90899311	0.11478936
4.72000000	-0.41268018	-2397.74427418	507.90923602	0.11427480
4.73000000	-0.41153998	-2402.82336775	507.90947733	0.11376753
4.74000000	-0.41040481	-2407.90246372	507.90971707	0.11326772
4.75000000	-0.40927460	-2412.98156209	507.90995526	0.11277559
4.76000000	-0.40814927	-2418.06066283	507.91019192	0.11229136
4.77000000	-0.40702875	-2423.13976592	507.91042708	0.11181525
4.78000000	-0.40591294	-2428.21887136	507.91066076	0.11134750
4.79000000	-0.40480177	-2433.29797913	507.91089298	0.11088834
4.80000000	-0.40369514	-2438.37708922	507.91112377	0.11043800
4.81000000	-0.40259298	-2443.45620160	507.91135314	0.10999670
4.82000000	-0.40149518	-2448.53531627	507.91158114	0.10956465
4.83000000	-0.40040165	-2453.61443322	507.91180778	0.10914205
4.84000000	-0.39931230	-2458.69355243	507.91203308	0.10872908
4.85000000	-0.39822704	-2463.77267388	507.91225708	0.10832590
4.86000000	-0.39714575	-2468.85179756	507.91247980	0.10793265
4.87000000	-0.39606835	-2473.93092347	507.91270126	0.10754943
4.88000000	-0.39499473	-2479.01005158	507.91292149	0.10717632
4.89000000	-0.39392479	-2484.08918190	507.91314051	0.10681338
4.90000000	-0.39285843	-2489.16831439	507.91335836	0.10646061
4.91000000	-0.39179554	-2494.24744906	507.91357505	0.10611800
4.92000000	-0.39073604	-2499.32658589	507.91379062	0.10578548
4.93000000	-0.38967980	-2504.40572487	507.91400508	0.10546297
4.94000000	-0.38862674	-2509.48486599	507.91421847	0.10515033
4.95000000	-0.38757676	-2514.56400923	507.91443080	0.10484739
4.96000000	-0.38652976	-2519.64315460	507.91464210	0.10455394
4.97000000	-0.38548565	-2524.72230207	507.91485240	0.10426972
4.98000000	-0.38444434	-2529.80145164	507.91506171	0.10399446
4.99000000	-0.38340574	-2534.88060330	507.91527005	0.10372783
5.00000000	-0.38236976	-2539.95975704	507.91547746	0.10346946
5.01000000	-0.38133632	-2545.03891285	507.91568394	0.10321895
5.02000000	-0.38030535	-2550.11807072	507.91588951	0.10297587
5.03000000	-0.37927678	-2555.19723064	507.91609421	0.10273976
5.04000000	-0.37825053	-2560.27639260	507.91629803	0.10251012
5.05000000	-0.37722656	-2565.35555659	507.91650100	0.10228643
5.06000000	-0.37620479	-2570.43472262	507.91670313	0.10206813
5.07000000	-0.37518518	-2575.51389065	507.91690443	0.10185464
5.08000000	-0.37416768	-2580.59306070	507.91710493	0.10164538
5.09000000	-0.37315226	-2585.67223275	507.91730462	0.10143973
5.10000000	-0.37213888	-2590.75140679	507.91750351	0.10123705
5.11000000	-0.37112751	-2595.83058282	507.91770163	0.10103671
5.12000000	-0.37011814	-2600.90976082	507.91789896	0.10083806
5.13000000	-0.36911075	-2605.98894079	507.91809553	0.10064042
5.14000000	-0.36810533	-2611.06812273	507.91829132	0.10044315
5.15000000	-0.36710188	-2616.14730662	507.91848636	0.10024558
5.16000000	-0.36610042	-2621.22649245	507.91868063	0.10004705
5.17000000	-0.36510095	-2626.30568023	507.91887414	0.09984692
5.18000000	-0.36410349	-2631.38486993	507.91906688	0.09964453
5.19000000	-0.36310807	-2636.46406156	507.91925886	0.09943926
5.20000000	-0.36211471	-2641.54325511	507.91945008	0.09923050
5.21000000	-0.36112347	-2646.62245056	507.91964052	0.09901765
5.22000000	-0.36013438	-2651.70164792	507.91983018	0.09880013
5.23000000	-0.35914749	-2656.78084716	507.92001906	0.09857741
5.24000000	-0.35816285	-2661.86004829	507.92020715	0.09834896
5.25000000	-0.35718053	-2666.93925130	507.92039443	0.09811428
5.26000000	-0.35620058	-2672.01845618	507.92058091	0.09787291
5.27000000	-0.35522309	-2677.09766292	507.92076657	0.09762443
5.28000000	-0.35424812	-2682.17687151	507.92095140	0.09736844
5.29000000	-0.35327575	-2687.25608194	507.92113539	0.09710458
5.30000000	-0.35230606	-2692.33529421	507.92131852	0.09683254
5.31000000	-0.35133913	-2697.41450831	507.92150079	0.09655203
5.32000000	-0.35037505	-2702.49372423	507.92168218	0.09626282
5.33000000	-0.34941390	-2707.57294195	507.92186267	0.09596469
5.34000000	-0.34845578	-2712.65216148	507.92204227	0.09565750
5.35000000	-0.34750078	-2717.73138279	507.92222094	0.09534113
5.36000000	-0.34654899	-2722.81060589	507.92239868	0.09501549
5.37000000	-0.34560050	-2727.88983076	507.92257547	0.09468055
5.38000000	-0.34465541	-2732.96905740	507.92275130	0.09433630
5.39000000	-0.34371381	-2738.04828579	507.92292616	0.09398279
5.40000000	-0.34277578	-2743.12751592	507.92310002	0.09362011
5.41000000	-0.34184144	-2748.20674778	507.92327289	0.09324835
5.42000000	-0.34091085	-2753.28598137	507.92344475	0.09286767
5.43000000	-0.33998411	-2758.36521668	507.92361557	0.09247827
5.44000000	-0.33906131	-2763.44445368	507.92378536	0.09208034
5.45000000	-0.33814253	-2768.52369238	507.92395410	0.09167415
5.46000000	-0.33722785	-2773.60293276	507.92412178	0.09125996
5.47000000	-0.33631736	-2778.68217481	507.92428838	0.09083807
5.48000000	-0.33541112	-2783.76141852	507.92445391	0.09040882
5.49000000	-0.33450921	-2788.84066389	507.92461834	0.08997255
5.50000000	-0.33361169	-2793.91991089	507.92478167	0.08952963
5.51000000	-0.33271863	-2798.99915952	507.92494390	0.08908044
5.52000000	-0.33183010	-2804.07840976	507.92510501	0.08862540
5.53000000	-0.33094614	-2809.15766161	507.92526500	0.08816490
5.54000000	-0.33006682	-2814.23691506	507.92542387	0.08769938
5.55000000	-0.32919217	-2819.31617009	507.92558161	0.08722927
5.56000000	-0.32832225	-2824.39542669	507.92573821	0.08675501
5.57000000	-0.32745708	-2829.47468485	507.92589367	0.08627706
5.58000000	-0.32659672	-2834.55394456	507.92604800	0.08579586
5.59000000	-0.32574118	-2839.63320580	507.92620119	0.08531185
5.60000000	-0.32489049	-2844.71246858	507.92635323	0.08482549
5.61000000	-0.32404467	-2849.79173286	507.92650413	0.08433722
5.62000000	-0.32320375	-2854.87099865	507.92665390	0.08384749
5.63000000	-0.32236773	-2859.95026594	507.92680252	0.08335673
5.64000000	-0.32153661	-2865.02953470	507.92695002	0.08286537
5.65000000	-0.32071042	-2870.10880493	507.92709637	0.08237382
5.66000000	-0.31988914	-2875.18807662	507.92724161	0.08188249
5.67000000	-0.31907277	-2880.26734976	507.92738571	0.08139179
5.68000000	-0.31826130	-2885.34662434	507.92752870	0.08090209
5.69000000	-0.31745472	-2890.42590033	507.92767058	0.08041378
5.70000000	-0.31665302	-2895.50517774	507.92781136	0.07992720
5.71000000	-0.31585617	-2900.58445656	507.92795103	0.07944271
5.72000000	-0.31506416	-2905.66373676	507.92808962	0.07896063
5.73000000	-0.31427695	-2910.74301835	507.92822712	0.07848127
5.74000000	-0.31349452	-2915.82230130	507.92836355	0.07800494
5.75000000	-0.31271684	-2920.90158561	507.92849892	0.07753192
5.76000000	-0.31194387	-2925.98087127	507.92863323	0.07706247
5.77000000	-0.31117558	-2931.06015827	507.92876650	0.07659685
5.78000000	-0.31041192	-2936.13944660	507.92889873	0.07613528
5.79000000	-0.30965286	-2941.21873624	507.92902995	0.07567799
5.80000000	-0.30889834	-2946.29802720	507.92916015	0.07522517
5.81000000	-0.30814834	-2951.37731944	507.92928935	0.07477702
5.82000000	-0.30740279	-2956.45661298	507.92941756	0.07433369
5.83000000	-0.30666165	-2961.53590779	507.92954479	0.07389536
5.84000000	-0.30592486	-2966.61520387	507.92967106	0.07346215
5.85000000	-0.30519239	-2971.69450121	507.92979638	0.07303419
5.86000000	-0.30446416	-2976.77379980	507.92992076	0.07261160
5.87000000	-0.30374014	-2981.85309962	507.93004421	0.07219447
5.88000000	-0.30302025	-2986.93240068	507.93016674	0.07178288
5.89000000	-0.30230446	-2992.01170295	507.93028837	0.07137691
5.90000000	-0.30159270	-2997.09100644	507.93040911	0.07097661
5.91000000	-0.30088491	-3002.17031113	507.93052897	0.07058204
5.92000000	-0.30018104	-3007.24961702	507.93064797	0.07019323
5.93000000	-0.29948102	-3012.32892409	507.93076612	0.06981021
5.94000000	-0.29878481	-3017.40823234	507.93088342	0.06943298
5.95000000	-0.29809235	-3022.48754176	507.93099990	0.06906157
5.96000000	-0.29740356	-3027.56685233	507.93111557	0.06869595
5.97000000	-0.29671841	-3032.64616406	507.93123043	0.06833613
5.98000000	-0.29603682	-3037.72547694	507.93134450	0.06798209
5.99000000	-0.29535875	-3042.80479095	507.93145780	0.06763378
6.00000000	-0.29468413	-3047.88410609	507.93157033	0.06729119
6.01000000	-0.29401290	-3052.96342236	507.93168211	0.06695427
6.02000000	-0.29334502	-3058.04273973	507.93179314	0.06662296
6.03000000	-0.29268043	-3063.12205822	507.93190345	0.06629723
6.04000000	-0.29201906	-3068.20137780	507.93201304	0.06597701
6.05000000	-0.29136087	-3073.28069847	507.93212192	0.06566224
6.06000000	-0.29070580	-3078.36002024	507.93223011	0.06535284
6.07000000	-0.29005379	-3083.43934307	507.93233761	0.06504875
6.08000000	-0.28940480	-3088.51866699	507.93244444	0.06474990
6.09000000	-0.28875878	-3093.59799196	507.93255060	0.06445620
6.10000000	-0.28811566	-3098.67731800	507.93265612	0.06416757
6.11000000	-0.28747541	-3103.75664508	507.93276099	0.06388393
6.12000000	-0.28683797	-3108.83597321	507.93286524	0.06360520
6.13000000	-0.28620329	-3113.91530238	507.93296886	0.06333127
6.14000000	-0.28557133	-3118.99463259	507.93307187	0.06306206
6.15000000	-0.28494203	-3124.07396382	507.93317427	0.06279748
6.16000000	-0.28431536	-3129.15329607	507.93327609	0.06253744
6.17000000	-0.28369127	-3134.23262934	507.93337732	0.06228183
6.18000000	-0.28306971	-3139.31196362	507.93347798	0.06203057
6.19000000	-0.28245064	-3144.39129890	507.93357807	0.06178355
6.20000000	-0.28183403	-3149.47063518	507.93367760	0.06154068
6.21000000	-0.28121982	-3154.54997245	507.93377659	0.06130186
6.22000000	-0.28060798	-3159.62931071	507.93387504	0.06106699
6.23000000	-0.27999846	-3164.70864995	507.93397295	0.06083598
6.24000000	-0.27939124	-3169.78799016	507.93407034	0.06060872
6.25000000	-0.27878628	-3174.86733135	507.93416721	0.06038511
6.26000000	-0.27818353	-3179.94667351	507.93426357	0.06016507
6.27000000	-0.27758296	-3185.02601662	507.93435943	0.05994848
6.28000000	-0.27698455	-3190.10536069	507.93445480	0.05973527
6.29000000	-0.27638825	-3195.18470572	507.93454968	0.05952531
6.30000000	-0.27579403	-3200.26405168	507.93464407	0.05931854
6.31000000	-0.27520187	-3205.34339860	507.93473799	0.05911483
6.32000000	-0.27461172	-3210.42274644	507.93483144	0.05891411
6.33000000	-0.27402358	-3215.50209522	507.93492443	0.05871628
6.34000000	-0.27343739	-3220.58144493	507.93501696	0.05852125
6.35000000	-0.27285314	-3225.66079556	507.93510904	0.05832892
6.36000000	-0.27227080	-3230.74014711	507.93520068	0.05813921
6.37000000	-0.27169035	-3235.81949957	507.93529187	0.05795202
6.38000000	-0.27111175	-3240.89885295	507.93538263	0.05776727
6.39000000	-0.27053500	-3245.97820722	507.93547296	0.05758487
6.40000000	-0.26996005	-3251.05756240	507.93556287	0.05740474
6.41000000	-0.26938689	-3256.13691848	507.93565235	0.05722679
6.42000000	-0.26881551	-3261.21627545	507.93574142	0.05705094
6.43000000	-0.26824587	-3266.29563331	507.93583008	0.05687710
6.44000000	-0.26767796	-3271.37499205	507.93591834	0.05670520
6.45000000	-0.26711176	-3276.45435167	507.93600619	0.05653516
6.46000000	-0.26654725	-3281.53371217	507.93609364	0.05636690
6.47000000	-0.26598441	-3286.61307354	507.93618070	0.05620035
6.48000000	-0.26542324	-3291.69243578	507.93626737	0.05603543
6.49000000	-0.26486370	-3296.77179889	507.93635365	0.05587206
6.50000000	-0.26430579	-3301.85116286	507.93643955	0.05571019
6.51000000	-0.26374949	-3306.93052768	507.93652507	0.05554973
6.52000000	-0.26319479	-3312.00989336	507.93661021	0.05539063
6.53000000	-0.26264168	-3317.08925988	507.93669498	0.05523281
6.54000000	-0.26209013	-3322.16862725	507.93677938	0.05507620
6.55000000	-0.26154015	-3327.24799547	507.93686341	0.05492076
6.56000000	-0.26099171	-3332.32736452	507.93694707	0.05476641
6.57000000	-0.26044482	-3337.40673441	507.93703038	0.05461310
6.58000000	-0.25989945	-3342.48610513	507.93711333	0.05446076
6.59000000	-0.25935560	-3347.56547667	507.93719591	0.05430935
6.60000000	-0.25881326	-3352.64484904	507.93727815	0.05415880
6.61000000	-0.25827242	-3357.72422224	507.93736003	0.05400907
6.62000000	-0.25773307	-3362.80359624	507.93744157	0.05386010
6.63000000	-0.25719521	-3367.88297107	507.93752275	0.05371185
6.64000000	-0.25665883	-3372.96234670	507.93760359	0.05356426
6.65000000	-0.25612393	-3378.04172314	507.93768409	0.05341729
6.66000000	-0.25559049	-3383.12110038	507.93776425	0.05327089
6.67000000	-0.25505851	-3388.20047842	507.93784407	0.05312503
6.68000000	-0.25452798	-3393.27985726	507.93792354	0.05297966
6.69000000	-0.25399891	-3398.35923689	507.93800269	0.05283474
6.70000000	-0.25347129	-3403.43861731	507.93808150	0.05269023
6.71000000	-0.25294511	-3408.51799852	507.93815997	0.05254611
6.72000000	-0.25242036	-3413.59738051	507.93823812	0.05240232
6.73000000	-0.25189706	-3418.67676328	507.93831593	0.05225885
6.74000000	-0.25137519	-3423.75614683	507.93839342	0.05211565
6.75000000	-0.25085475	-3428.83553115	507.93847058	0.05197271
6.76000000	-0.25033573	-3433.91491624	507.93854741	0.05182998
6.77000000	-0.24981814	-3438.99430209	507.93862392	0.05168745
6.78000000	-0.24930198	-3444.07368872	507.93870011	0.05154509
6.79000000	-0.24878724	-3449.15307610	507.93877597	0.05140288
6.80000000	-0.24827392	-3454.23246423	507.93885152	0.05126079
6.81000000	-0.24776203	-3459.31185313	507.93892674	0.05111881
6.82000000	-0.24725155	-3464.39124277	507.93900165	0.05097691
6.83000000	-0.24674249	-3469.47063316	507.93907623	0.05083507
6.84000000	-0.24623485	-3474.55002429	507.93915050	0.05069329
6.85000000	-0.24572862	-3479.62941617	507.93922446	0.05055154
6.86000000	-0.24522382	-3484.70880878	507.93929810	0.05040981
6.87000000	-0.24472043	-3489.78820213	507.93937143	0.05026810
6.88000000	-0.24421845	-3494.86759621	507.93944444	0.05012638
6.89000000	-0.24371790	-3499.94699101	507.93951714	0.04998465
6.90000000	-0.24321876	-3505.02638655	507.93958953	0.04984290
6.91000000	-0.24272104	-3510.10578280	507.93966162	0.04970112
6.92000000	-0.24222474	-3515.18517978	507.93973339	0.04955931
6.93000000	-0.24172985	-3520.26457747	507.93980485	0.04941745
6.94000000	-0.24123639	-3525.34397588	507.93987601	0.04927556
6.95000000	-0.24074434	-3530.42337499	507.93994686	0.04913362
6.96000000	-0.24025372	-3535.50277481	507.94001740	0.04899162
6.97000000	-0.23976451	-3540.58217534	507.94008764	0.04884958
6.98000000	-0.23927673	-3545.66157656	507.94015757	0.04870749
6.99000000	-0.23879036	-3550.74097849	507.94022720	0.04856535
7.00000000	-0.23830542	-3555.82038111	507.94029653	0.04842316
7.01000000	-0.23782190	-3560.89978442	507.94036555	0.04828092
7.02000000	-0.23733980	-3565.97918842	507.94043428	0.04813864
7.03000000	-0.23685913	-3571.05859310	507.94050270	0.04799632
7.04000000	-0.23637987	-3576.13799847	507.94057082	0.04785397
7.05000000	-0.23590205	-3581.21740452	507.94063865	0.04771158
7.06000000	-0.23542564	-3586.29681124	507.94070618	0.04756917
7.07000000	-0.23495066	-3591.37621864	507.94077341	0.04742675
7.08000000	-0.23447711	-3596.45562671	507.94084034	0.04728431
7.09000000	-0.23400498	-3601.53503545	507.94090698	0.04714188
7.10000000	-0.23353427	-3606.61444485	507.94097332	0.04699944
7.11000000	-0.23306499	-3611.69385491	507.94103937	0.04685702
7.12000000	-0.23259713	-3616.77326563	507.94110513	0.04671463
7.13000000	-0.23213070	-3621.85267701	507.94117059	0.04657226
7.14000000	-0.23166568	-3626.93208904	507.94123576	0.04642994
7.15000000	-0.23120210	-3632.01150173	507.94130065	0.04628767
7.16000000	-0.23073993	-3637.09091506	507.94136524	0.04614547
7.17000000	-0.23027919	-3642.17032903	507.94142955	0.04600333
7.18000000	-0.22981986	-3647.24974365	507.94149356	0.04586128
7.19000000	-0.22936196	-3652.32915890	507.94155729	0.04571933
7.20000000	-0.22890548	-3657.40857479	507.94162074	0.04557748
7.21000000	-0.22845041	-3662.48799131	507.94168390	0.04543575
7.22000000	-0.22799676	-3667.56740847	507.94174677	0.04529416
7.23000000	-0.22754453	-3672.64682625	507.94180937	0.04515270
7.24000000	-0.22709371	-3677.72624465	507.94187168	0.04501140
7.25000000	-0.22664430	-3682.80566368	507.94193371	0.04487027
7.26000000	-0.22619630	-3687.88508333	507.94199546	0.04472931
7.27000000	-0.22574971	-3692.96450359	507.94205693	0.04458855
7.28000000	-0.22530453	-3698.04392447	507.94211812	0.04444799
7.29000000	-0.22486075	-3703.12334595	507.94217904	0.04430765
7.30000000	-0.22441838	-3708.20276805	507.94223968	0.04416753
7.31000000	-0.22397740	-3713.28219074	507.94230005	0.04402765
7.32000000	-0.22353782	-3718.36161405	507.94236014	0.04388803
7.33000000	-0.22309964	-3723.44103795	507.94241996	0.04374867
7.34000000	-0.22266285	-3728.52046244	507.94247951	0.04360959
7.35000000	-0.22222745	-3733.59988754	507.94253879	0.04347079
7.36000000	-0.22179343	-3738.67931322	507.94259780	0.04333230
7.37000000	-0.22136080	-3743.75873949	507.94265654	0.04319412
7.38000000	-0.22092955	-3748.83816635	507.94271501	0.04305626
7.39000000	-0.22049967	-3753.91759379	507.94277322	0.04291873
7.40000000	-0.22007117	-3758.99702181	507.94283117	0.04278156
7.41000000	-0.21964404	-3764.07645041	507.94288885	0.04264474
7.42000000	-0.21921828	-3769.15587959	507.94294627	0.04250829
7.43000000	-0.21879387	-3774.23530934	507.94300343	0.04237221
7.44000000	-0.21837083	-3779.31473966	507.94306033	0.04223653
7.45000000	-0.21794914	-3784.39417054	507.94311697	0.04210125
7.46000000	-0.21752880	-3789.47360199	507.94317335	0.04196638
7.47000000	-0.21710981	-3794.55303401	507.94322948	0.04183193
7.48000000	-0.21669216	-3799.63246658	507.94328535	0.04169791
7.49000000	-0.21627585	-3804.71189972	507.94334097	0.04156433
7.50000000	-0.21586088	-3809.79133340	507.94339634	0.04143119
7.51000000	-0.21544723	-3814.87076764	507.94345145	0.04129852
7.52000000	-0.21503490	-3819.95020243	507.94350632	0.04116631
7.53000000	-0.21462390	-3825.02963777	507.94356094	0.04103458
7.54000000	-0.21421421	-3830.10907365	507.94361531	0.04090333
7.55000000	-0.21380583	-3835.18851007	507.94366944	0.04077258
7.56000000	-0.21339876	-3840.26794704	507.94372332	0.04064232
7.57000000	-0.21299298	-3845.34738454	507.94377696	0.04051258
7.58000000	-0.21258850	-3850.42682257	507.94383035	0.04038334
7.59000000	-0.21218531	-3855.50626114	507.94388351	0.04025463
7.60000000	-0.21178341	-3860.58570024	507.94393643	0.04012645
7.61000000	-0.21138278	-3865.66513987	507.94398910	0.03999880
7.62000000	-0.21098343	-3870.74458002	507.94404155	0.03987170
7.63000000	-0.21058535	-3875.82402070	507.94409376	0.03974514
7.64000000	-0.21018853	-3880.90346190	507.94414573	0.03961913
7.65000000	-0.20979296	-3885.98290362	507.94419747	0.03949369
7.66000000	-0.20939865	-3891.06234585	507.94424898	0.03936881
7.67000000	-0.20900558	-3896.14178859	507.94430026	0.03924450
7.68000000	-0.20861376	-3901.22123185	507.94435131	0.03912077
7.69000000	-0.20822317	-3906.30067562	507.94440214	0.03899762
7.70000000	-0.20783380	-3911.38011989	507.94445274	0.03887505
7.71000000	-0.20744566	-3916.45956467	507.94450311	0.03875307
7.72000000	-0.20705874	-3921.53900996	507.94455327	0.03863168
7.73000000	-0.20667303	-3926.61845574	507.94460320	0.03851088
7.74000000	-0.20628852	-3931.69790202	507.94465291	0.03839069
7.75000000	-0.20590521	-3936.77734880	507.94470240	0.03827110
7.76000000	-0.20552310	-3941.85679607	507.94475167	0.03815212
7.77000000	-0.20514217	-3946.93624383	507.94480073	0.03803374
7.78000000	-0.20476242	-3952.01569208	507.94484957	0.03791598
7.79000000	-0.20438385	-3957.09514082	507.94489820	0.03779883
7.80000000	-0.20400644	-3962.17459004	507.94494662	0.03768230
7.81000000	-0.20363020	-3967.25403975	507.94499482	0.03756638
7.82000000	-0.20325511	-3972.33348994	507.94504282	0.03745109
7.83000000	-0.20288118	-3977.41294061	507.94509060	0.03733642
7.84000000	-0.20250838	-3982.49239175	507.94513818	0.03722237
7.85000000	-0.20213673	-3987.57184337	507.94518556	0.03710894
7.86000000	-0.20176620	-3992.65129546	507.94523273	0.03699614
7.87000000	-0.20139680	-3997.73074802	507.94527970	0.03688397
7.88000000	-0.20102852	-4002.81020105	507.94532646	0.03677242
7.89000000	-0.20066135	-4007.88965455	507.94537303	0.03666150
7.90000000	-0.20029529	-4012.96910851	507.94541940	0.03655121
7.91000000	-0.19993032	-4018.04856294	507.94546556	0.03644155
7.92000000	-0.19956645	-4023.12801782	507.94551154	0.03633251
7.93000000	-0.19920367	-4028.20747317	507.94555731	0.03622411
7.94000000	-0.19884197	-4033.28692897	507.94560290	0.03611633
7.95000000	-0.19848134	-4038.36638523	507.94564829	0.03600917
7.96000000	-0.19812178	-4043.44584194	507.94569349	0.03590265
7.97000000	-0.19776329	-4048.52529910	507.94573850	0.03579675
7.98000000	-0.19740585	-4053.60475670	507.94578332	0.03569147
7.99000000	-0.19704946	-4058.68421476	507.94582795	0.03558682
8.00000000	-0.19669411	-4063.76367326	507.94587239	0.03548280
