T	Ut	Ft	St	Ct
0.01000000	-1.99804688	-5.75268731	375.46404395	0.00000000
0.02000000	-1.99804688	-9.50732775	375.46404395	0.00000000
0.03000000	-1.99804688	-13.26196819	375.46404395	0.00000000
0.04000000	-1.99804688	-17.01660863	375.46404395	0.00000000
0.05000000	-1.99804688	-20.77124907	375.46404395	0.00000000
0.06000000	-1.99804688	-24.52588951	375.46404395	0.00000000
0.07000000	-1.99804688	-28.28052995	375.46404395	0.00000000
0.08000000	-1.99804688	-32.03517039	375.46404395	0.00000000
0.09000000	-1.99804688	-35.78981083	375.46404395	0.00000000
0.10000000	-1.99804688	-39.54445127	375.46404395	0.00000000
0.11000000	-1.99804687	-43.29909171	375.46404395	0.00000000
0.12000000	-1.99804687	-47.05373215	375.46404395	0.00000000
0.13000000	-1.99804688	-50.80837259	375.46404395	-0.00000000
0.14000000	-1.99804687	-54.56301303	375.46404395	0.00000000
0.15000000	-1.99804687	-58.31765347	375.46404395	0.00000000
0.16000000	-1.99804687	-62.07229391	375.46404395	0.00000000
0.17000000	-1.99804687	-65.82693435	375.46404395	-0.00000000
0.18000000	-1.99804687	-69.58157479	375.46404395	-0.00000000
0.19000000	-1.99804687	-73.33621523	375.46404395	0.00000000
0.20000000	-1.99804687	-77.09085567	375.46404395	0.00000000
0.21000000	-1.99804687	-80.84549611	375.46404395	0.00000000
0.22000000	-1.99804687	-84.60013655	375.46404395	0.00000000
0.23000000	-1.99804687	-88.35477698	375.46404396	0.00000000
0.24000000	-1.99804687	-92.10941742	375.46404396	0.00000001
0.25000000	-1.99804687	-95.86405786	375.46404396	0.00000001
0.26000000	-1.99804687	-99.61869830	375.46404396	0.00000003
0.27000000	-1.99804687	-103.37333874	375.46404396	0.00000004
0.28000000	-1.99804687	-107.12797918	375.46404396	0.00000007
0.29000000	-1.99804687	-110.88261962	375.46404396	0.00000010
0.30000000	-1.99804687	-114.63726006	375.46404397	0.00000015
0.31000000	-1.99804687	-118.39190050	375.46404397	0.00000021
0.32000000	-1.99804687	-122.14654094	375.46404398	0.00000030
0.33000000	-1.99804686	-125.90118138	375.46404399	0.00000042
0.34000000	-1.99804686	-129.65582182	375.46404401	0.00000057
0.35000000	-1.99804685	-133.41046226	375.46404403	0.00000076
0.36000000	-1.99804684	-137.16510270	375.46404405	0.00000100
0.37000000	-1.99804683	-140.91974314	375.46404408	0.00000130
0.38000000	-1.99804682	-144.67438358	375.46404412	0.00000167
0.39000000	-1.99804680	-148.42902402	375.46404417	0.00000213
0.40000000	-1.99804677	-152.18366447	375.46404423	0.00000270
0.41000000	-1.99804674	-155.93830491	375.46404431	0.00000341
0.42000000	-1.99804671	-159.69294535	375.46404440	0.00000428
0.43000000	-1.99804666	-163.44758580	375.46404451	0.00000536
0.44000000	-1.99804660	-167.20222624	375.46404465	0.00000669
0.45000000	-1.99804652	-170.95686669	375.46404482	0.00000832
0.46000000	-1.99804643	-174.71150714	375.46404502	0.00001034
0.47000000	-1.99804631	-178.46614759	375.46404527	0.00001283
0.48000000	-1.99804617	-182.22078805	375.46404557	0.00001587
0.49000000	-1.99804599	-185.97542850	375.46404593	0.00001960
0.50000000	-1.99804578	-189.73006896	375.46404637	0.00002415
0.51000000	-1.99804551	-193.48470943	375.46404691	0.00002967
0.52000000	-1.99804518	-197.23934990	375.46404754	0.00003635
0.53000000	-1.99804478	-200.99399038	375.46404831	0.00004438
0.54000000	-1.99804429	-204.74863087	375.46404923	0.00005400
0.55000000	-1.99804369	-208.50327137	375.46405032	0.00006547
0.56000000	-1.99804297	-212.25791188	375.46405162	0.00007906
0.57000000	-1.99804210	-216.01255240	375.46405315	0.00009509
0.58000000	-1.99804106	-219.76719294	375.46405497	0.00011390
0.59000000	-1.99803981	-223.52183350	375.46405710	0.00013587
0.60000000	-1.99803833	-227.27647408	375.46405959	0.00016140
0.61000000	-1.99803657	-231.03111469	375.46406249	0.00019093
0.62000000	-1.99803450	-234.78575533	375.46406587	0.00022493
0.63000000	-1.99803206	-238.54039601	375.46406977	0.00026392
0.64000000	-1.99802920	-242.29503673	375.46407427	0.00030844
0.65000000	-1.99802587	-246.04967750	375.46407944	0.00035909
0.66000000	-1.99802200	-249.80431832	375.46408535	0.00041648
0.67000000	-1.99801751	-253.55895921	375.46409208	0.00048129
0.68000000	-1.99801234	-257.31360017	375.46409974	0.00055426
0.69000000	-1.99800640	-261.06824121	375.46410842	0.00063615
0.70000000	-1.99799959	-264.82288234	375.46411822	0.00072781
0.71000000	-1.99799181	-268.57752358	375.46412925	0.00083014
0.72000000	-1.99798295	-272.33216493	375.46414165	0.00094412
0.73000000	-1.99797288	-276.08680641	375.46415552	0.00107081
0.74000000	-1.99796148	-279.84144805	375.46417103	0.00121136
0.75000000	-1.99794860	-283.59608984	375.46418832	0.00136702
0.76000000	-1.99793409	-287.35073182	375.46420754	0.00153916
0.77000000	-1.99791776	-291.10537400	375.46422888	0.00172928
0.78000000	-1.99789944	-294.86001640	375.46425252	0.00193902
0.79000000	-1.99787891	-298.61465906	375.46427867	0.00217018
0.80000000	-1.99785595	-302.36930199	375.46430754	0.00242472
0.81000000	-1.99783033	-306.12394522	375.46433937	0.00270480
0.82000000	-1.99780177	-309.87858878	375.46437441	0.00301279
0.83000000	-1.99776997	-313.63323272	375.46441295	0.00335128
0.84000000	-1.99773463	-317.38787706	375.46445527	0.00372309
0.85000000	-1.99769539	-321.14252184	375.46450170	0.00413127
0.86000000	-1.99765187	-324.89716711	375.46455260	0.00457917
0.87000000	-1.99760366	-328.65181291	375.46460833	0.00507036
0.88000000	-1.99755031	-332.40645929	375.46466930	0.00560871
0.89000000	-1.99749132	-336.16110631	375.46473595	0.00619833
0.90000000	-1.99742616	-339.91575403	375.46480875	0.00684359
0.91000000	-1.99735424	-343.67040251	375.46488820	0.00754908
0.92000000	-1.99727496	-347.42505182	375.46497485	0.00831964
0.93000000	-1.99718762	-351.17970203	375.46506926	0.00916025
0.94000000	-1.99709150	-354.93435323	375.46517205	0.01007604
0.95000000	-1.99698583	-358.68900550	375.46528387	0.01107223
0.96000000	-1.99686977	-362.44365894	375.46540538	0.01215404
0.97000000	-1.99674245	-366.19831364	375.46553732	0.01332662
0.98000000	-1.99660292	-369.95296972	375.46568041	0.01459492
0.99000000	-1.99645021	-373.70762729	375.46583543	0.01596356
1.00000000	-1.99628330	-377.46228647	375.46600317	0.01743665
1.01000000	-1.99610112	-381.21694740	375.46618444	0.01901752
1.02000000	-1.99590258	-384.97161021	375.46638003	0.02070847
1.03000000	-1.99568658	-388.72627505	375.46659075	0.02251037
1.04000000	-1.99545201	-392.48094208	375.46681738	0.02442230
1.05000000	-1.99519778	-396.23561145	375.46706064	0.02644110
1.06000000	-1.99492285	-399.99028335	375.46732123	0.02856102
1.07000000	-1.99462625	-403.74495794	375.46759971	0.03077343
1.08000000	-1.99430711	-407.49963540	375.46789657	0.03306683
1.09000000	-1.99396469	-411.25431593	375.46821215	0.03542713
1.10000000	-1.99359840	-415.00899971	375.46854665	0.03783843
1.11000000	-1.99320781	-418.76368693	375.46890011	0.04028434
1.12000000	-1.99279265	-422.51837778	375.46927244	0.04274979
1.13000000	-1.99235278	-426.27307244	375.46966341	0.04522326
1.14000000	-1.99188817	-430.02777111	375.47007275	0.04769915
1.15000000	-1.99139879	-433.78247395	375.47050015	0.05017999
1.16000000	-1.99088452	-437.53718117	375.47094539	0.05267793
1.17000000	-1.99034510	-441.29189292	375.47140840	0.05521524
1.18000000	-1.98977998	-445.04660940	375.47188934	0.05782337
1.19000000	-1.98918827	-448.80133077	375.47238866	0.06054035
1.20000000	-1.98856867	-452.55605723	375.47290713	0.06340675
1.21000000	-1.98791951	-456.31078898	375.47344585	0.06646042
1.22000000	-1.98723874	-460.06552622	375.47400613	0.06973061
1.23000000	-1.98652412	-463.82026918	375.47458948	0.07323248
1.24000000	-1.98577333	-467.57501809	375.47519739	0.07696287
1.25000000	-1.98498418	-471.32977321	375.47583123	0.08089853
1.26000000	-1.98415481	-475.08453481	375.47649206	0.08499758
1.27000000	-1.98328386	-478.83930315	375.47718054	0.08920468
1.28000000	-1.98237056	-482.59407851	375.47789684	0.09345930
1.29000000	-1.98141471	-486.34886118	375.47864067	0.09770594
1.30000000	-1.98041660	-490.10365141	375.47941139	0.10190403
1.31000000	-1.97937685	-493.85844949	375.48020812	0.10603507
1.32000000	-1.97829611	-497.61325566	375.48102996	0.11010498
1.33000000	-1.97717487	-501.36807017	375.48187617	0.11414075
1.34000000	-1.97601328	-505.12289326	375.48274626	0.11818189
1.35000000	-1.97481108	-508.87772517	375.48364007	0.12226881
1.36000000	-1.97356765	-512.63256614	375.48455772	0.12643130
1.37000000	-1.97228216	-516.38741641	375.48549945	0.13067997
1.38000000	-1.97095380	-520.14227621	375.48646552	0.13500318
1.39000000	-1.96958195	-523.89714580	375.48745601	0.13937039
1.40000000	-1.96816638	-527.65202541	375.48847074	0.14374102
1.41000000	-1.96670725	-531.40691530	375.48950925	0.14807645
1.42000000	-1.96520505	-535.16181568	375.49057086	0.15235221
1.43000000	-1.96366041	-538.91672679	375.49165481	0.15656698
1.44000000	-1.96207383	-542.67164885	375.49276043	0.16074656
1.45000000	-1.96044543	-546.42658207	375.49388734	0.16494229
1.46000000	-1.95877469	-550.18152666	375.49503559	0.16922528
1.47000000	-1.95706035	-553.93648285	375.49620578	0.17367840
1.48000000	-1.95530027	-557.69145086	375.49739904	0.17838846
1.49000000	-1.95349145	-561.44643091	375.49861709	0.18343964
1.50000000	-1.95163008	-565.20142329	375.49986214	0.18890854
1.51000000	-1.94971167	-568.95642826	375.50113681	0.19485949
1.52000000	-1.94773113	-572.71144613	375.50244408	0.20133890
1.53000000	-1.94568305	-576.46647726	375.50378706	0.20836780
1.54000000	-1.94356198	-580.22152200	375.50516885	0.21593342
1.55000000	-1.94136277	-583.97658077	375.50659226	0.22398281
1.56000000	-1.93908102	-587.73165399	375.50805960	0.23242327
1.57000000	-1.93671340	-591.48674212	375.50957243	0.24113467
1.58000000	-1.93425783	-595.24184560	375.51113150	0.24999584
1.59000000	-1.93171328	-598.99696490	375.51273687	0.25892169
1.60000000	-1.92907923	-602.75210049	375.51438829	0.26789928
1.61000000	-1.92635487	-606.50725282	375.51608568	0.27700527
1.62000000	-1.92353821	-610.26242236	375.51782972	0.28638633
1.63000000	-1.92062571	-614.01760957	375.51962200	0.29619401
1.64000000	-1.91761270	-617.77281497	375.52146480	0.30648397
1.65000000	-1.91449487	-621.52803905	375.52336011	0.31711304
1.66000000	-1.91127061	-625.28328234	375.52530827	0.32768393
1.67000000	-1.90794342	-629.03854538	375.52730657	0.33758594
1.68000000	-1.90452337	-632.79382862	375.52934836	0.34614881
1.69000000	-1.90102661	-636.54913246	375.53142358	0.35287249
1.70000000	-1.89747249	-640.30445716	375.53352040	0.35764337
1.71000000	-1.89387906	-644.05980290	375.53562798	0.36083605
1.72000000	-1.89025840	-647.81516974	375.53773915	0.36324584
1.73000000	-1.88661340	-651.57055769	375.53985219	0.36587635
1.74000000	-1.88293697	-655.32596680	375.54197117	0.36966767
1.75000000	-1.87921398	-659.08139716	375.54410467	0.37526187
1.76000000	-1.87542496	-662.83684898	375.54626364	0.38287210
1.77000000	-1.87155052	-666.59232256	375.54845878	0.39227936
1.78000000	-1.86757516	-670.34781830	375.55069839	0.40294665
1.79000000	-1.86348959	-674.10333669	375.55298721	0.41421632
1.80000000	-1.85929070	-677.85887821	375.55532639	0.42553581
1.81000000	-1.85497962	-681.61444338	375.55771478	0.43664282
1.82000000	-1.85055823	-685.37003267	375.56015079	0.44764589
1.83000000	-1.84602566	-689.12564655	375.56263437	0.45896758
1.84000000	-1.84137594	-692.88128552	375.56516825	0.47116788
1.85000000	-1.83659779	-696.63695010	375.56775801	0.48471034
1.86000000	-1.83167668	-700.39264089	375.57041087	0.49975406
1.87000000	-1.82659851	-704.14835856	375.57313371	0.51604456
1.88000000	-1.82135373	-707.90410382	375.57593090	0.53294496
1.89000000	-1.81594041	-711.65987742	375.57880265	0.54960560
1.90000000	-1.81036513	-715.41568010	375.58174472	0.56522260
1.91000000	-1.80464117	-719.17151253	375.58474940	0.57929458
1.92000000	-1.79878462	-722.92737527	375.58780763	0.59176794
1.93000000	-1.79281003	-726.68326883	375.59091130	0.60297928
1.94000000	-1.78672775	-730.43919363	375.59405458	0.61336277
1.95000000	-1.78054524	-734.19515004	375.59723323	0.62297643
1.96000000	-1.77427338	-737.95113839	375.60044133	0.63100113
1.97000000	-1.76793699	-741.70715892	375.60366595	0.63545767
1.98000000	-1.76158587	-745.46321168	375.60688172	0.63341452
1.99000000	-1.75530066	-749.21929639	375.61004811	0.62182164
2.00000000	-1.74918792	-752.97541230	375.61311219	0.59876257
2.01000000	-1.74336288	-756.73155811	375.61601753	0.56455493
2.02000000	-1.73792450	-760.48773196	375.61871657	0.52211762
2.03000000	-1.73293126	-764.24393166	375.62118246	0.47650259
2.04000000	-1.72838382	-768.00015484	375.62341717	0.43410549
2.05000000	-1.72421389	-771.75639935	375.62545632	0.40234047
2.06000000	-1.72027128	-775.51266356	375.62737489	0.39042221
2.07000000	-1.71629594	-779.26894686	375.62929996	0.41160750
2.08000000	-1.71186056	-783.02525025	375.63143735	0.48673348
2.09000000	-1.70627879	-786.78157738	375.63411416	0.64681285
2.10000000	-1.69852553	-790.53793593	375.63781448	0.92555528
2.11000000	-1.68736422	-794.29433903	375.64311602	1.32165624
2.12000000	-1.67203727	-798.05080483	375.65036206	1.73001722
2.13000000	-1.65340227	-801.80735145	375.65913107	1.95057190
2.14000000	-1.63400361	-805.56398849	375.66821723	1.88715812
2.15000000	-1.61617741	-809.32071311	375.67652823	1.66944358
2.16000000	-1.60052358	-813.07751550	375.68379255	1.47455025
2.17000000	-1.58636940	-816.83438653	375.69033048	1.37199881
2.18000000	-1.57281511	-820.59132110	375.69656238	1.34957006
2.19000000	-1.55921465	-824.34831777	375.70278681	1.37653304
2.20000000	-1.54519389	-828.10537739	375.70917432	1.43108578
2.21000000	-1.53053438	-831.86250213	375.71582251	1.50347297
2.22000000	-1.51507109	-835.61969495	375.72280354	1.59197228
2.23000000	-1.49863588	-839.37695955	375.73018999	1.69814292
2.24000000	-1.48104829	-843.13430036	375.73805896	1.82207568
2.25000000	-1.46215532	-846.89172255	375.74647433	1.95735143
2.26000000	-1.44191898	-850.64923172	375.75544811	2.08693678
2.27000000	-1.42052572	-854.40683310	375.76489312	2.18371198
2.28000000	-1.39844969	-858.16453045	375.77459683	2.21949344
2.29000000	-1.37638934	-861.92232487	375.78425133	2.18008455
2.30000000	-1.35506990	-865.68021425	375.79354102	2.07474561
2.31000000	-1.33502386	-869.43819370	375.80223803	1.93064832
2.32000000	-1.31648500	-873.19625671	375.81024643	1.77779822
2.33000000	-1.29942480	-876.95439639	375.81758437	1.63747730
2.34000000	-1.28365972	-880.71260644	375.82433620	1.51958995
2.35000000	-1.26895317	-884.47088151	375.83060781	1.42549723
2.36000000	-1.25508159	-888.22921733	375.83649819	1.35180250
2.37000000	-1.24186677	-891.98761047	375.84208595	1.29321390
2.38000000	-1.22918482	-895.74605822	375.84742580	1.24441081
2.39000000	-1.21696024	-899.50455828	375.85255148	1.20115533
2.40000000	-1.20515242	-903.26310860	375.85748174	1.16073473
2.41000000	-1.19374059	-907.02170729	375.86222685	1.12183447
2.42000000	-1.18271191	-910.78035254	375.86679365	1.08409784
2.43000000	-1.17205426	-914.53904259	375.87118861	1.04767713
2.44000000	-1.16175274	-918.29777577	375.87541927	1.01294550
2.45000000	-1.15178822	-922.05655046	375.87949479	0.98035361
2.46000000	-1.14213709	-925.81536518	375.88342605	0.95033224
2.47000000	-1.13277198	-929.57421854	375.88722533	0.92318013
2.48000000	-1.12366370	-933.33310929	375.89090548	0.89895370
2.49000000	-1.11478393	-937.09203630	375.89447886	0.87741323
2.50000000	-1.10610812	-940.85099855	375.89795617	0.85806244
2.51000000	-1.09761748	-944.60999513	375.90134568	0.84027196
2.52000000	-1.08929951	-948.36902519	375.90465305	0.82343886
2.53000000	-1.08114701	-952.12808793	375.90788179	0.80712188
2.54000000	-1.07315609	-955.88718257	375.91103405	0.79110758
2.55000000	-1.06532387	-959.64630836	375.91411156	0.77539428
2.56000000	-1.05764676	-963.40546456	375.91711633	0.76011371
2.57000000	-1.05011960	-967.16465045	375.92005091	0.74542965
2.58000000	-1.04273580	-970.92386535	375.92291843	0.73145390
2.59000000	-1.03548809	-974.68310861	375.92572221	0.71820473
2.60000000	-1.02836951	-978.44237959	375.92846542	0.70561212
2.61000000	-1.02137406	-982.20167772	375.93115083	0.69355627
2.62000000	-1.01449700	-985.96100243	375.93378070	0.68191668
2.63000000	-1.00773462	-989.72035316	375.93635686	0.67061114
2.64000000	-1.00108376	-993.47972939	375.93888092	0.65961184
2.65000000	-0.99454130	-997.23913061	375.94135446	0.64893726
2.66000000	-0.98810380	-1000.99855632	375.94377914	0.63862729
2.67000000	-0.98176743	-1004.75800603	375.94615678	0.62871341
2.68000000	-0.97552821	-1008.51747930	375.94848921	0.61919499
2.69000000	-0.96938235	-1012.27697567	375.95077819	0.61002899
2.70000000	-0.96332672	-1016.03649472	375.95302519	0.60113444
2.71000000	-0.95735910	-1019.79603604	375.95523134	0.59240884
2.72000000	-0.95147832	-1023.55559922	375.95739739	0.58375031
2.73000000	-0.94568414	-1027.31518386	375.95952371	0.57507901
2.74000000	-0.93997693	-1031.07478956	375.96161045	0.56635218
2.75000000	-0.93435729	-1034.83441593	375.96365769	0.55756976
2.76000000	-0.92882560	-1038.59406258	375.96566557	0.54877054
2.77000000	-0.92338171	-1042.35372912	375.96763444	0.54002072
2.78000000	-0.91802476	-1046.11341514	375.96956489	0.53139876
2.79000000	-0.91275306	-1049.87312029	375.97145779	0.52298026
2.80000000	-0.90756427	-1053.63284418	375.97331425	0.51482603
2.81000000	-0.90245552	-1057.39258646	375.97513556	0.50697523
2.82000000	-0.89742370	-1061.15234678	375.97692308	0.49944384
2.83000000	-0.89246559	-1064.91212481	375.97867817	0.49222754
2.84000000	-0.88757816	-1068.67192024	375.98040214	0.48530758
2.85000000	-0.88275854	-1072.43173275	375.98209621	0.47865756
2.86000000	-0.87800420	-1076.19156206	375.98376149	0.47224974
2.87000000	-0.87331282	-1079.95140789	375.98539898	0.46605963
2.88000000	-0.86868234	-1083.71126995	375.98700959	0.46006856
2.89000000	-0.86411083	-1087.47114799	375.98859417	0.45426404
2.90000000	-0.85959646	-1091.23104175	375.99015355	0.44863863
2.91000000	-0.85513748	-1094.99095098	375.99168849	0.44318779
2.92000000	-0.85073214	-1098.75087544	375.99319976	0.43790755
2.93000000	-0.84637877	-1102.51081490	375.99468810	0.43279253
2.94000000	-0.84207577	-1106.27076913	375.99615421	0.42783465
2.95000000	-0.83782159	-1110.03073791	375.99759875	0.42302273
2.96000000	-0.83361487	-1113.79072104	375.99902235	0.41834294
2.97000000	-0.82945435	-1117.55071829	376.00042557	0.41377978
2.98000000	-0.82533894	-1121.31072948	376.00180891	0.40931742
2.99000000	-0.82126771	-1125.07075441	376.00317281	0.40494099
3.00000000	-0.81723988	-1128.83079288	376.00451767	0.40063763
3.01000000	-0.81325475	-1132.59084470	376.00584384	0.39639717
3.02000000	-0.80931175	-1136.35090969	376.00715164	0.39221223
3.03000000	-0.80541034	-1140.11098767	376.00844136	0.38807805
3.04000000	-0.80155003	-1143.87107846	376.00971330	0.38399194
3.05000000	-0.79773034	-1147.63118188	376.01096772	0.37995257
3.06000000	-0.79395082	-1151.39129776	376.01220488	0.37595940
3.07000000	-0.79021100	-1155.15142592	376.01342505	0.37201211
3.08000000	-0.78651043	-1158.91156620	376.01462850	0.36811036
3.09000000	-0.78284864	-1162.67171843	376.01581547	0.36425371
3.10000000	-0.77922520	-1166.43188246	376.01698621	0.36044177
3.11000000	-0.77563966	-1170.19205811	376.01814098	0.35667445
3.12000000	-0.77209156	-1173.95224522	376.01928002	0.35295226
3.13000000	-0.76858046	-1177.71244365	376.02040358	0.34927657
3.14000000	-0.76510587	-1181.47265324	376.02151190	0.34564973
3.15000000	-0.76166729	-1185.23287384	376.02260525	0.34207508
3.16000000	-0.75826418	-1188.99310530	376.02368390	0.33855679
3.17000000	-0.75489595	-1192.75334747	376.02474811	0.33509951
3.18000000	-0.75156197	-1196.51360022	376.02579819	0.33170805
3.19000000	-0.74826156	-1200.27386339	376.02683443	0.32838690
3.20000000	-0.74499399	-1204.03413686	376.02785715	0.32513981
3.21000000	-0.74175850	-1207.79442049	376.02886666	0.32196938
3.22000000	-0.73855434	-1211.55471415	376.02986330	0.31887680
3.23000000	-0.73538071	-1215.31501771	376.03084737	0.31586162
3.24000000	-0.73223686	-1219.07533106	376.03181920	0.31292172
3.25000000	-0.72912204	-1222.83565406	376.03277908	0.31005332
3.26000000	-0.72603557	-1226.59598660	376.03372731	0.30725120
3.27000000	-0.72297681	-1230.35632857	376.03466414	0.30450886
3.28000000	-0.71994522	-1234.11667984	376.03558983	0.30181897
3.29000000	-0.71694029	-1237.87704033	376.03650457	0.29917360
3.30000000	-0.71396162	-1241.63740990	376.03740857	0.29656475
3.31000000	-0.71100890	-1245.39778846	376.03830198	0.29398462
3.32000000	-0.70808186	-1249.15817590	376.03918495	0.29142604
3.33000000	-0.70518032	-1252.91857213	376.04005760	0.28888275
3.34000000	-0.70230417	-1256.67897702	376.04092002	0.28634966
3.35000000	-0.69945331	-1260.43939049	376.04177229	0.28382305
3.36000000	-0.69662769	-1264.19981244	376.04261451	0.28130060
3.37000000	-0.69382729	-1267.96024275	376.04344672	0.27878150
3.38000000	-0.69105205	-1271.72068134	376.04426902	0.27626632
3.39000000	-0.68830194	-1275.48112810	376.04508146	0.27375693
3.40000000	-0.68557688	-1279.24158293	376.04588413	0.27125633
3.41000000	-0.68287677	-1283.00204575	376.04667712	0.26876842
3.42000000	-0.68020146	-1286.76251644	376.04746052	0.26629777
3.43000000	-0.67755074	-1290.52299493	376.04823446	0.26384939
3.44000000	-0.67492438	-1294.28348110	376.04899905	0.26142846
3.45000000	-0.67232206	-1298.04397488	376.04975444	0.25904013
3.46000000	-0.66974345	-1301.80447616	376.05050078	0.25668930
3.47000000	-0.66718814	-1305.56498486	376.05123825	0.25438043
3.48000000	-0.66465569	-1309.32550090	376.05196701	0.25211742
3.49000000	-0.66214563	-1313.08602417	376.05268726	0.24990347
3.50000000	-0.65965745	-1316.84655461	376.05339919	0.24774100
3.51000000	-0.65719063	-1320.60709213	376.05410299	0.24563164
3.52000000	-0.65474464	-1324.36763665	376.05479887	0.24357614
3.53000000	-0.65231893	-1328.12818808	376.05548701	0.24157443
3.54000000	-0.64991297	-1331.88874636	376.05616762	0.23962562
3.55000000	-0.64752624	-1335.64931141	376.05684089	0.23772806
3.56000000	-0.64515825	-1339.40988316	376.05750700	0.23587941
3.57000000	-0.64280850	-1343.17046153	376.05816611	0.23407669
3.58000000	-0.64047657	-1346.93104646	376.05881840	0.23231643
3.59000000	-0.63816205	-1350.69163787	376.05946402	0.23059473
3.60000000	-0.63586456	-1354.45223571	376.06010310	0.22890739
3.61000000	-0.63358380	-1358.21283991	376.06073577	0.22725004
3.62000000	-0.63131948	-1361.97345041	376.06136214	0.22561823
3.63000000	-0.62907136	-1365.73406714	376.06198231	0.22400761
3.64000000	-0.62683927	-1369.49469003	376.06259636	0.22241397
3.65000000	-0.62462304	-1373.25531904	376.06320438	0.22083343
3.66000000	-0.62242257	-1377.01595410	376.06380643	0.21926247
3.67000000	-0.62023777	-1380.77659515	376.06440256	0.21769804
3.68000000	-0.61806859	-1384.53724213	376.06499281	0.21613765
3.69000000	-0.61591501	-1388.29789499	376.06557723	0.21457936
3.70000000	-0.61377700	-1392.05855366	376.06615585	0.21302186
3.71000000	-0.61165457	-1395.81921809	376.06672871	0.21146445
3.72000000	-0.60954771	-1399.57988821	376.06729583	0.20990702
3.73000000	-0.60745643	-1403.34056398	376.06785725	0.20835002
3.74000000	-0.60538071	-1407.10124534	376.06841300	0.20679443
3.75000000	-0.60332053	-1410.86193223	376.06896312	0.20524165
3.76000000	-0.60127586	-1414.62262458	376.06950764	0.20369346
3.77000000	-0.59924664	-1418.38332236	376.07004661	0.20215191
3.78000000	-0.59723279	-1422.14402550	376.07058008	0.20061925
3.79000000	-0.59523422	-1425.90473394	376.07110811	0.19909781
3.80000000	-0.59325079	-1429.66544764	376.07163075	0.19758995
3.81000000	-0.59128237	-1433.42616654	376.07214808	0.19609793
3.82000000	-0.58932877	-1437.18689059	376.07266016	0.19462389
3.83000000	-0.58738982	-1440.94761973	376.07316708	0.19316975
3.84000000	-0.58546531	-1444.70835391	376.07366891	0.19173715
3.85000000	-0.58355500	-1448.46909309	376.07416574	0.19032743
3.86000000	-0.58165868	-1452.22983721	376.07465765	0.18894163
3.87000000	-0.57977609	-1455.99058623	376.07514474	0.18758040
3.88000000	-0.57790699	-1459.75134009	376.07562709	0.18624407
3.89000000	-0.57605112	-1463.51209875	376.07610479	0.18493264
3.90000000	-0.57420825	-1467.27286217	376.07657793	0.18364576
3.91000000	-0.57237813	-1471.03363029	376.07704659	0.18238281
3.92000000	-0.57056052	-1474.79440309	376.07751086	0.18114292
3.93000000	-0.56875520	-1478.55518050	376.07797081	0.17992499
3.94000000	-0.56696195	-1482.31596249	376.07842653	0.17872773
3.95000000	-0.56518058	-1486.07674901	376.07887809	0.17754974
3.96000000	-0.56341090	-1489.83754004	376.07932554	0.17638953
3.97000000	-0.56165273	-1493.59833551	376.07976896	0.17524554
3.98000000	-0.55990594	-1497.35913540	376.08020841	0.17411623
3.99000000	-0.55817037	-1501.11993967	376.08064394	0.17300007
4.00000000	-0.55644590	-1504.88074827	376.08107559	0.17189562
4.01000000	-0.55473242	-1508.64156117	376.08150343	0.17080151
4.02000000	-0.55302984	-1512.40237832	376.08192748	0.16971650
4.03000000	-0.55133806	-1516.16319970	376.08234780	0.16863947
4.04000000	-0.54965702	-1519.92402527	376.08276442	0.16756947
4.05000000	-0.54798665	-1523.68485498	376.08317736	0.16650569
4.06000000	-0.54632689	-1527.44568880	376.08358668	0.16544749
4.07000000	-0.54467768	-1531.20652670	376.08399239	0.16439438
4.08000000	-0.54303899	-1534.96736864	376.08439452	0.16334605
4.09000000	-0.54141075	-1538.72821458	376.08479311	0.16230230
4.10000000	-0.53979293	-1542.48906449	376.08518819	0.16126309
4.11000000	-0.53818547	-1546.24991833	376.08557977	0.16022851
4.12000000	-0.53658834	-1550.01077607	376.08596790	0.15919874
4.13000000	-0.53500148	-1553.77163768	376.08635259	0.15817407
4.14000000	-0.53342484	-1557.53250311	376.08673388	0.15715487
4.15000000	-0.53185836	-1561.29337234	376.08711180	0.15614155
4.16000000	-0.53030199	-1565.05424534	376.08748638	0.15513459
4.17000000	-0.52875565	-1568.81512206	376.08785765	0.15413448
4.18000000	-0.52721927	-1572.57600248	376.08822565	0.15314174
4.19000000	-0.52569279	-1576.33688656	376.08859040	0.15215690
4.20000000	-0.52417611	-1580.09777428	376.08895195	0.15118045
4.21000000	-0.52266915	-1583.85866559	376.08931032	0.15021289
4.22000000	-0.52117182	-1587.61956047	376.08966556	0.14925467
4.23000000	-0.51968402	-1591.38045889	376.09001770	0.14830622
4.24000000	-0.51820566	-1595.14136082	376.09036678	0.14736792
4.25000000	-0.51673663	-1598.90226622	376.09071284	0.14644010
4.26000000	-0.51527682	-1602.66317506	376.09105593	0.14552304
4.27000000	-0.51382613	-1606.42408733	376.09139606	0.14461696
4.28000000	-0.51238445	-1610.18500298	376.09173330	0.14372203
4.29000000	-0.51095165	-1613.94592198	376.09206768	0.14283837
4.30000000	-0.50952764	-1617.70684432	376.09239923	0.14196605
4.31000000	-0.50811229	-1621.46776996	376.09272800	0.14110507
4.32000000	-0.50670550	-1625.22869887	376.09305402	0.14025538
4.33000000	-0.50530715	-1628.98963103	376.09337734	0.13941691
4.34000000	-0.50391713	-1632.75056641	376.09369799	0.13858951
4.35000000	-0.50253532	-1636.51150498	376.09401601	0.13777301
4.36000000	-0.50116163	-1640.27244672	376.09433144	0.13696720
4.37000000	-0.49979594	-1644.03339160	376.09464432	0.13617183
4.38000000	-0.49843816	-1647.79433960	376.09495467	0.13538662
4.39000000	-0.49708818	-1651.55529069	376.09526253	0.13461127
4.40000000	-0.49574590	-1655.31624484	376.09556794	0.13384547
4.41000000	-0.49441124	-1659.07720204	376.09587093	0.13308888
4.42000000	-0.49308410	-1662.83816225	376.09617153	0.13234113
4.43000000	-0.49176439	-1666.59912546	376.09646977	0.13160188
4.44000000	-0.49045203	-1670.36009164	376.09676568	0.13087076
4.45000000	-0.48914695	-1674.12106077	376.09705929	0.13014741
4.46000000	-0.48784906	-1677.88203282	376.09735062	0.12943146
4.47000000	-0.48655829	-1681.64300777	376.09763970	0.12872255
4.48000000	-0.48527458	-1685.40398560	376.09792657	0.12802035
4.49000000	-0.48399787	-1689.16496629	376.09821123	0.12732452
4.50000000	-0.48272807	-1692.92594982	376.09849372	0.12663473
4.51000000	-0.48146515	-1696.68693616	376.09877406	0.12595068
4.52000000	-0.48020904	-1700.44792530	376.09905227	0.12527209
4.53000000	-0.47895969	-1704.20891720	376.09932837	0.12459868
4.54000000	-0.47771705	-1707.96991186	376.09960238	0.12393022
4.55000000	-0.47648107	-1711.73090924	376.09987432	0.12326648
4.56000000	-0.47525171	-1715.49190934	376.10014422	0.12260727
4.57000000	-0.47402891	-1719.25291212	376.10041208	0.12195240
4.58000000	-0.47281265	-1723.01391757	376.10067793	0.12130172
4.59000000	-0.47160287	-1726.77492567	376.10094179	0.12065509
4.60000000	-0.47039953	-1730.53593640	376.10120367	0.12001242
4.61000000	-0.46920260	-1734.29694974	376.10146359	0.11937361
4.62000000	-0.46801205	-1738.05796566	376.10172156	0.11873858
4.63000000	-0.46682782	-1741.81898416	376.10197761	0.11810730
4.64000000	-0.46564989	-1745.58000521	376.10223175	0.11747974
4.65000000	-0.46447821	-1749.34102879	376.10248400	0.11685587
4.66000000	-0.46331276	-1753.10205488	376.10273436	0.11623569
4.67000000	-0.46215349	-1756.86308347	376.10298287	0.11561923
4.68000000	-0.46100036	-1760.62411454	376.10322952	0.11500650
4.69000000	-0.45985334	-1764.38514806	376.10347435	0.11439755
4.70000000	-0.45871240	-1768.14618402	376.10371737	0.11379240
4.71000000	-0.45757748	-1771.90722240	376.10395858	0.11319113
4.72000000	-0.45644856	-1775.66826318	376.10419801	0.11259377
4.73000000	-0.45532559	-1779.42930635	376.10443568	0.11200039
4.74000000	-0.45420854	-1783.19035189	376.10467159	0.11141106
4.75000000	-0.45309736	-1786.95139978	376.10490577	0.11082583
4.76000000	-0.45199201	-1790.71245000	376.10513823	0.11024476
4.77000000	-0.45089245	-1794.47350254	376.10536899	0.10966793
4.78000000	-0.44979864	-1798.23455737	376.10559806	0.10909537
4.79000000	-0.44871053	-1801.99561449	376.10582546	0.10852716
4.80000000	-0.44762808	-1805.75667388	376.10605121	0.10796335
4.81000000	-0.44655125	-1809.51773551	376.10627531	0.10740397
4.82000000	-0.44547998	-1813.27879938	376.10649780	0.10684908
4.83000000	-0.44441425	-1817.03986546	376.10671868	0.10629870
4.84000000	-0.44335400	-1820.80093375	376.10693797	0.10575287
4.85000000	-0.44229918	-1824.56200422	376.10715568	0.10521161
4.86000000	-0.44124975	-1828.32307685	376.10737183	0.10467494
4.87000000	-0.44020566	-1832.08415165	376.10758644	0.10414286
4.88000000	-0.43916688	-1835.84522858	376.10779953	0.10361539
4.89000000	-0.43813334	-1839.60630763	376.10801110	0.10309252
4.90000000	-0.43710501	-1843.36738880	376.10822118	0.10257424
4.91000000	-0.43608184	-1847.12847205	376.10842978	0.10206053
4.92000000	-0.43506378	-1850.88955739	376.10863691	0.10155138
4.93000000	-0.43405080	-1854.65064479	376.10884259	0.10104675
4.94000000	-0.43304283	-1858.41173423	376.10904684	0.10054662
4.95000000	-0.43203985	-1862.17282572	376.10924967	0.10005093
4.96000000	-0.43104180	-1865.93391922	376.10945109	0.09955966
4.97000000	-0.43004864	-1869.69501473	376.10965113	0.09907275
4.98000000	-0.42906033	-1873.45611224	376.10984978	0.09859014
4.99000000	-0.42807683	-1877.21721173	376.11004707	0.09811179
5.00000000	-0.42709808	-1880.97831318	376.11024302	0.09763762
5.01000000	-0.42612406	-1884.73941658	376.11043763	0.09716758
5.02000000	-0.42515472	-1888.50052193	376.11063092	0.09670160
5.03000000	-0.42419001	-1892.26162920	376.11082290	0.09623961
5.04000000	-0.42322991	-1896.02273838	376.11101358	0.09578154
5.05000000	-0.42227437	-1899.78384946	376.11120299	0.09532731
5.06000000	-0.42132335	-1903.54496243	376.11139112	0.09487685
5.07000000	-0.42037682	-1907.30607728	376.11157800	0.09443008
5.08000000	-0.41943474	-1911.06719399	376.11176363	0.09398693
5.09000000	-0.41849707	-1914.82831255	376.11194803	0.09354732
5.10000000	-0.41756378	-1918.58943295	376.11213121	0.09311118
5.11000000	-0.41663484	-1922.35055517	376.11231318	0.09267841
5.12000000	-0.41571020	-1926.11167921	376.11249395	0.09224896
5.13000000	-0.41478985	-1929.87280504	376.11267353	0.09182275
5.14000000	-0.41387374	-1933.63393267	376.11285193	0.09139970
5.15000000	-0.41296184	-1937.39506208	376.11302917	0.09097973
5.16000000	-0.41205413	-1941.15619325	376.11320526	0.09056278
5.17000000	-0.41115058	-1944.91732618	376.11338019	0.09014879
5.18000000	-0.41025115	-1948.67846085	376.11355400	0.08973768
5.19000000	-0.40935581	-1952.43959726	376.11372668	0.08932939
5.20000000	-0.40846455	-1956.20073538	376.11389824	0.08892386
5.21000000	-0.40757733	-1959.96187522	376.11406869	0.08852103
5.22000000	-0.40669412	-1963.72301675	376.11423805	0.08812084
5.23000000	-0.40581490	-1967.48415998	376.11440632	0.08772325
5.24000000	-0.40493965	-1971.24530488	376.11457352	0.08732820
5.25000000	-0.40406833	-1975.00645144	376.11473964	0.08693565
5.26000000	-0.40320093	-1978.76759966	376.11490470	0.08654555
5.27000000	-0.40233741	-1982.52874953	376.11506871	0.08615787
5.28000000	-0.40147776	-1986.28990104	376.11523168	0.08577256
5.29000000	-0.40062195	-1990.05105416	376.11539361	0.08538960
5.30000000	-0.39976996	-1993.81220890	376.11555452	0.08500895
5.31000000	-0.39892176	-1997.57336525	376.11571440	0.08463059
5.32000000	-0.39807734	-2001.33452319	376.11587328	0.08425449
5.33000000	-0.39723667	-2005.09568271	376.11603115	0.08388063
5.34000000	-0.39639972	-2008.85684381	376.11618803	0.08350900
5.35000000	-0.39556648	-2012.61800647	376.11634392	0.08313957
5.36000000	-0.39473692	-2016.37917068	376.11649884	0.08277234
5.37000000	-0.39391103	-2020.14033644	376.11665278	0.08240729
5.38000000	-0.39308877	-2023.90150374	376.11680576	0.08204442
5.39000000	-0.39227013	-2027.66267256	376.11695778	0.08168371
5.40000000	-0.39145509	-2031.42384289	376.11710885	0.08132518
5.41000000	-0.39064362	-2035.18501473	376.11725899	0.08096880
5.42000000	-0.38983570	-2038.94618807	376.11740818	0.08061458
5.43000000	-0.38903132	-2042.70736289	376.11755646	0.08026253
5.44000000	-0.38823045	-2046.46853919	376.11770381	0.07991263
5.45000000	-0.38743306	-2050.22971696	376.11785026	0.07956491
5.46000000	-0.38663914	-2053.99089619	376.11799580	0.07921935
5.47000000	-0.38584867	-2057.75207688	376.11814044	0.07887596
5.48000000	-0.38506161	-2061.51325900	376.11828419	0.07853475
5.49000000	-0.38427796	-2065.27444256	376.11842707	0.07819572
5.50000000	-0.38349769	-2069.03562754	376.11856906	0.07785888
5.51000000	-0.38272078	-2072.79681394	376.11871019	0.07752423
5.52000000	-0.38194720	-2076.55800174	376.11885046	0.07719177
5.53000000	-0.38117694	-2080.31919094	376.11898987	0.07686151
5.54000000	-0.38040996	-2084.08038153	376.11912844	0.07653345
5.55000000	-0.37964626	-2087.84157351	376.11926617	0.07620760
5.56000000	-0.37888580	-2091.60276685	376.11940307	0.07588396
5.57000000	-0.37812857	-2095.36396157	376.11953914	0.07556253
5.58000000	-0.37737455	-2099.12515763	376.11967439	0.07524331
5.59000000	-0.37662370	-2102.88635505	376.11980883	0.07492630
5.60000000	-0.37587601	-2106.64755381	376.11994246	0.07461150
5.61000000	-0.37513146	-2110.40875390	376.12007530	0.07429890
5.62000000	-0.37439003	-2114.16995531	376.12020735	0.07398851
5.63000000	-0.37365169	-2117.93115804	376.12033861	0.07368032
5.64000000	-0.37291641	-2121.69236208	376.12046909	0.07337432
5.65000000	-0.37218419	-2125.45356742	376.12059880	0.07307051
5.66000000	-0.37145500	-2129.21477405	376.12072775	0.07276888
5.67000000	-0.37072881	-2132.97598197	376.12085594	0.07246941
5.68000000	-0.37000560	-2136.73719117	376.12098338	0.07217211
5.69000000	-0.36928536	-2140.49840164	376.12111007	0.07187695
5.70000000	-0.36856805	-2144.25961337	376.12123602	0.07158393
5.71000000	-0.36785367	-2148.02082636	376.12136124	0.07129303
5.72000000	-0.36714219	-2151.78204059	376.12148574	0.07100424
5.73000000	-0.36643358	-2155.54325607	376.12160951	0.07071754
5.74000000	-0.36572783	-2159.30447278	376.12173257	0.07043292
5.75000000	-0.36502491	-2163.06569072	376.12185492	0.07015035
5.76000000	-0.36432482	-2166.82690988	376.12197657	0.06986983
5.77000000	-0.36362751	-2170.58813025	376.12209753	0.06959133
5.78000000	-0.36293298	-2174.34935182	376.12221779	0.06931483
5.79000000	-0.36224121	-2178.11057460	376.12233737	0.06904032
5.80000000	-0.36155217	-2181.87179857	376.12245628	0.06876778
5.81000000	-0.36086585	-2185.63302372	376.12257451	0.06849717
5.82000000	-0.36018222	-2189.39425006	376.12269207	0.06822849
5.83000000	-0.35950127	-2193.15547756	376.12280897	0.06796171
5.84000000	-0.35882298	-2196.91670623	376.12292522	0.06769682
5.85000000	-0.35814733	-2200.67793607	376.12304081	0.06743378
5.86000000	-0.35747430	-2204.43916705	376.12315576	0.06717258
5.87000000	-0.35680387	-2208.20039918	376.12327007	0.06691320
5.88000000	-0.35613603	-2211.96163245	376.12338375	0.06665561
5.89000000	-0.35547075	-2215.72286685	376.12349679	0.06639980
5.90000000	-0.35480803	-2219.48410238	376.12360921	0.06614574
5.91000000	-0.35414783	-2223.24533903	376.12372102	0.06589341
5.92000000	-0.35349015	-2227.00657680	376.12383220	0.06564280
5.93000000	-0.35283497	-2230.76781568	376.12394278	0.06539387
5.94000000	-0.35218227	-2234.52905565	376.12405276	0.06514662
5.95000000	-0.35153203	-2238.29029673	376.12416213	0.06490101
5.96000000	-0.35088424	-2242.05153889	376.12427091	0.06465704
5.97000000	-0.35023889	-2245.81278214	376.12437911	0.06441467
5.98000000	-0.34959594	-2249.57402647	376.12448671	0.06417390
5.99000000	-0.34895540	-2253.33527188	376.12459374	0.06393471
6.00000000	-0.34831724	-2257.09651835	376.12470018	0.06369706
6.01000000	-0.34768146	-2260.85776588	376.12480606	0.06346096
6.02000000	-0.34704802	-2264.61901447	376.12491137	0.06322637
6.03000000	-0.34641692	-2268.38026410	376.12501612	0.06299329
6.04000000	-0.34578815	-2272.14151479	376.12512030	0.06276169
6.05000000	-0.34516168	-2275.90276651	376.12522394	0.06253156
6.06000000	-0.34453751	-2279.66401926	376.12532702	0.06230289
6.07000000	-0.34391562	-2283.42527305	376.12542956	0.06207565
6.08000000	-0.34329600	-2287.18652785	376.12553156	0.06184983
6.09000000	-0.34267862	-2290.94778368	376.12563301	0.06162541
6.10000000	-0.34206348	-2294.70904051	376.12573394	0.06140238
6.11000000	-0.34145057	-2298.47029835	376.12583433	0.06118073
6.12000000	-0.34083986	-2302.23155720	376.12593420	0.06096044
6.13000000	-0.34023136	-2305.99281704	376.12603355	0.06074149
6.14000000	-0.33962503	-2309.75407787	376.12613238	0.06052387
6.15000000	-0.33902087	-2313.51533968	376.12623070	0.06030757
6.16000000	-0.33841887	-2317.27660248	376.12632851	0.06009257
6.17000000	-0.33781902	-2321.03786625	376.12642581	0.05987886
6.18000000	-0.33722129	-2324.79913099	376.12652261	0.05966642
6.19000000	-0.33662569	-2328.56039670	376.12661890	0.05945523
6.20000000	-0.33603218	-2332.32166337	376.12671471	0.05924530
6.21000000	-0.33544078	-2336.08293099	376.12681002	0.05903659
6.22000000	-0.33485145	-2339.84419957	376.12690484	0.05882910
6.23000000	-0.33426419	-2343.60546909	376.12699918	0.05862282
6.24000000	-0.33367899	-2347.36673955	376.12709304	0.05841772
6.25000000	-0.33309583	-2351.12801095	376.12718642	0.05821380
6.26000000	-0.33251471	-2354.88928328	376.12727932	0.05801104
6.27000000	-0.33193561	-2358.65055653	376.12737176	0.05780943
6.28000000	-0.33135851	-2362.41183071	376.12746373	0.05760895
6.29000000	-0.33078342	-2366.17310581	376.12755523	0.05740959
6.30000000	-0.33021032	-2369.93438181	376.12764627	0.05721134
6.31000000	-0.32963919	-2373.69565873	376.12773685	0.05701418
6.32000000	-0.32907003	-2377.45693655	376.12782698	0.05681809
6.33000000	-0.32850283	-2381.21821527	376.12791666	0.05662306
6.34000000	-0.32793757	-2384.97949488	376.12800589	0.05642909
6.35000000	-0.32737424	-2388.74077538	376.12809467	0.05623615
6.36000000	-0.32681284	-2392.50205677	376.12818301	0.05604422
6.37000000	-0.32625335	-2396.26333904	376.12827091	0.05585331
6.38000000	-0.32569577	-2400.02462219	376.12835837	0.05566339
6.39000000	-0.32514008	-2403.78590621	376.12844540	0.05547444
6.40000000	-0.32458628	-2407.54719110	376.12853200	0.05528646
6.41000000	-0.32403435	-2411.30847685	376.12861817	0.05509943
6.42000000	-0.32348429	-2415.06976346	376.12870392	0.05491333
6.43000000	-0.32293608	-2418.83105092	376.12878924	0.05472816
6.44000000	-0.32238972	-2422.59233924	376.12887415	0.05454389
6.45000000	-0.32184520	-2426.35362841	376.12895864	0.05436052
6.46000000	-0.32130251	-2430.11491841	376.12904271	0.05417804
6.47000000	-0.32076164	-2433.87620926	376.12912637	0.05399642
6.48000000	-0.32022258	-2437.63750094	376.12920962	0.05381566
6.49000000	-0.31968532	-2441.39879345	376.12929247	0.05363574
6.50000000	-0.31914986	-2445.16008679	376.12937491	0.05345666
6.51000000	-0.31861618	-2448.92138095	376.12945695	0.05327839
6.52000000	-0.31808429	-2452.68267592	376.12953859	0.05310093
6.53000000	-0.31755416	-2456.44397172	376.12961984	0.05292426
6.54000000	-0.31702580	-2460.20526832	376.12970069	0.05274838
6.55000000	-0.31649919	-2463.96656573	376.12978115	0.05257327
6.56000000	-0.31597433	-2467.72786394	376.12986122	0.05239892
6.57000000	-0.31545121	-2471.48916295	376.12994090	0.05222533
6.58000000	-0.31492982	-2475.25046276	376.13002020	0.05205247
6.59000000	-0.31441016	-2479.01176336	376.13009912	0.05188035
6.60000000	-0.31389221	-2482.77306474	376.13017766	0.05170895
6.61000000	-0.31337598	-2486.53436691	376.13025581	0.05153826
6.62000000	-0.31286145	-2490.29566985	376.13033360	0.05136828
6.63000000	-0.31234861	-2494.05697358	376.13041101	0.05119900
6.64000000	-0.31183746	-2497.81827807	376.13048804	0.05103040
6.65000000	-0.31132800	-2501.57958334	376.13056471	0.05086248
6.66000000	-0.31082021	-2505.34088937	376.13064101	0.05069524
6.67000000	-0.31031409	-2509.10219616	376.13071695	0.05052866
6.68000000	-0.30980964	-2512.86350370	376.13079253	0.05036275
6.69000000	-0.30930684	-2516.62481201	376.13086774	0.05019749
6.70000000	-0.30880569	-2520.38612106	376.13094259	0.05003288
6.71000000	-0.30830618	-2524.14743086	376.13101709	0.04986891
6.72000000	-0.30780831	-2527.90874140	376.13109123	0.04970558
6.73000000	-0.30731206	-2531.67005268	376.13116502	0.04954289
6.74000000	-0.30681745	-2535.43136470	376.13123846	0.04938083
6.75000000	-0.30632444	-2539.19267745	376.13131156	0.04921939
6.76000000	-0.30583306	-2542.95399093	376.13138430	0.04905859
6.77000000	-0.30534327	-2546.71530513	376.13145670	0.04889840
6.78000000	-0.30485509	-2550.47662006	376.13152876	0.04873883
6.79000000	-0.30436849	-2554.23793571	376.13160047	0.04857988
6.80000000	-0.30388349	-2557.99925207	376.13167185	0.04842154
6.81000000	-0.30340006	-2561.76056914	376.13174289	0.04826381
6.82000000	-0.30291821	-2565.52188693	376.13181360	0.04810670
6.83000000	-0.30243792	-2569.28320541	376.13188397	0.04795020
6.84000000	-0.30195920	-2573.04452460	376.13195401	0.04779431
6.85000000	-0.30148204	-2576.80584449	376.13202372	0.04763902
6.86000000	-0.30100642	-2580.56716508	376.13209310	0.04748435
6.87000000	-0.30053235	-2584.32848635	376.13216216	0.04733029
6.88000000	-0.30005981	-2588.08980832	376.13223089	0.04717683
6.89000000	-0.29958881	-2591.85113097	376.13229930	0.04702399
6.90000000	-0.29911933	-2595.61245430	376.13236739	0.04687175
6.91000000	-0.29865137	-2599.37377832	376.13243516	0.04672013
6.92000000	-0.29818493	-2603.13510301	376.13250261	0.04656912
6.93000000	-0.29771999	-2606.89642837	376.13256975	0.04641872
6.94000000	-0.29725655	-2610.65775440	376.13263658	0.04626894
6.95000000	-0.29679461	-2614.41908110	376.13270309	0.04611977
6.96000000	-0.29633415	-2618.18040846	376.13276930	0.04597122
6.97000000	-0.29587518	-2621.94173648	376.13283519	0.04582329
6.98000000	-0.29541768	-2625.70306516	376.13290079	0.04567598
6.99000000	-0.29496166	-2629.46439450	376.13296607	0.04552930
7.00000000	-0.29450710	-2633.22572448	376.13303106	0.04538323
7.01000000	-0.29405399	-2636.98705512	376.13309574	0.04523779
7.02000000	-0.29360234	-2640.74838640	376.13316012	0.04509298
7.03000000	-0.29315213	-2644.50971832	376.13322421	0.04494880
7.04000000	-0.29270336	-2648.27105088	376.13328800	0.04480525
7.05000000	-0.29225602	-2652.03238408	376.13335150	0.04466233
7.06000000	-0.29181011	-2655.79371791	376.13341470	0.04452005
7.07000000	-0.29136562	-2659.55505237	376.13347762	0.04437840
7.08000000	-0.29092254	-2663.31638746	376.13354024	0.04423739
7.09000000	-0.29048087	-2667.07772318	376.13360258	0.04409702
7.10000000	-0.29004060	-2670.83905951	376.13366464	0.04395729
7.11000000	-0.28960172	-2674.60039647	376.13372641	0.04381820
7.12000000	-0.28916423	-2678.36173404	376.13378789	0.04367975
7.13000000	-0.28872812	-2682.12307222	376.13384910	0.04354195
7.14000000	-0.28829339	-2685.88441102	376.13391003	0.04340480
7.15000000	-0.28786003	-2689.64575042	376.13397069	0.04326829
7.16000000	-0.28742802	-2693.40709043	376.13403106	0.04313243
7.17000000	-0.28699737	-2697.16843105	376.13409117	0.04299721
7.18000000	-0.28656808	-2700.92977226	376.13415100	0.04286265
7.19000000	-0.28614012	-2704.69111406	376.13421056	0.04272873
7.20000000	-0.28571350	-2708.45245647	376.13426986	0.04259547
7.21000000	-0.28528821	-2712.21379946	376.13432888	0.04246285
7.22000000	-0.28486424	-2715.97514304	376.13438765	0.04233089
7.23000000	-0.28444159	-2719.73648721	376.13444614	0.04219957
7.24000000	-0.28402025	-2723.49783197	376.13450438	0.04206891
7.25000000	-0.28360021	-2727.25917730	376.13456236	0.04193889
7.26000000	-0.28318147	-2731.02052321	376.13462008	0.04180953
7.27000000	-0.28276402	-2734.78186970	376.13467754	0.04168081
7.28000000	-0.28234785	-2738.54321676	376.13473474	0.04155273
7.29000000	-0.28193296	-2742.30456439	376.13479169	0.04142531
7.30000000	-0.28151934	-2746.06591259	376.13484839	0.04129853
7.31000000	-0.28110699	-2749.82726136	376.13490484	0.04117239
7.32000000	-0.28069589	-2753.58861069	376.13496104	0.04104690
7.33000000	-0.28028605	-2757.34996058	376.13501699	0.04092204
7.34000000	-0.27987745	-2761.11131103	376.13507270	0.04079783
7.35000000	-0.27947009	-2764.87266203	376.13512816	0.04067425
7.36000000	-0.27906396	-2768.63401359	376.13518337	0.04055131
7.37000000	-0.27865906	-2772.39536570	376.13523835	0.04042900
7.38000000	-0.27825538	-2776.15671836	376.13529309	0.04030732
7.39000000	-0.27785291	-2779.91807156	376.13534758	0.04018627
7.40000000	-0.27745165	-2783.67942531	376.13540185	0.04006584
7.41000000	-0.27705159	-2787.44077960	376.13545587	0.03994604
7.42000000	-0.27665273	-2791.20213443	376.13550966	0.03982685
7.43000000	-0.27625505	-2794.96348979	376.13556322	0.03970828
7.44000000	-0.27585856	-2798.72484569	376.13561655	0.03959032
7.45000000	-0.27546324	-2802.48620212	376.13566965	0.03947298
7.46000000	-0.27506910	-2806.24755908	376.13572252	0.03935624
7.47000000	-0.27467612	-2810.00891657	376.13577516	0.03924010
7.48000000	-0.27428429	-2813.77027458	376.13582758	0.03912456
7.49000000	-0.27389362	-2817.53163312	376.13587977	0.03900962
7.50000000	-0.27350410	-2821.29299218	376.13593174	0.03889527
7.51000000	-0.27311572	-2825.05435175	376.13598349	0.03878150
7.52000000	-0.27272847	-2828.81571185	376.13603502	0.03866832
7.53000000	-0.27234235	-2832.57707245	376.13608634	0.03855572
7.54000000	-0.27195735	-2836.33843357	376.13613743	0.03844370
7.55000000	-0.27157347	-2840.09979520	376.13618831	0.03833224
7.56000000	-0.27119070	-2843.86115734	376.13623897	0.03822136
7.57000000	-0.27080904	-2847.62251998	376.13628942	0.03811103
7.58000000	-0.27042848	-2851.38388313	376.13633966	0.03800126
7.59000000	-0.27004902	-2855.14524677	376.13638969	0.03789205
7.60000000	-0.26967064	-2858.90661092	376.13643951	0.03778338
7.61000000	-0.26929335	-2862.66797556	376.13648912	0.03767526
7.62000000	-0.26891713	-2866.42934070	376.13653853	0.03756768
7.63000000	-0.26854199	-2870.19070633	376.13658773	0.03746063
7.64000000	-0.26816792	-2873.95207246	376.13663672	0.03735411
7.65000000	-0.26779491	-2877.71343907	376.13668551	0.03724812
7.66000000	-0.26742295	-2881.47480617	376.13673410	0.03714265
7.67000000	-0.26705205	-2885.23617375	376.13678249	0.03703769
7.68000000	-0.26668220	-2888.99754181	376.13683068	0.03693325
7.69000000	-0.26631339	-2892.75891036	376.13687867	0.03682930
7.70000000	-0.26594561	-2896.52027939	376.13692646	0.03672587
7.71000000	-0.26557887	-2900.28164889	376.13697406	0.03662292
7.72000000	-0.26521315	-2904.04301887	376.13702147	0.03652047
7.73000000	-0.26484846	-2907.80438932	376.13706868	0.03641850
7.74000000	-0.26448478	-2911.56576024	376.13711569	0.03631702
7.75000000	-0.26412211	-2915.32713163	376.13716252	0.03621601
7.76000000	-0.26376046	-2919.08850349	376.13720915	0.03611548
7.77000000	-0.26339980	-2922.84987581	376.13725560	0.03601541
7.78000000	-0.26304015	-2926.61124860	376.13730186	0.03591580
7.79000000	-0.26268149	-2930.37262185	376.13734793	0.03581666
7.80000000	-0.26232381	-2934.13399556	376.13739381	0.03571796
7.81000000	-0.26196712	-2937.89536973	376.13743951	0.03561971
7.82000000	-0.26161142	-2941.65674435	376.13748503	0.03552191
7.83000000	-0.26125668	-2945.41811943	376.13753036	0.03542454
7.84000000	-0.26090292	-2949.17949496	376.13757551	0.03532761
7.85000000	-0.26055013	-2952.94087094	376.13762048	0.03523111
7.86000000	-0.26019830	-2956.70224736	376.13766528	0.03513504
7.87000000	-0.25984743	-2960.46362424	376.13770989	0.03503939
7.88000000	-0.25949751	-2964.22500156	376.13775432	0.03494415
7.89000000	-0.25914854	-2967.98637933	376.13779858	0.03484932
7.90000000	-0.25880052	-2971.74775753	376.13784266	0.03475491
7.91000000	-0.25845345	-2975.50913618	376.13788657	0.03466089
7.92000000	-0.25810730	-2979.27051526	376.13793030	0.03456728
7.93000000	-0.25776210	-2983.03189478	376.13797386	0.03447406
7.94000000	-0.25741782	-2986.79327474	376.13801724	0.03438123
7.95000000	-0.25707447	-2990.55465513	376.13806046	0.03428879
7.96000000	-0.25673205	-2994.31603595	376.13810351	0.03419674
7.97000000	-0.25639054	-2998.07741720	376.13814638	0.03410506
7.98000000	-0.25604994	-3001.83879888	376.13818909	0.03401376
7.99000000	-0.25571026	-3005.60018098	376.13823163	0.03392283
8.00000000	-0.25537148	-3009.36156351	376.13827400	0.03383227
