T	Ut	Ft	St	Ct
0.0100	-1.9688	-3.1822	121.3496	0.0000
0.0200	-1.9688	-4.3957	121.3496	0.0000
0.0300	-1.9688	-5.6092	121.3496	0.0000
0.0400	-1.9688	-6.8227	121.3496	0.0000
0.0500	-1.9688	-8.0362	121.3496	0.0000
0.0600	-1.9688	-9.2497	121.3496	0.0000
0.0700	-1.9688	-10.4632	121.3496	0.0000
0.0800	-1.9688	-11.6767	121.3496	0.0000
0.0900	-1.9688	-12.8902	121.3496	0.0000
0.1000	-1.9688	-14.1037	121.3496	0.0000
0.1100	-1.9688	-15.3172	121.3496	0.0000
0.1200	-1.9688	-16.5307	121.3496	0.0000
0.1300	-1.9688	-17.7442	121.3496	0.0000
0.1400	-1.9688	-18.9577	121.3496	0.0000
0.1500	-1.9688	-20.1712	121.3496	0.0000
0.1600	-1.9687	-21.3847	121.3496	0.0000
0.1700	-1.9687	-22.5982	121.3496	0.0000
0.1800	-1.9687	-23.8117	121.3496	-0.0000
0.1900	-1.9687	-25.0252	121.3496	0.0000
0.2000	-1.9687	-26.2387	121.3496	0.0000
0.2100	-1.9687	-27.4522	121.3496	0.0000
0.2200	-1.9687	-28.6657	121.3496	0.0000
0.2300	-1.9687	-29.8792	121.3496	0.0000
0.2400	-1.9687	-31.0927	121.3496	0.0000
0.2500	-1.9687	-32.3062	121.3496	0.0000
0.2600	-1.9687	-33.5196	121.3496	0.0000
0.2700	-1.9687	-34.7331	121.3496	0.0000
0.2800	-1.9687	-35.9466	121.3496	0.0000
0.2900	-1.9687	-37.1601	121.3496	0.0000
0.3000	-1.9687	-38.3736	121.3496	0.0000
0.3100	-1.9687	-39.5871	121.3496	0.0000
0.3200	-1.9687	-40.8006	121.3496	0.0000
0.3300	-1.9687	-42.0141	121.3496	0.0000
0.3400	-1.9687	-43.2276	121.3496	0.0001
0.3500	-1.9687	-44.4411	121.3496	0.0002
0.3600	-1.9687	-45.6546	121.3496	0.0003
0.3700	-1.9687	-46.8681	121.3496	0.0005
0.3800	-1.9687	-48.0816	121.3497	0.0009
0.3900	-1.9687	-49.2951	121.3497	0.0015
0.4000	-1.9687	-50.5086	121.3497	0.0023
0.4100	-1.9687	-51.7221	121.3498	0.0036
0.4200	-1.9686	-52.9356	121.3499	0.0055
0.4300	-1.9686	-54.1491	121.3501	0.0081
0.4400	-1.9685	-55.3626	121.3503	0.0117
0.4500	-1.9683	-56.5761	121.3506	0.0167
0.4600	-1.9681	-57.7896	121.3510	0.0232
0.4700	-1.9679	-59.0031	121.3516	0.0316
0.4800	-1.9675	-60.2166	121.3524	0.0421
0.4900	-1.9670	-61.4302	121.3534	0.0550
0.5000	-1.9664	-62.6437	121.3547	0.0701
0.5100	-1.9656	-63.8573	121.3562	0.0873
0.5200	-1.9646	-65.0708	121.3581	0.1058
0.5300	-1.9635	-66.2844	121.3603	0.1249
0.5400	-1.9621	-67.4980	121.3628	0.1431
0.5500	-1.9606	-68.7117	121.3656	0.1590
0.5600	-1.9590	-69.9254	121.3685	0.1714
0.5700	-1.9572	-71.1391	121.3717	0.1792
0.5800	-1.9554	-72.3528	121.3748	0.1819
0.5900	-1.9536	-73.5665	121.3779	0.1794
0.6000	-1.9518	-74.7803	121.3809	0.1724
0.6100	-1.9502	-75.9942	121.3836	0.1619
0.6200	-1.9486	-77.2080	121.3862	0.1489
0.6300	-1.9472	-78.4219	121.3884	0.1347
0.6400	-1.9459	-79.6358	121.3904	0.1200
0.6500	-1.9448	-80.8497	121.3922	0.1057
0.6600	-1.9438	-82.0636	121.3937	0.0922
0.6700	-1.9429	-83.2776	121.3950	0.0799
0.6800	-1.9422	-84.4915	121.3961	0.0689
0.6900	-1.9415	-85.7055	121.3970	0.0592
0.7000	-1.9410	-86.9195	121.3978	0.0507
0.7100	-1.9405	-88.1334	121.3985	0.0434
0.7200	-1.9401	-89.3474	121.3990	0.0371
0.7300	-1.9398	-90.5614	121.3995	0.0318
0.7400	-1.9395	-91.7754	121.3999	0.0272
0.7500	-1.9392	-92.9894	121.4003	0.0233
0.7600	-1.9390	-94.2034	121.4005	0.0200
0.7700	-1.9388	-95.4174	121.4008	0.0172
0.7800	-1.9387	-96.6314	121.4010	0.0149
0.7900	-1.9385	-97.8455	121.4012	0.0128
0.8000	-1.9384	-99.0595	121.4013	0.0111
0.8100	-1.9383	-100.2735	121.4014	0.0096
0.8200	-1.9382	-101.4875	121.4016	0.0084
0.8300	-1.9381	-102.7015	121.4016	0.0073
0.8400	-1.9381	-103.9155	121.4017	0.0064
0.8500	-1.9380	-105.1295	121.4018	0.0056
0.8600	-1.9380	-106.3436	121.4019	0.0049
0.8700	-1.9379	-107.5576	121.4019	0.0043
0.8800	-1.9379	-108.7716	121.4020	0.0038
0.8900	-1.9378	-109.9856	121.4020	0.0034
0.9000	-1.9378	-111.1996	121.4020	0.0030
0.9100	-1.9378	-112.4137	121.4021	0.0027
0.9200	-1.9378	-113.6277	121.4021	0.0024
0.9300	-1.9377	-114.8417	121.4021	0.0021
0.9400	-1.9377	-116.0557	121.4021	0.0019
0.9500	-1.9377	-117.2697	121.4022	0.0017
0.9600	-1.9377	-118.4838	121.4022	0.0015
0.9700	-1.9377	-119.6978	121.4022	0.0014
0.9800	-1.9376	-120.9118	121.4022	0.0012
0.9900	-1.9376	-122.1258	121.4022	0.0011
1.0000	-1.9376	-123.3399	121.4022	0.0010
1.0100	-1.9376	-124.5539	121.4022	0.0009
1.0200	-1.9376	-125.7679	121.4023	0.0008
1.0300	-1.9376	-126.9819	121.4023	0.0008
1.0400	-1.9376	-128.1959	121.4023	0.0007
1.0500	-1.9376	-129.4100	121.4023	0.0006
1.0600	-1.9376	-130.6240	121.4023	0.0006
1.0700	-1.9376	-131.8380	121.4023	0.0005
1.0800	-1.9376	-133.0520	121.4023	0.0005
1.0900	-1.9376	-134.2661	121.4023	0.0004
1.1000	-1.9376	-135.4801	121.4023	0.0004
1.1100	-1.9376	-136.6941	121.4023	0.0004
1.1200	-1.9376	-137.9081	121.4023	0.0003
1.1300	-1.9376	-139.1222	121.4023	0.0003
1.1400	-1.9375	-140.3362	121.4023	0.0003
1.1500	-1.9375	-141.5502	121.4023	0.0003
1.1600	-1.9375	-142.7642	121.4023	0.0003
1.1700	-1.9375	-143.9782	121.4023	0.0002
1.1800	-1.9375	-145.1923	121.4023	0.0002
1.1900	-1.9375	-146.4063	121.4023	0.0002
1.2000	-1.9375	-147.6203	121.4023	0.0002
1.2100	-1.9375	-148.8343	121.4023	0.0002
1.2200	-1.9375	-150.0484	121.4023	0.0002
1.2300	-1.9375	-151.2624	121.4023	0.0002
1.2400	-1.9375	-152.4764	121.4023	0.0001
1.2500	-1.9375	-153.6904	121.4023	0.0001
1.2600	-1.9375	-154.9045	121.4023	0.0001
1.2700	-1.9375	-156.1185	121.4023	0.0001
1.2800	-1.9375	-157.3325	121.4023	0.0001
1.2900	-1.9375	-158.5465	121.4023	0.0001
1.3000	-1.9375	-159.7606	121.4023	0.0001
1.3100	-1.9375	-160.9746	121.4023	0.0001
1.3200	-1.9375	-162.1886	121.4023	0.0001
1.3300	-1.9375	-163.4026	121.4023	0.0001
1.3400	-1.9375	-164.6166	121.4023	0.0001
1.3500	-1.9375	-165.8307	121.4023	0.0001
1.3600	-1.9375	-167.0447	121.4023	0.0001
1.3700	-1.9375	-168.2587	121.4023	0.0001
1.3800	-1.9375	-169.4727	121.4023	0.0001
1.3900	-1.9375	-170.6868	121.4023	0.0001
1.4000	-1.9375	-171.9008	121.4023	0.0001
1.4100	-1.9375	-173.1148	121.4023	0.0001
1.4200	-1.9375	-174.3288	121.4023	0.0000
1.4300	-1.9375	-175.5429	121.4023	0.0000
1.4400	-1.9375	-176.7569	121.4023	0.0000
1.4500	-1.9375	-177.9709	121.4023	0.0000
1.4600	-1.9375	-179.1849	121.4023	0.0000
1.4700	-1.9375	-180.3989	121.4023	0.0000
1.4800	-1.9375	-181.6130	121.4023	0.0000
1.4900	-1.9375	-182.8270	121.4023	0.0000
1.5000	-1.9375	-184.0410	121.4023	0.0000
1.5100	-1.9375	-185.2550	121.4023	0.0000
1.5200	-1.9375	-186.4691	121.4023	0.0000
1.5300	-1.9375	-187.6831	121.4023	0.0000
1.5400	-1.9375	-188.8971	121.4023	0.0000
1.5500	-1.9375	-190.1111	121.4023	0.0000
1.5600	-1.9375	-191.3252	121.4023	0.0000
1.5700	-1.9375	-192.5392	121.4023	0.0000
1.5800	-1.9375	-193.7532	121.4023	0.0000
1.5900	-1.9375	-194.9672	121.4023	0.0000
1.6000	-1.9375	-196.1813	121.4023	0.0000
1.6100	-1.9375	-197.3953	121.4023	0.0000
1.6200	-1.9375	-198.6093	121.4023	0.0000
1.6300	-1.9375	-199.8233	121.4023	0.0000
1.6400	-1.9375	-201.0373	121.4023	0.0000
1.6500	-1.9375	-202.2514	121.4023	0.0000
1.6600	-1.9375	-203.4654	121.4023	0.0000
1.6700	-1.9375	-204.6794	121.4023	0.0000
1.6800	-1.9375	-205.8934	121.4023	0.0000
1.6900	-1.9375	-207.1075	121.4023	0.0000
1.7000	-1.9375	-208.3215	121.4023	0.0000
1.7100	-1.9375	-209.5355	121.4023	0.0000
1.7200	-1.9375	-210.7495	121.4023	0.0000
1.7300	-1.9375	-211.9636	121.4023	0.0000
1.7400	-1.9375	-213.1776	121.4023	0.0000
1.7500	-1.9375	-214.3916	121.4023	0.0000
1.7600	-1.9375	-215.6056	121.4023	0.0000
1.7700	-1.9375	-216.8196	121.4023	0.0000
1.7800	-1.9375	-218.0337	121.4023	0.0000
1.7900	-1.9375	-219.2477	121.4023	0.0000
1.8000	-1.9375	-220.4617	121.4023	0.0000
1.8100	-1.9375	-221.6757	121.4023	0.0000
1.8200	-1.9375	-222.8898	121.4023	0.0000
1.8300	-1.9375	-224.1038	121.4023	0.0000
1.8400	-1.9375	-225.3178	121.4023	0.0000
1.8500	-1.9375	-226.5318	121.4023	0.0000
1.8600	-1.9375	-227.7459	121.4023	0.0000
1.8700	-1.9375	-228.9599	121.4023	0.0000
1.8800	-1.9375	-230.1739	121.4023	0.0000
1.8900	-1.9375	-231.3879	121.4023	0.0000
1.9000	-1.9375	-232.6020	121.4023	0.0000
1.9100	-1.9375	-233.8160	121.4023	0.0000
1.9200	-1.9375	-235.0300	121.4023	0.0000
1.9300	-1.9375	-236.2440	121.4023	0.0000
1.9400	-1.9375	-237.4580	121.4023	0.0000
1.9500	-1.9375	-238.6721	121.4023	0.0000
1.9600	-1.9375	-239.8861	121.4023	0.0000
1.9700	-1.9375	-241.1001	121.4023	0.0000
1.9800	-1.9375	-242.3141	121.4023	0.0000
1.9900	-1.9375	-243.5282	121.4023	0.0000
2.0000	-1.9375	-244.7422	121.4023	0.0000
2.0100	-1.9375	-245.9562	121.4023	0.0000
2.0200	-1.9375	-247.1702	121.4023	0.0000
2.0300	-1.9375	-248.3843	121.4023	0.0000
2.0400	-1.9375	-249.5983	121.4023	0.0000
2.0500	-1.9375	-250.8123	121.4023	0.0000
2.0600	-1.9375	-252.0263	121.4023	0.0000
2.0700	-1.9375	-253.2404	121.4023	0.0000
2.0800	-1.9375	-254.4544	121.4023	0.0000
2.0900	-1.9375	-255.6684	121.4023	0.0000
2.1000	-1.9375	-256.8824	121.4023	0.0000
2.1100	-1.9375	-258.0964	121.4023	0.0000
2.1200	-1.9375	-259.3105	121.4023	0.0000
2.1300	-1.9375	-260.5245	121.4023	0.0000
2.1400	-1.9375	-261.7385	121.4023	0.0000
2.1500	-1.9375	-262.9525	121.4023	0.0000
2.1600	-1.9375	-264.1666	121.4023	0.0000
2.1700	-1.9375	-265.3806	121.4023	0.0000
2.1800	-1.9375	-266.5946	121.4023	0.0000
2.1900	-1.9375	-267.8086	121.4023	0.0000
2.2000	-1.9375	-269.0227	121.4023	0.0000
2.2100	-1.9375	-270.2367	121.4023	0.0000
2.2200	-1.9375	-271.4507	121.4023	0.0000
2.2300	-1.9375	-272.6647	121.4023	0.0000
2.2400	-1.9375	-273.8788	121.4023	0.0000
2.2500	-1.9375	-275.0928	121.4023	0.0000
2.2600	-1.9375	-276.3068	121.4023	0.0000
2.2700	-1.9375	-277.5208	121.4023	0.0000
2.2800	-1.9375	-278.7348	121.4023	0.0000
2.2900	-1.9375	-279.9489	121.4023	0.0000
2.3000	-1.9375	-281.1629	121.4023	0.0000
2.3100	-1.9375	-282.3769	121.4023	0.0000
2.3200	-1.9375	-283.5909	121.4023	0.0000
2.3300	-1.9375	-284.8050	121.4023	0.0000
2.3400	-1.9375	-286.0190	121.4023	0.0000
2.3500	-1.9375	-287.2330	121.4023	0.0000
2.3600	-1.9375	-288.4470	121.4023	0.0000
2.3700	-1.9375	-289.6611	121.4023	0.0000
2.3800	-1.9375	-290.8751	121.4023	0.0000
2.3900	-1.9375	-292.0891	121.4023	0.0000
2.4000	-1.9375	-293.3031	121.4023	0.0000
2.4100	-1.9375	-294.5171	121.4023	0.0000
2.4200	-1.9375	-295.7312	121.4023	0.0000
2.4300	-1.9375	-296.9452	121.4023	0.0000
2.4400	-1.9375	-298.1592	121.4023	0.0000
2.4500	-1.9375	-299.3732	121.4023	0.0000
2.4600	-1.9375	-300.5873	121.4023	0.0000
2.4700	-1.9375	-301.8013	121.4023	0.0000
2.4800	-1.9375	-303.0153	121.4023	0.0000
2.4900	-1.9375	-304.2293	121.4023	0.0000
2.5000	-1.9375	-305.4434	121.4023	0.0000
2.5100	-1.9375	-306.6574	121.4023	0.0000
2.5200	-1.9375	-307.8714	121.4023	0.0000
2.5300	-1.9375	-309.0854	121.4023	0.0000
2.5400	-1.9375	-310.2995	121.4023	0.0000
2.5500	-1.9375	-311.5135	121.4023	0.0000
2.5600	-1.9375	-312.7275	121.4023	0.0000
2.5700	-1.9375	-313.9415	121.4023	0.0000
2.5800	-1.9375	-315.1555	121.4023	0.0000
2.5900	-1.9375	-316.3696	121.4023	0.0000
2.6000	-1.9375	-317.5836	121.4023	0.0000
2.6100	-1.9375	-318.7976	121.4023	0.0000
2.6200	-1.9375	-320.0116	121.4023	0.0000
2.6300	-1.9375	-321.2257	121.4023	0.0000
2.6400	-1.9375	-322.4397	121.4023	0.0000
2.6500	-1.9375	-323.6537	121.4023	0.0000
2.6600	-1.9375	-324.8677	121.4023	0.0000
2.6700	-1.9375	-326.0818	121.4023	0.0000
2.6800	-1.9375	-327.2958	121.4023	0.0000
2.6900	-1.9375	-328.5098	121.4023	0.0000
2.7000	-1.9375	-329.7238	121.4023	0.0000
2.7100	-1.9375	-330.9379	121.4023	0.0000
2.7200	-1.9375	-332.1519	121.4023	0.0000
2.7300	-1.9375	-333.3659	121.4023	0.0000
2.7400	-1.9375	-334.5799	121.4023	0.0000
2.7500	-1.9375	-335.7939	121.4023	0.0000
2.7600	-1.9375	-337.0080	121.4023	0.0000
2.7700	-1.9375	-338.2220	121.4023	0.0000
2.7800	-1.9375	-339.4360	121.4023	0.0000
2.7900	-1.9375	-340.6500	121.4023	0.0000
2.8000	-1.9375	-341.8641	121.4023	0.0000
2.8100	-1.9375	-343.0781	121.4023	0.0000
2.8200	-1.9375	-344.2921	121.4023	0.0000
2.8300	-1.9375	-345.5061	121.4023	0.0000
2.8400	-1.9375	-346.7202	121.4023	0.0000
2.8500	-1.9375	-347.9342	121.4023	0.0000
2.8600	-1.9375	-349.1482	121.4023	0.0000
2.8700	-1.9375	-350.3622	121.4023	0.0000
2.8800	-1.9375	-351.5763	121.4023	0.0000
2.8900	-1.9375	-352.7903	121.4023	0.0000
2.9000	-1.9375	-354.0043	121.4023	0.0000
2.9100	-1.9375	-355.2183	121.4023	0.0000
2.9200	-1.9375	-356.4323	121.4023	0.0000
2.9300	-1.9375	-357.6464	121.4023	0.0000
2.9400	-1.9375	-358.8604	121.4023	0.0000
2.9500	-1.9375	-360.0744	121.4023	0.0000
2.9600	-1.9375	-361.2884	121.4023	0.0000
2.9700	-1.9375	-362.5025	121.4023	0.0000
2.9800	-1.9375	-363.7165	121.4023	0.0000
2.9900	-1.9375	-364.9305	121.4023	0.0000
3.0000	-1.9375	-366.1445	121.4023	0.0000
3.0100	-1.9375	-367.3586	121.4023	0.0000
3.0200	-1.9375	-368.5726	121.4023	0.0000
3.0300	-1.9375	-369.7866	121.4023	0.0000
3.0400	-1.9375	-371.0006	121.4023	0.0000
3.0500	-1.9375	-372.2146	121.4023	0.0000
3.0600	-1.9375	-373.4287	121.4023	0.0000
3.0700	-1.9375	-374.6427	121.4023	0.0000
3.0800	-1.9375	-375.8567	121.4023	0.0000
3.0900	-1.9375	-377.0707	121.4023	0.0000
3.1000	-1.9375	-378.2848	121.4023	0.0000
3.1100	-1.9375	-379.4988	121.4023	0.0000
3.1200	-1.9375	-380.7128	121.4023	0.0000
3.1300	-1.9375	-381.9268	121.4023	0.0000
3.1400	-1.9375	-383.1409	121.4023	0.0000
3.1500	-1.9375	-384.3549	121.4023	0.0000
3.1600	-1.9375	-385.5689	121.4023	0.0000
3.1700	-1.9375	-386.7829	121.4023	0.0000
3.1800	-1.9375	-387.9970	121.4023	0.0000
3.1900	-1.9375	-389.2110	121.4023	0.0000
3.2000	-1.9375	-390.4250	121.4023	0.0000
3.2100	-1.9375	-391.6390	121.4023	0.0000
3.2200	-1.9375	-392.8530	121.4023	0.0000
3.2300	-1.9375	-394.0671	121.4023	0.0000
3.2400	-1.9375	-395.2811	121.4023	0.0000
3.2500	-1.9375	-396.4951	121.4023	0.0000
3.2600	-1.9375	-397.7091	121.4023	0.0000
3.2700	-1.9375	-398.9232	121.4023	0.0000
3.2800	-1.9375	-400.1372	121.4023	0.0000
3.2900	-1.9375	-401.3512	121.4023	0.0000
3.3000	-1.9375	-402.5652	121.4023	0.0000
3.3100	-1.9375	-403.7793	121.4023	0.0000
3.3200	-1.9375	-404.9933	121.4023	0.0000
3.3300	-1.9375	-406.2073	121.4023	0.0000
3.3400	-1.9375	-407.4213	121.4023	0.0000
3.3500	-1.9375	-408.6354	121.4023	0.0000
3.3600	-1.9375	-409.8494	121.4023	0.0000
3.3700	-1.9375	-411.0634	121.4023	0.0000
3.3800	-1.9375	-412.2774	121.4023	0.0000
3.3900	-1.9375	-413.4914	121.4023	0.0000
3.4000	-1.9375	-414.7055	121.4023	0.0000
3.4100	-1.9375	-415.9195	121.4023	0.0000
3.4200	-1.9375	-417.1335	121.4023	0.0000
3.4300	-1.9375	-418.3475	121.4023	0.0000
3.4400	-1.9375	-419.5616	121.4023	0.0000
3.4500	-1.9375	-420.7756	121.4023	0.0000
3.4600	-1.9375	-421.9896	121.4023	0.0000
3.4700	-1.9375	-423.2036	121.4023	0.0000
3.4800	-1.9375	-424.4177	121.4023	0.0000
3.4900	-1.9375	-425.6317	121.4023	0.0000
3.5000	-1.9375	-426.8457	121.4023	0.0000
3.5100	-1.9375	-428.0597	121.4023	0.0000
3.5200	-1.9375	-429.2738	121.4023	0.0000
3.5300	-1.9375	-430.4878	121.4023	0.0000
3.5400	-1.9375	-431.7018	121.4023	0.0000
3.5500	-1.9375	-432.9158	121.4023	0.0000
3.5600	-1.9375	-434.1298	121.4023	0.0000
3.5700	-1.9375	-435.3439	121.4023	0.0000
3.5800	-1.9375	-436.5579	121.4023	0.0000
3.5900	-1.9375	-437.7719	121.4023	0.0000
3.6000	-1.9375	-438.9859	121.4023	0.0000
3.6100	-1.9375	-440.2000	121.4023	0.0000
3.6200	-1.9375	-441.4140	121.4023	0.0000
3.6300	-1.9375	-442.6280	121.4023	0.0000
3.6400	-1.9375	-443.8420	121.4023	0.0000
3.6500	-1.9375	-445.0561	121.4023	0.0000
3.6600	-1.9375	-446.2701	121.4023	0.0000
3.6700	-1.9375	-447.4841	121.4023	0.0000
3.6800	-1.9375	-448.6981	121.4023	0.0000
3.6900	-1.9375	-449.9121	121.4023	0.0000
3.7000	-1.9375	-451.1262	121.4023	0.0000
3.7100	-1.9375	-452.3402	121.4023	0.0000
3.7200	-1.9375	-453.5542	121.4023	0.0000
3.7300	-1.9375	-454.7682	121.4023	0.0000
3.7400	-1.9375	-455.9823	121.4023	0.0000
3.7500	-1.9375	-457.1963	121.4023	0.0000
3.7600	-1.9375	-458.4103	121.4023	0.0000
3.7700	-1.9375	-459.6243	121.4023	0.0000
3.7800	-1.9375	-460.8384	121.4023	0.0000
3.7900	-1.9375	-462.0524	121.4023	0.0000
3.8000	-1.9375	-463.2664	121.4023	0.0000
3.8100	-1.9375	-464.4804	121.4023	0.0000
3.8200	-1.9375	-465.6945	121.4023	0.0000
3.8300	-1.9375	-466.9085	121.4023	0.0000
3.8400	-1.9375	-468.1225	121.4023	0.0000
3.8500	-1.9375	-469.3365	121.4023	0.0000
3.8600	-1.9375	-470.5505	121.4023	0.0000
3.8700	-1.9375	-471.7646	121.4023	0.0000
3.8800	-1.9375	-472.9786	121.4023	0.0000
3.8900	-1.9375	-474.1926	121.4023	0.0000
3.9000	-1.9375	-475.4066	121.4023	0.0000
3.9100	-1.9375	-476.6207	121.4023	0.0000
3.9200	-1.9375	-477.8347	121.4023	0.0000
3.9300	-1.9375	-479.0487	121.4023	0.0000
3.9400	-1.9375	-480.2627	121.4023	0.0000
3.9500	-1.9375	-481.4768	121.4023	0.0000
3.9600	-1.9375	-482.6908	121.4023	0.0000
3.9700	-1.9375	-483.9048	121.4023	0.0000
3.9800	-1.9375	-485.1188	121.4023	0.0000
3.9900	-1.9375	-486.3329	121.4023	0.0000
4.0000	-1.9375	-487.5469	121.4023	0.0000
4.0100	-1.9375	-488.7609	121.4023	0.0000
4.0200	-1.9375	-489.9749	121.4023	0.0000
4.0300	-1.9375	-491.1889	121.4023	0.0000
4.0400	-1.9375	-492.4030	121.4023	0.0000
4.0500	-1.9375	-493.6170	121.4023	0.0000
4.0600	-1.9375	-494.8310	121.4023	0.0000
4.0700	-1.9375	-496.0450	121.4023	0.0000
4.0800	-1.9375	-497.2591	121.4023	0.0000
4.0900	-1.9375	-498.4731	121.4023	0.0000
4.1000	-1.9375	-499.6871	121.4023	0.0000
4.1100	-1.9375	-500.9011	121.4023	0.0000
4.1200	-1.9375	-502.1152	121.4023	0.0000
4.1300	-1.9375	-503.3292	121.4023	0.0000
4.1400	-1.9375	-504.5432	121.4023	0.0000
4.1500	-1.9375	-505.7572	121.4023	0.0000
4.1600	-1.9375	-506.9713	121.4023	0.0000
4.1700	-1.9375	-508.1853	121.4023	0.0000
4.1800	-1.9375	-509.3993	121.4023	0.0000
4.1900	-1.9375	-510.6133	121.4023	0.0000
4.2000	-1.9375	-511.8273	121.4023	0.0000
4.2100	-1.9375	-513.0414	121.4023	0.0000
4.2200	-1.9375	-514.2554	121.4023	0.0000
4.2300	-1.9375	-515.4694	121.4023	0.0000
4.2400	-1.9375	-516.6834	121.4023	0.0000
4.2500	-1.9375	-517.8975	121.4023	0.0000
4.2600	-1.9375	-519.1115	121.4023	0.0000
4.2700	-1.9375	-520.3255	121.4023	0.0000
4.2800	-1.9375	-521.5395	121.4023	0.0000
4.2900	-1.9375	-522.7536	121.4023	0.0000
4.3000	-1.9375	-523.9676	121.4023	0.0000
4.3100	-1.9375	-525.1816	121.4023	0.0000
4.3200	-1.9375	-526.3956	121.4023	0.0000
4.3300	-1.9375	-527.6096	121.4023	0.0000
4.3400	-1.9375	-528.8237	121.4023	0.0000
4.3500	-1.9375	-530.0377	121.4023	0.0000
4.3600	-1.9375	-531.2517	121.4023	0.0000
4.3700	-1.9375	-532.4657	121.4023	0.0000
4.3800	-1.9375	-533.6798	121.4023	0.0000
4.3900	-1.9375	-534.8938	121.4023	0.0000
4.4000	-1.9375	-536.1078	121.4023	0.0000
4.4100	-1.9375	-537.3218	121.4023	0.0000
4.4200	-1.9375	-538.5359	121.4023	0.0000
4.4300	-1.9375	-539.7499	121.4023	0.0000
4.4400	-1.9375	-540.9639	121.4023	0.0000
4.4500	-1.9375	-542.1779	121.4023	0.0000
4.4600	-1.9375	-543.3920	121.4023	0.0000
4.4700	-1.9375	-544.6060	121.4023	0.0000
4.4800	-1.9375	-545.8200	121.4023	0.0000
4.4900	-1.9375	-547.0340	121.4023	0.0000
4.5000	-1.9375	-548.2480	121.4023	0.0000
4.5100	-1.9375	-549.4621	121.4023	0.0000
4.5200	-1.9375	-550.6761	121.4023	0.0000
4.5300	-1.9375	-551.8901	121.4023	0.0000
4.5400	-1.9375	-553.1041	121.4023	0.0000
4.5500	-1.9375	-554.3182	121.4023	0.0000
4.5600	-1.9375	-555.5322	121.4023	0.0000
4.5700	-1.9375	-556.7462	121.4023	0.0000
4.5800	-1.9375	-557.9602	121.4023	0.0000
4.5900	-1.9375	-559.1743	121.4023	0.0000
4.6000	-1.9375	-560.3883	121.4023	0.0000
4.6100	-1.9375	-561.6023	121.4023	0.0000
4.6200	-1.9375	-562.8163	121.4023	0.0000
4.6300	-1.9375	-564.0304	121.4023	0.0000
4.6400	-1.9375	-565.2444	121.4023	0.0000
4.6500	-1.9375	-566.4584	121.4023	0.0000
4.6600	-1.9375	-567.6724	121.4023	0.0000
4.6700	-1.9375	-568.8864	121.4023	0.0000
4.6800	-1.9375	-570.1005	121.4023	0.0000
4.6900	-1.9375	-571.3145	121.4023	0.0000
4.7000	-1.9375	-572.5285	121.4023	0.0000
4.7100	-1.9375	-573.7425	121.4023	0.0000
4.7200	-1.9375	-574.9566	121.4023	0.0000
4.7300	-1.9375	-576.1706	121.4023	0.0000
4.7400	-1.9375	-577.3846	121.4023	0.0000
4.7500	-1.9375	-578.5986	121.4023	0.0000
4.7600	-1.9375	-579.8127	121.4023	0.0000
4.7700	-1.9375	-581.0267	121.4023	0.0000
4.7800	-1.9375	-582.2407	121.4023	0.0000
4.7900	-1.9375	-583.4547	121.4023	0.0000
4.8000	-1.9375	-584.6688	121.4023	0.0000
4.8100	-1.9375	-585.8828	121.4023	0.0000
4.8200	-1.9375	-587.0968	121.4023	0.0000
4.8300	-1.9375	-588.3108	121.4023	0.0000
4.8400	-1.9375	-589.5248	121.4023	0.0000
4.8500	-1.9375	-590.7389	121.4023	0.0000
4.8600	-1.9375	-591.9529	121.4023	0.0000
4.8700	-1.9375	-593.1669	121.4023	0.0000
4.8800	-1.9375	-594.3809	121.4023	0.0000
4.8900	-1.9375	-595.5950	121.4023	0.0000
4.9000	-1.9375	-596.8090	121.4023	0.0000
4.9100	-1.9375	-598.0230	121.4023	0.0000
4.9200	-1.9375	-599.2370	121.4023	0.0000
4.9300	-1.9375	-600.4511	121.4023	0.0000
4.9400	-1.9375	-601.6651	121.4023	0.0000
4.9500	-1.9375	-602.8791	121.4023	0.0000
4.9600	-1.9375	-604.0931	121.4023	0.0000
4.9700	-1.9375	-605.3071	121.4023	0.0000
4.9800	-1.9375	-606.5212	121.4023	0.0000
4.9900	-1.9375	-607.7352	121.4023	0.0000
5.0000	-1.9375	-608.9492	121.4023	0.0000
5.0100	-1.9375	-610.1632	121.4023	0.0000
5.0200	-1.9375	-611.3773	121.4023	0.0000
5.0300	-1.9375	-612.5913	121.4023	0.0000
5.0400	-1.9375	-613.8053	121.4023	0.0000
5.0500	-1.9375	-615.0193	121.4023	0.0000
5.0600	-1.9375	-616.2334	121.4023	0.0000
5.0700	-1.9375	-617.4474	121.4023	0.0000
5.0800	-1.9375	-618.6614	121.4023	0.0000
5.0900	-1.9375	-619.8754	121.4023	0.0000
5.1000	-1.9375	-621.0895	121.4023	0.0000
5.1100	-1.9375	-622.3035	121.4023	0.0000
5.1200	-1.9375	-623.5175	121.4023	0.0000
5.1300	-1.9375	-624.7315	121.4023	0.0000
5.1400	-1.9375	-625.9455	121.4023	0.0000
5.1500	-1.9375	-627.1596	121.4023	0.0000
5.1600	-1.9375	-628.3736	121.4023	0.0000
5.1700	-1.9375	-629.5876	121.4023	0.0000
5.1800	-1.9375	-630.8016	121.4023	0.0000
5.1900	-1.9375	-632.0157	121.4023	0.0000
5.2000	-1.9375	-633.2297	121.4023	0.0000
5.2100	-1.9375	-634.4437	121.4023	0.0000
5.2200	-1.9375	-635.6577	121.4023	0.0000
5.2300	-1.9375	-636.8718	121.4023	0.0000
5.2400	-1.9375	-638.0858	121.4023	0.0000
5.2500	-1.9375	-639.2998	121.4023	0.0000
5.2600	-1.9375	-640.5138	121.4023	0.0000
5.2700	-1.9375	-641.7279	121.4023	0.0000
5.2800	-1.9375	-642.9419	121.4023	0.0000
5.2900	-1.9375	-644.1559	121.4023	0.0000
5.3000	-1.9375	-645.3699	121.4023	0.0000
5.3100	-1.9375	-646.5839	121.4023	0.0000
5.3200	-1.9375	-647.7980	121.4023	0.0000
5.3300	-1.9375	-649.0120	121.4023	0.0000
5.3400	-1.9375	-650.2260	121.4023	0.0000
5.3500	-1.9375	-651.4400	121.4023	0.0000
5.3600	-1.9375	-652.6541	121.4023	0.0000
5.3700	-1.9375	-653.8681	121.4023	0.0000
5.3800	-1.9375	-655.0821	121.4023	0.0000
5.3900	-1.9375	-656.2961	121.4023	0.0000
5.4000	-1.9375	-657.5102	121.4023	0.0000
5.4100	-1.9375	-658.7242	121.4023	0.0000
5.4200	-1.9375	-659.9382	121.4023	0.0000
5.4300	-1.9375	-661.1522	121.4023	0.0000
5.4400	-1.9375	-662.3663	121.4023	0.0000
5.4500	-1.9375	-663.5803	121.4023	0.0000
5.4600	-1.9375	-664.7943	121.4023	0.0000
5.4700	-1.9375	-666.0083	121.4023	0.0000
5.4800	-1.9375	-667.2223	121.4023	0.0000
5.4900	-1.9375	-668.4364	121.4023	0.0000
5.5000	-1.9375	-669.6504	121.4023	0.0000
5.5100	-1.9375	-670.8644	121.4023	0.0000
5.5200	-1.9375	-672.0784	121.4023	0.0000
5.5300	-1.9375	-673.2925	121.4023	0.0000
5.5400	-1.9375	-674.5065	121.4023	0.0000
5.5500	-1.9375	-675.7205	121.4023	0.0000
5.5600	-1.9375	-676.9345	121.4023	0.0000
5.5700	-1.9375	-678.1486	121.4023	0.0000
5.5800	-1.9375	-679.3626	121.4023	0.0000
5.5900	-1.9375	-680.5766	121.4023	0.0000
5.6000	-1.9375	-681.7906	121.4023	0.0000
5.6100	-1.9375	-683.0046	121.4023	0.0000
5.6200	-1.9375	-684.2187	121.4023	0.0000
5.6300	-1.9375	-685.4327	121.4023	0.0000
5.6400	-1.9375	-686.6467	121.4023	0.0000
5.6500	-1.9375	-687.8607	121.4023	0.0000
5.6600	-1.9375	-689.0748	121.4023	0.0000
5.6700	-1.9375	-690.2888	121.4023	0.0000
5.6800	-1.9375	-691.5028	121.4023	0.0000
5.6900	-1.9375	-692.7168	121.4023	0.0000
5.7000	-1.9375	-693.9309	121.4023	0.0000
5.7100	-1.9375	-695.1449	121.4023	0.0000
5.7200	-1.9375	-696.3589	121.4023	0.0000
5.7300	-1.9375	-697.5729	121.4023	0.0000
5.7400	-1.9375	-698.7870	121.4023	0.0000
5.7500	-1.9375	-700.0010	121.4023	0.0000
5.7600	-1.9375	-701.2150	121.4023	0.0000
5.7700	-1.9375	-702.4290	121.4023	0.0000
5.7800	-1.9375	-703.6430	121.4023	0.0000
5.7900	-1.9375	-704.8571	121.4023	0.0000
5.8000	-1.9375	-706.0711	121.4023	0.0000
5.8100	-1.9375	-707.2851	121.4023	0.0000
5.8200	-1.9375	-708.4991	121.4023	0.0000
5.8300	-1.9375	-709.7132	121.4023	0.0000
5.8400	-1.9375	-710.9272	121.4023	0.0000
5.8500	-1.9375	-712.1412	121.4023	0.0000
5.8600	-1.9375	-713.3552	121.4023	0.0000
5.8700	-1.9375	-714.5693	121.4023	0.0000
5.8800	-1.9375	-715.7833	121.4023	0.0000
5.8900	-1.9375	-716.9973	121.4023	0.0000
5.9000	-1.9375	-718.2113	121.4023	0.0000
5.9100	-1.9375	-719.4254	121.4023	0.0000
5.9200	-1.9375	-720.6394	121.4023	0.0000
5.9300	-1.9375	-721.8534	121.4023	0.0000
5.9400	-1.9375	-723.0674	121.4023	0.0000
5.9500	-1.9375	-724.2814	121.4023	0.0000
5.9600	-1.9375	-725.4955	121.4023	0.0000
5.9700	-1.9375	-726.7095	121.4023	0.0000
5.9800	-1.9375	-727.9235	121.4023	0.0000
5.9900	-1.9375	-729.1375	121.4023	0.0000
6.0000	-1.9375	-730.3516	121.4023	0.0000
6.0100	-1.9375	-731.5656	121.4023	0.0000
6.0200	-1.9375	-732.7796	121.4023	0.0000
6.0300	-1.9375	-733.9936	121.4023	0.0000
6.0400	-1.9375	-735.2077	121.4023	0.0000
6.0500	-1.9375	-736.4217	121.4023	0.0000
6.0600	-1.9375	-737.6357	121.4023	0.0000
6.0700	-1.9375	-738.8497	121.4023	0.0000
6.0800	-1.9375	-740.0638	121.4023	0.0000
6.0900	-1.9375	-741.2778	121.4023	0.0000
6.1000	-1.9375	-742.4918	121.4023	0.0000
6.1100	-1.9375	-743.7058	121.4023	0.0000
6.1200	-1.9375	-744.9198	121.4023	0.0000
6.1300	-1.9375	-746.1339	121.4023	0.0000
6.1400	-1.9375	-747.3479	121.4023	0.0000
6.1500	-1.9375	-748.5619	121.4023	0.0000
6.1600	-1.9375	-749.7759	121.4023	0.0000
6.1700	-1.9375	-750.9900	121.4023	0.0000
6.1800	-1.9375	-752.2040	121.4023	0.0000
6.1900	-1.9375	-753.4180	121.4023	0.0000
6.2000	-1.9375	-754.6320	121.4023	0.0000
6.2100	-1.9375	-755.8461	121.4023	0.0000
6.2200	-1.9375	-757.0601	121.4023	0.0000
6.2300	-1.9375	-758.2741	121.4023	0.0000
6.2400	-1.9375	-759.4881	121.4023	0.0000
6.2500	-1.9375	-760.7021	121.4023	0.0000
6.2600	-1.9375	-761.9162	121.4023	0.0000
6.2700	-1.9375	-763.1302	121.4023	0.0000
6.2800	-1.9375	-764.3442	121.4023	0.0000
6.2900	-1.9375	-765.5582	121.4023	0.0000
6.3000	-1.9375	-766.7723	121.4023	0.0000
6.3100	-1.9375	-767.9863	121.4023	0.0000
6.3200	-1.9375	-769.2003	121.4023	0.0000
6.3300	-1.9375	-770.4143	121.4023	0.0000
6.3400	-1.9375	-771.6284	121.4023	0.0000
6.3500	-1.9375	-772.8424	121.4023	0.0000
6.3600	-1.9375	-774.0564	121.4023	0.0000
6.3700	-1.9375	-775.2704	121.4023	0.0000
6.3800	-1.9375	-776.4845	121.4023	0.0000
6.3900	-1.9375	-777.6985	121.4023	0.0000
6.4000	-1.9375	-778.9125	121.4023	0.0000
6.4100	-1.9375	-780.1265	121.4023	0.0000
6.4200	-1.9375	-781.3405	121.4023	0.0000
6.4300	-1.9375	-782.5546	121.4023	0.0000
6.4400	-1.9375	-783.7686	121.4023	0.0000
6.4500	-1.9375	-784.9826	121.4023	0.0000
6.4600	-1.9375	-786.1966	121.4023	0.0000
6.4700	-1.9375	-787.4107	121.4023	0.0000
6.4800	-1.9375	-788.6247	121.4023	0.0000
6.4900	-1.9375	-789.8387	121.4023	0.0000
6.5000	-1.9375	-791.0527	121.4023	0.0000
6.5100	-1.9375	-792.2668	121.4023	0.0000
6.5200	-1.9375	-793.4808	121.4023	0.0000
6.5300	-1.9375	-794.6948	121.4023	0.0000
6.5400	-1.9375	-795.9088	121.4023	0.0000
6.5500	-1.9375	-797.1229	121.4023	0.0000
6.5600	-1.9375	-798.3369	121.4023	0.0000
6.5700	-1.9375	-799.5509	121.4023	0.0000
6.5800	-1.9375	-800.7649	121.4023	0.0000
6.5900	-1.9375	-801.9789	121.4023	0.0000
6.6000	-1.9375	-803.1930	121.4023	0.0000
6.6100	-1.9375	-804.4070	121.4023	0.0000
6.6200	-1.9375	-805.6210	121.4023	0.0000
6.6300	-1.9375	-806.8350	121.4023	0.0000
6.6400	-1.9375	-808.0491	121.4023	0.0000
6.6500	-1.9375	-809.2631	121.4023	0.0000
6.6600	-1.9375	-810.4771	121.4023	0.0000
6.6700	-1.9375	-811.6911	121.4023	0.0000
6.6800	-1.9375	-812.9052	121.4023	0.0000
6.6900	-1.9375	-814.1192	121.4023	0.0000
6.7000	-1.9375	-815.3332	121.4023	0.0000
6.7100	-1.9375	-816.5472	121.4023	0.0000
6.7200	-1.9375	-817.7613	121.4023	0.0000
6.7300	-1.9375	-818.9753	121.4023	0.0000
6.7400	-1.9375	-820.1893	121.4023	0.0000
6.7500	-1.9375	-821.4033	121.4023	0.0000
6.7600	-1.9375	-822.6173	121.4023	0.0000
6.7700	-1.9375	-823.8314	121.4023	0.0000
6.7800	-1.9375	-825.0454	121.4023	0.0000
6.7900	-1.9375	-826.2594	121.4023	0.0000
6.8000	-1.9375	-827.4734	121.4023	0.0000
6.8100	-1.9375	-828.6875	121.4023	0.0000
6.8200	-1.9375	-829.9015	121.4023	0.0000
6.8300	-1.9375	-831.1155	121.4023	0.0000
6.8400	-1.9375	-832.3295	121.4023	0.0000
6.8500	-1.9375	-833.5436	121.4023	0.0000
6.8600	-1.9375	-834.7576	121.4023	0.0000
6.8700	-1.9375	-835.9716	121.4023	0.0000
6.8800	-1.9375	-837.1856	121.4023	0.0000
6.8900	-1.9375	-838.3996	121.4023	0.0000
6.9000	-1.9375	-839.6137	121.4023	0.0000
6.9100	-1.9375	-840.8277	121.4023	0.0000
6.9200	-1.9375	-842.0417	121.4023	0.0000
6.9300	-1.9375	-843.2557	121.4023	0.0000
6.9400	-1.9375	-844.4698	121.4023	0.0000
6.9500	-1.9375	-845.6838	121.4023	0.0000
6.9600	-1.9375	-846.8978	121.4023	0.0000
6.9700	-1.9375	-848.1118	121.4023	0.0000
6.9800	-1.9375	-849.3259	121.4023	0.0000
6.9900	-1.9375	-850.5399	121.4023	0.0000
7.0000	-1.9375	-851.7539	121.4023	0.0000
7.0100	-1.9375	-852.9679	121.4023	0.0000
7.0200	-1.9375	-854.1820	121.4023	0.0000
7.0300	-1.9375	-855.3960	121.4023	0.0000
7.0400	-1.9375	-856.6100	121.4023	0.0000
7.0500	-1.9375	-857.8240	121.4023	0.0000
7.0600	-1.9375	-859.0380	121.4023	0.0000
7.0700	-1.9375	-860.2521	121.4023	0.0000
7.0800	-1.9375	-861.4661	121.4023	0.0000
7.0900	-1.9375	-862.6801	121.4023	0.0000
7.1000	-1.9375	-863.8941	121.4023	0.0000
7.1100	-1.9375	-865.1082	121.4023	0.0000
7.1200	-1.9375	-866.3222	121.4023	0.0000
7.1300	-1.9375	-867.5362	121.4023	0.0000
7.1400	-1.9375	-868.7502	121.4023	0.0000
7.1500	-1.9375	-869.9643	121.4023	0.0000
7.1600	-1.9375	-871.1783	121.4023	0.0000
7.1700	-1.9375	-872.3923	121.4023	0.0000
7.1800	-1.9375	-873.6063	121.4023	0.0000
7.1900	-1.9375	-874.8204	121.4023	0.0000
7.2000	-1.9375	-876.0344	121.4023	0.0000
7.2100	-1.9375	-877.2484	121.4023	0.0000
7.2200	-1.9375	-878.4624	121.4023	0.0000
7.2300	-1.9375	-879.6764	121.4023	0.0000
7.2400	-1.9375	-880.8905	121.4023	0.0000
7.2500	-1.9375	-882.1045	121.4023	0.0000
7.2600	-1.9375	-883.3185	121.4023	0.0000
7.2700	-1.9375	-884.5325	121.4023	0.0000
7.2800	-1.9375	-885.7466	121.4023	0.0000
7.2900	-1.9375	-886.9606	121.4023	0.0000
7.3000	-1.9375	-888.1746	121.4023	0.0000
7.3100	-1.9375	-889.3886	121.4023	0.0000
7.3200	-1.9375	-890.6027	121.4023	0.0000
7.3300	-1.9375	-891.8167	121.4023	0.0000
7.3400	-1.9375	-893.0307	121.4023	0.0000
7.3500	-1.9375	-894.2447	121.4023	0.0000
7.3600	-1.9375	-895.4588	121.4023	0.0000
7.3700	-1.9375	-896.6728	121.4023	0.0000
7.3800	-1.9375	-897.8868	121.4023	0.0000
7.3900	-1.9375	-899.1008	121.4023	0.0000
7.4000	-1.9375	-900.3148	121.4023	0.0000
7.4100	-1.9375	-901.5289	121.4023	0.0000
7.4200	-1.9375	-902.7429	121.4023	0.0000
7.4300	-1.9375	-903.9569	121.4023	0.0000
7.4400	-1.9375	-905.1709	121.4023	0.0000
7.4500	-1.9375	-906.3850	121.4023	0.0000
7.4600	-1.9375	-907.5990	121.4023	0.0000
7.4700	-1.9375	-908.8130	121.4023	0.0000
7.4800	-1.9375	-910.0270	121.4023	0.0000
7.4900	-1.9375	-911.2411	121.4023	0.0000
7.5000	-1.9375	-912.4551	121.4023	0.0000
7.5100	-1.9375	-913.6691	121.4023	0.0000
7.5200	-1.9375	-914.8831	121.4023	0.0000
7.5300	-1.9375	-916.0971	121.4023	0.0000
7.5400	-1.9375	-917.3112	121.4023	0.0000
7.5500	-1.9375	-918.5252	121.4023	0.0000
7.5600	-1.9375	-919.7392	121.4023	0.0000
7.5700	-1.9375	-920.9532	121.4023	0.0000
7.5800	-1.9375	-922.1673	121.4023	0.0000
7.5900	-1.9375	-923.3813	121.4023	0.0000
7.6000	-1.9375	-924.5953	121.4023	0.0000
7.6100	-1.9375	-925.8093	121.4023	0.0000
7.6200	-1.9375	-927.0234	121.4023	0.0000
7.6300	-1.9375	-928.2374	121.4023	0.0000
7.6400	-1.9375	-929.4514	121.4023	0.0000
7.6500	-1.9375	-930.6654	121.4023	0.0000
7.6600	-1.9375	-931.8795	121.4023	0.0000
7.6700	-1.9375	-933.0935	121.4023	0.0000
7.6800	-1.9375	-934.3075	121.4023	0.0000
7.6900	-1.9375	-935.5215	121.4023	0.0000
7.7000	-1.9375	-936.7355	121.4023	0.0000
7.7100	-1.9375	-937.9496	121.4023	0.0000
7.7200	-1.9375	-939.1636	121.4023	0.0000
7.7300	-1.9375	-940.3776	121.4023	0.0000
7.7400	-1.9375	-941.5916	121.4023	0.0000
7.7500	-1.9375	-942.8057	121.4023	0.0000
7.7600	-1.9375	-944.0197	121.4023	0.0000
7.7700	-1.9375	-945.2337	121.4023	0.0000
7.7800	-1.9375	-946.4477	121.4023	0.0000
7.7900	-1.9375	-947.6618	121.4023	0.0000
7.8000	-1.9375	-948.8758	121.4023	0.0000
7.8100	-1.9375	-950.0898	121.4023	0.0000
7.8200	-1.9375	-951.3038	121.4023	0.0000
7.8300	-1.9375	-952.5179	121.4023	0.0000
7.8400	-1.9375	-953.7319	121.4023	0.0000
7.8500	-1.9375	-954.9459	121.4023	0.0000
7.8600	-1.9375	-956.1599	121.4023	0.0000
7.8700	-1.9375	-957.3739	121.4023	0.0000
7.8800	-1.9375	-958.5880	121.4023	0.0000
7.8900	-1.9375	-959.8020	121.4023	0.0000
7.9000	-1.9375	-961.0160	121.4023	0.0000
7.9100	-1.9375	-962.2300	121.4023	0.0000
7.9200	-1.9375	-963.4441	121.4023	0.0000
7.9300	-1.9375	-964.6581	121.4023	0.0000
7.9400	-1.9375	-965.8721	121.4023	0.0000
7.9500	-1.9375	-967.0861	121.4023	0.0000
7.9600	-1.9375	-968.3002	121.4023	0.0000
7.9700	-1.9375	-969.5142	121.4023	0.0000
7.9800	-1.9375	-970.7282	121.4023	0.0000
7.9900	-1.9375	-971.9422	121.4023	0.0000
8.0000	-1.9375	-973.1563	121.4023	0.0000
