T	Ut	Ft	St	Ct
0.01000000	-1.96875000	-83.75385670	8178.51066952	0.00000000
0.02000000	-1.96875000	-165.53896339	8178.51066952	0.00000000
0.03000000	-1.96875000	-247.32407009	8178.51066952	0.00000000
0.04000000	-1.96875000	-329.10917678	8178.51066952	0.00000000
0.05000000	-1.96875000	-410.89428348	8178.51066952	0.00000000
0.06000000	-1.96875000	-492.67939017	8178.51066952	0.00000000
0.07000000	-1.96875000	-574.46449687	8178.51066952	0.00000000
0.08000000	-1.96875000	-656.24960356	8178.51066952	0.00000000
0.09000000	-1.96875000	-738.03471026	8178.51066952	0.00000000
0.10000000	-1.96875000	-819.81981695	8178.51066952	0.00000000
0.11000000	-1.96875000	-901.60492365	8178.51066952	0.00000000
0.12000000	-1.96875000	-983.39003034	8178.51066952	0.00000000
0.13000000	-1.96875000	-1065.17513704	8178.51066952	0.00000000
0.14000000	-1.96875000	-1146.96024373	8178.51066952	-0.00000000
0.15000000	-1.96875000	-1228.74535043	8178.51066952	0.00000000
0.16000000	-1.96875000	-1310.53045712	8178.51066952	0.00000000
0.17000000	-1.96875000	-1392.31556382	8178.51066952	0.00000000
0.18000000	-1.96875000	-1474.10067051	8178.51066952	0.00000000
0.19000000	-1.96875000	-1555.88577721	8178.51066952	0.00000000
0.20000000	-1.96875000	-1637.67088390	8178.51066952	0.00000001
0.21000000	-1.96875000	-1719.45599060	8178.51066952	0.00000002
0.22000000	-1.96875000	-1801.24109729	8178.51066952	0.00000003
0.23000000	-1.96875000	-1883.02620399	8178.51066952	0.00000007
0.24000000	-1.96875000	-1964.81131068	8178.51066953	0.00000012
0.25000000	-1.96875000	-2046.59641738	8178.51066953	0.00000022
0.26000000	-1.96874999	-2128.38152408	8178.51066955	0.00000038
0.27000000	-1.96874999	-2210.16663077	8178.51066957	0.00000063
0.28000000	-1.96874998	-2291.95173747	8178.51066959	0.00000099
0.29000000	-1.96874997	-2373.73684416	8178.51066964	0.00000151
0.30000000	-1.96874995	-2455.52195086	8178.51066970	0.00000223
0.31000000	-1.96874992	-2537.30705756	8178.51066979	0.00000322
0.32000000	-1.96874988	-2619.09216426	8178.51066991	0.00000452
0.33000000	-1.96874983	-2700.87727096	8178.51067007	0.00000621
0.34000000	-1.96874976	-2782.66237766	8178.51067029	0.00000836
0.35000000	-1.96874966	-2864.44748436	8178.51067057	0.00001105
0.36000000	-1.96874954	-2946.23259107	8178.51067093	0.00001436
0.37000000	-1.96874937	-3028.01769778	8178.51067137	0.00001838
0.38000000	-1.96874917	-3109.80280450	8178.51067192	0.00002320
0.39000000	-1.96874891	-3191.58791122	8178.51067260	0.00002891
0.40000000	-1.96874858	-3273.37301795	8178.51067341	0.00003562
0.41000000	-1.96874819	-3355.15812469	8178.51067439	0.00004340
0.42000000	-1.96874771	-3436.94323144	8178.51067554	0.00005238
0.43000000	-1.96874714	-3518.72833820	8178.51067689	0.00006265
0.44000000	-1.96874645	-3600.51344498	8178.51067846	0.00007432
0.45000000	-1.96874565	-3682.29855177	8178.51068027	0.00008752
0.46000000	-1.96874470	-3764.08365858	8178.51068236	0.00010236
0.47000000	-1.96874359	-3845.86876542	8178.51068473	0.00011899
0.48000000	-1.96874231	-3927.65387228	8178.51068743	0.00013753
0.49000000	-1.96874084	-4009.43897917	8178.51069047	0.00015815
0.50000000	-1.96873914	-4091.22408609	8178.51069389	0.00018101
0.51000000	-1.96873721	-4173.00919305	8178.51069772	0.00020630
0.52000000	-1.96873501	-4254.79430004	8178.51070200	0.00023423
0.53000000	-1.96873251	-4336.57940709	8178.51070675	0.00026501
0.54000000	-1.96872970	-4418.36451418	8178.51071201	0.00029889
0.55000000	-1.96872652	-4500.14962133	8178.51071783	0.00033613
0.56000000	-1.96872296	-4581.93472854	8178.51072425	0.00037701
0.57000000	-1.96871897	-4663.71983582	8178.51073131	0.00042184
0.58000000	-1.96871451	-4745.50494317	8178.51073907	0.00047095
0.59000000	-1.96870954	-4827.29005060	8178.51074757	0.00052470
0.60000000	-1.96870400	-4909.07515812	8178.51075687	0.00058346
0.61000000	-1.96869785	-4990.86026574	8178.51076704	0.00064764
0.62000000	-1.96869103	-5072.64537347	8178.51077813	0.00071764
0.63000000	-1.96868348	-5154.43048131	8178.51079021	0.00079392
0.64000000	-1.96867513	-5236.21558927	8178.51080336	0.00087693
0.65000000	-1.96866591	-5318.00069738	8178.51081764	0.00096715
0.66000000	-1.96865576	-5399.78580563	8178.51083314	0.00106506
0.67000000	-1.96864458	-5481.57091405	8178.51084994	0.00117116
0.68000000	-1.96863231	-5563.35602263	8178.51086813	0.00128597
0.69000000	-1.96861883	-5645.14113141	8178.51088780	0.00140999
0.70000000	-1.96860407	-5726.92624040	8178.51090903	0.00154375
0.71000000	-1.96858792	-5808.71134960	8178.51093194	0.00168775
0.72000000	-1.96857028	-5890.49645904	8178.51095661	0.00184252
0.73000000	-1.96855104	-5972.28156874	8178.51098315	0.00200855
0.74000000	-1.96853007	-6054.06667871	8178.51101167	0.00218633
0.75000000	-1.96850727	-6135.85178898	8178.51104228	0.00237634
0.76000000	-1.96848250	-6217.63689956	8178.51107508	0.00257904
0.77000000	-1.96845564	-6299.42201049	8178.51111018	0.00279485
0.78000000	-1.96842656	-6381.20712177	8178.51114771	0.00302418
0.79000000	-1.96839512	-6462.99223345	8178.51118777	0.00326739
0.80000000	-1.96836117	-6544.77734554	8178.51123047	0.00352482
0.81000000	-1.96832457	-6626.56245807	8178.51127592	0.00379678
0.82000000	-1.96828518	-6708.34757107	8178.51132425	0.00408350
0.83000000	-1.96824285	-6790.13268456	8178.51137556	0.00438519
0.84000000	-1.96819743	-6871.91779859	8178.51142995	0.00470201
0.85000000	-1.96814876	-6953.70291317	8178.51148755	0.00503407
0.86000000	-1.96809669	-7035.48802835	8178.51154844	0.00538139
0.87000000	-1.96804108	-7117.27314415	8178.51161273	0.00574397
0.88000000	-1.96798176	-7199.05826062	8178.51168051	0.00612174
0.89000000	-1.96791860	-7280.84337778	8178.51175189	0.00651455
0.90000000	-1.96785142	-7362.62849567	8178.51182694	0.00692220
0.91000000	-1.96778010	-7444.41361433	8178.51190574	0.00734443
0.92000000	-1.96770449	-7526.19873379	8178.51198838	0.00778090
0.93000000	-1.96762444	-7607.98385411	8178.51207491	0.00823120
0.94000000	-1.96753982	-7689.76897531	8178.51216541	0.00869487
0.95000000	-1.96745050	-7771.55409743	8178.51225993	0.00917138
0.96000000	-1.96735635	-7853.33922052	8178.51235851	0.00966013
0.97000000	-1.96725726	-7935.12434461	8178.51246119	0.01016045
0.98000000	-1.96715311	-8016.90946975	8178.51256801	0.01067162
0.99000000	-1.96704379	-8098.69459599	8178.51267898	0.01119288
1.00000000	-1.96692922	-8180.47972335	8178.51279413	0.01172337
1.01000000	-1.96680930	-8262.26485188	8178.51291345	0.01226223
1.02000000	-1.96668395	-8344.04998163	8178.51303694	0.01280852
1.03000000	-1.96655310	-8425.83511264	8178.51316459	0.01336127
1.04000000	-1.96641670	-8507.62024494	8178.51329638	0.01391946
1.05000000	-1.96627470	-8589.40537858	8178.51343226	0.01448208
1.06000000	-1.96612705	-8671.19051360	8178.51357221	0.01504804
1.07000000	-1.96597373	-8752.97565003	8178.51371617	0.01561627
1.08000000	-1.96581472	-8834.76078793	8178.51386408	0.01618567
1.09000000	-1.96565002	-8916.54592733	8178.51401588	0.01675515
1.10000000	-1.96547962	-8998.33106826	8178.51417149	0.01732360
1.11000000	-1.96530355	-9080.11621077	8178.51433083	0.01788993
1.12000000	-1.96512184	-9161.90135489	8178.51449380	0.01845306
1.13000000	-1.96493451	-9243.68650066	8178.51466031	0.01901193
1.14000000	-1.96474161	-9325.47164811	8178.51483026	0.01956552
1.15000000	-1.96454322	-9407.25679728	8178.51500353	0.02011284
1.16000000	-1.96433938	-9489.04194819	8178.51518001	0.02065292
1.17000000	-1.96413019	-9570.82710089	8178.51535957	0.02118486
1.18000000	-1.96391571	-9652.61225539	8178.51554210	0.02170780
1.19000000	-1.96369606	-9734.39741174	8178.51572746	0.02222096
1.20000000	-1.96347133	-9816.18256995	8178.51591552	0.02272359
1.21000000	-1.96324163	-9897.96773006	8178.51610614	0.02321502
1.22000000	-1.96300707	-9979.75289208	8178.51629919	0.02369467
1.23000000	-1.96276778	-10061.53805605	8178.51649453	0.02416200
1.24000000	-1.96252387	-10143.32322198	8178.51669202	0.02461659
1.25000000	-1.96227549	-10225.10838989	8178.51689153	0.02505805
1.26000000	-1.96202276	-10306.89355982	8178.51709290	0.02548612
1.27000000	-1.96176581	-10388.67873176	8178.51729602	0.02590061
1.28000000	-1.96150479	-10470.46390574	8178.51750074	0.02630139
1.29000000	-1.96123983	-10552.24908178	8178.51770694	0.02668846
1.30000000	-1.96097107	-10634.03425988	8178.51791448	0.02706187
1.31000000	-1.96069864	-10715.81944007	8178.51812323	0.02742178
1.32000000	-1.96042267	-10797.60462235	8178.51833309	0.02776843
1.33000000	-1.96014331	-10879.38980674	8178.51854393	0.02810215
1.34000000	-1.95986067	-10961.17499323	8178.51875564	0.02842334
1.35000000	-1.95957488	-11042.96018185	8178.51896813	0.02873251
1.36000000	-1.95928606	-11124.74537260	8178.51918128	0.02903023
1.37000000	-1.95899431	-11206.53056548	8178.51939501	0.02931718
1.38000000	-1.95869975	-11288.31576050	8178.51960924	0.02959409
1.39000000	-1.95840246	-11370.10095767	8178.51982389	0.02986180
1.40000000	-1.95810254	-11451.88615698	8178.52003888	0.03012120
1.41000000	-1.95780006	-11533.67135844	8178.52025417	0.03037329
1.42000000	-1.95749510	-11615.45656206	8178.52046970	0.03061912
1.43000000	-1.95718770	-11697.24176784	8178.52068541	0.03085984
1.44000000	-1.95687791	-11779.02697577	8178.52090129	0.03109667
1.45000000	-1.95656577	-11860.81218587	8178.52111730	0.03133090
1.46000000	-1.95625130	-11942.59739812	8178.52133344	0.03156393
1.47000000	-1.95593449	-12024.38261253	8178.52154969	0.03179721
1.48000000	-1.95561535	-12106.16782911	8178.52176606	0.03203231
1.49000000	-1.95529384	-12187.95304786	8178.52198256	0.03227086
1.50000000	-1.95496991	-12269.73826877	8178.52219923	0.03251461
1.51000000	-1.95464352	-12351.52349184	8178.52241611	0.03276541
1.52000000	-1.95431458	-12433.30871709	8178.52263323	0.03302522
1.53000000	-1.95398298	-12515.09394451	8178.52285067	0.03329613
1.54000000	-1.95364861	-12596.87917410	8178.52306850	0.03358037
1.55000000	-1.95331132	-12678.66440588	8178.52328681	0.03388031
1.56000000	-1.95297094	-12760.44963984	8178.52350570	0.03419851
1.57000000	-1.95262728	-12842.23487600	8178.52372530	0.03453772
1.58000000	-1.95228011	-12924.02011435	8178.52394572	0.03490091
1.59000000	-1.95192917	-13005.80535491	8178.52416713	0.03529132
1.60000000	-1.95157418	-13087.59059770	8178.52438970	0.03571247
1.61000000	-1.95121481	-13169.37584271	8178.52461361	0.03616822
1.62000000	-1.95085069	-13251.16108997	8178.52483907	0.03666284
1.63000000	-1.95048140	-13332.94633950	8178.52506632	0.03720105
1.64000000	-1.95010650	-13414.73159131	8178.52529561	0.03778810
1.65000000	-1.94972546	-13496.51684542	8178.52552725	0.03842988
1.66000000	-1.94933770	-13578.30210186	8178.52576154	0.03913300
1.67000000	-1.94894257	-13660.08736066	8178.52599886	0.03990493
1.68000000	-1.94853934	-13741.87262185	8178.52623959	0.04075418
1.69000000	-1.94812720	-13823.65788546	8178.52648418	0.04169043
1.70000000	-1.94770521	-13905.44315155	8178.52673314	0.04272476
1.71000000	-1.94727233	-13987.22842014	8178.52698702	0.04386996
1.72000000	-1.94682739	-14069.01369131	8178.52724646	0.04514075
1.73000000	-1.94636904	-14150.79896509	8178.52751217	0.04655420
1.74000000	-1.94589577	-14232.58424157	8178.52778495	0.04813019
1.75000000	-1.94540582	-14314.36952082	8178.52806571	0.04989185
1.76000000	-1.94489722	-14396.15480292	8178.52835551	0.05186627
1.77000000	-1.94436768	-14477.94008796	8178.52865553	0.05408520
1.78000000	-1.94381458	-14559.72537607	8178.52896713	0.05658596
1.79000000	-1.94323488	-14641.51066735	8178.52929188	0.05941252
1.80000000	-1.94262507	-14723.29596195	8178.52963160	0.06261677
1.81000000	-1.94198108	-14805.08126004	8178.52998838	0.06626004
1.82000000	-1.94129816	-14886.86656179	8178.53036463	0.07041497
1.83000000	-1.94057079	-14968.65186741	8178.53076318	0.07516765
1.84000000	-1.93979248	-15050.43717714	8178.53118731	0.08062024
1.85000000	-1.93895565	-15132.22249125	8178.53164087	0.08689405
1.86000000	-1.93805138	-15214.00781007	8178.53212832	0.09413314
1.87000000	-1.93706920	-15295.79313395	8178.53265494	0.10250867
1.88000000	-1.93599675	-15377.57846332	8178.53322690	0.11222379
1.89000000	-1.93481946	-15459.36379866	8178.53385143	0.12351951
1.90000000	-1.93352015	-15541.14914055	8178.53453705	0.13668120
1.91000000	-1.93207850	-15622.93448964	8178.53529379	0.15204610
1.92000000	-1.93047056	-15704.71984670	8178.53613340	0.17001143
1.93000000	-1.92866806	-15786.50521263	8178.53706972	0.19104312
1.94000000	-1.92663768	-15868.29058847	8178.53811897	0.21568472
1.95000000	-1.92434024	-15950.07597545	8178.53930010	0.24456577
1.96000000	-1.92172983	-16031.86137499	8178.54063528	0.27840868
1.97000000	-1.91875281	-16113.64678875	8178.54215022	0.31803249
1.98000000	-1.91534688	-16195.43221869	8178.54387465	0.36435134
1.99000000	-1.91144014	-16277.21766706	8178.54584267	0.41836445
2.00000000	-1.90695040	-16359.00313648	8178.54809304	0.48113373
2.01000000	-1.90178466	-16440.78863000	8178.55066932	0.55374397
2.02000000	-1.89583922	-16522.57415111	8178.55361975	0.63724007
2.03000000	-1.88900050	-16604.35970382	8178.55699671	0.73253580
2.04000000	-1.88114693	-16686.14529266	8178.56085575	0.84028988
2.05000000	-1.87215229	-16767.93092273	8178.56525387	0.96074889
2.06000000	-1.86189068	-16849.71659972	8178.57024710	1.09356281
2.07000000	-1.85024355	-16931.50232983	8178.57588709	1.23758905
2.08000000	-1.83710845	-17013.28811976	8178.58221697	1.39071330
2.09000000	-1.82240952	-17095.07397657	8178.58926653	1.54972871
2.10000000	-1.80610850	-17176.85990753	8178.59704716	1.71032398
2.11000000	-1.78821527	-17258.64591991	8178.60554723	1.86722927
2.12000000	-1.76879585	-17340.43202075	8178.61472873	2.01455056
2.13000000	-1.74797627	-17422.21821654	8178.62452595	2.14628565
2.14000000	-1.72594046	-17504.00451302	8178.63484699	2.25696456
2.15000000	-1.70292163	-17585.79091485	8178.64557824	2.34230762
2.16000000	-1.67918748	-17667.57742552	8178.65659169	2.39976794
2.17000000	-1.65502114	-17749.36404718	8178.66775394	2.42883649
2.18000000	-1.63070050	-17831.15078067	8178.67893586	2.43103989
2.19000000	-1.60647916	-17912.93762558	8178.69002119	2.40963726
2.20000000	-1.58257161	-17994.72458044	8178.70091310	2.36909497
2.21000000	-1.55914423	-18076.51164294	8178.71153788	2.31446142
2.22000000	-1.53631253	-18158.29881014	8178.72184577	2.25076736
2.23000000	-1.51414388	-18240.08607871	8178.73180934	2.18254651
2.24000000	-1.49266416	-18321.87344515	8178.74142008	2.11352434
2.25000000	-1.47186670	-18403.66090595	8178.75068411	2.04647789
2.26000000	-1.45172182	-18485.44845773	8178.75961766	1.98323792
2.27000000	-1.43218589	-18567.23609728	8178.76824290	1.92479046
2.28000000	-1.41320899	-18649.02382164	8178.77658450	1.87143363
2.29000000	-1.39474092	-18730.81162811	8178.78466689	1.82295372
2.30000000	-1.37673549	-18812.59951419	8178.79251248	1.77879495
2.31000000	-1.35915311	-18894.38747763	8178.80014048	1.73820779
2.32000000	-1.34196218	-18976.17551633	8178.80756645	1.70036881
2.33000000	-1.32513928	-19057.96362833	8178.81480217	1.66447067
2.34000000	-1.30866874	-19139.75181177	8178.82185600	1.62978428
2.35000000	-1.29254161	-19221.54006486	8178.82873330	1.59569690
2.36000000	-1.27675441	-19303.32838585	8178.83543705	1.56173065
2.37000000	-1.26130774	-19385.11677302	8178.84196847	1.52754577
2.38000000	-1.24620493	-19466.90522465	8178.84832761	1.49293308
2.39000000	-1.23145083	-19548.69373900	8178.85451388	1.45779900
2.40000000	-1.21705069	-19630.48231435	8178.86052652	1.42214639
2.41000000	-1.20300937	-19712.27094895	8178.86636497	1.38605369
2.42000000	-1.18933064	-19794.05964107	8178.87202910	1.34965419
2.43000000	-1.17601675	-19875.84838895	8178.87751943	1.31311683
2.44000000	-1.16306814	-19957.63719088	8178.88283719	1.27662942
2.45000000	-1.15048335	-20039.42604513	8178.88798440	1.24038473
2.46000000	-1.13825901	-20121.21495001	8178.89296382	1.20456954
2.47000000	-1.12638995	-20203.00390386	8178.89777891	1.16935662
2.48000000	-1.11486936	-20284.79290505	8178.90243375	1.13489933
2.49000000	-1.10368901	-20366.58195201	8178.90693293	1.10132840
2.50000000	-1.09283948	-20448.37104321	8178.91128149	1.06875067
2.51000000	-1.08231040	-20530.16017716	8178.91548476	1.03724909
2.52000000	-1.07209071	-20611.94935244	8178.91954831	1.00688393
2.53000000	-1.06216880	-20693.73856768	8178.92347782	0.97769454
2.54000000	-1.05253282	-20775.52782157	8178.92727903	0.94970163
2.55000000	-1.04317077	-20857.31711285	8178.93095768	0.92290976
2.56000000	-1.03407065	-20939.10644033	8178.93451940	0.89730981
2.57000000	-1.02522066	-21020.89580287	8178.93796973	0.87288141
2.58000000	-1.01660922	-21102.68519937	8178.94131401	0.84959519
2.59000000	-1.00822507	-21184.47462881	8178.94455743	0.82741483
2.60000000	-1.00005737	-21266.26409020	8178.94770493	0.80629884
2.61000000	-0.99209570	-21348.05358260	8178.95076127	0.78620217
2.62000000	-0.98433009	-21429.84310514	8178.95373093	0.76707744
2.63000000	-0.97675107	-21511.63265695	8178.95661820	0.74887615
2.64000000	-0.96934965	-21593.42223724	8178.95942712	0.73154949
2.65000000	-0.96211733	-21675.21184524	8178.96216148	0.71504909
2.66000000	-0.95504607	-21757.00148023	8178.96482487	0.69932756
2.67000000	-0.94812833	-21838.79114151	8178.96742067	0.68433896
2.68000000	-0.94135700	-21920.58082843	8178.96995203	0.67003906
2.69000000	-0.93472540	-22002.37054035	8178.97242192	0.65638558
2.70000000	-0.92822727	-22084.16027667	8178.97483311	0.64333831
2.71000000	-0.92185674	-22165.95003683	8178.97718822	0.63085922
2.72000000	-0.91560831	-22247.73982026	8178.97948969	0.61891247
2.73000000	-0.90947683	-22329.52962645	8178.98173979	0.60746439
2.74000000	-0.90345746	-22411.31945489	8178.98394067	0.59648343
2.75000000	-0.89754570	-22493.10930510	8178.98609433	0.58594013
2.76000000	-0.89173729	-22574.89917663	8178.98820266	0.57580702
2.77000000	-0.88602828	-22656.68906901	8178.99026741	0.56605852
2.78000000	-0.88041492	-22738.47898183	8178.99229026	0.55667086
2.79000000	-0.87489373	-22820.26891468	8178.99427274	0.54762196
2.80000000	-0.86946142	-22902.05886716	8178.99621634	0.53889135
2.81000000	-0.86411491	-22983.84883888	8178.99812241	0.53046006
2.82000000	-0.85885128	-23065.63882949	8178.99999227	0.52231049
2.83000000	-0.85366781	-23147.42883861	8179.00182714	0.51442637
2.84000000	-0.84856192	-23229.21886592	8179.00362817	0.50679262
2.85000000	-0.84353117	-23311.00891107	8179.00539645	0.49939526
2.86000000	-0.83857327	-23392.79897374	8179.00713303	0.49222139
2.87000000	-0.83368604	-23474.58905363	8179.00883888	0.48525902
2.88000000	-0.82886742	-23556.37915042	8179.01051493	0.47849706
2.89000000	-0.82411546	-23638.16926383	8179.01216206	0.47192524
2.90000000	-0.81942831	-23719.95939357	8179.01378112	0.46553401
2.91000000	-0.81480421	-23801.74953936	8179.01537290	0.45931452
2.92000000	-0.81024148	-23883.53970094	8179.01693817	0.45325858
2.93000000	-0.80573852	-23965.32987804	8179.01847765	0.44735852
2.94000000	-0.80129381	-24047.12007041	8179.01999204	0.44160727
2.95000000	-0.79690590	-24128.91027780	8179.02148200	0.43599820
2.96000000	-0.79257339	-24210.70049997	8179.02294817	0.43052515
2.97000000	-0.78829496	-24292.49073668	8179.02439115	0.42518237
2.98000000	-0.78406933	-24374.28098771	8179.02581154	0.41996449
2.99000000	-0.77989527	-24456.07125284	8179.02720989	0.41486648
3.00000000	-0.77577162	-24537.86153184	8179.02858674	0.40988364
3.01000000	-0.77169723	-24619.65182450	8179.02994262	0.40501157
3.02000000	-0.76767103	-24701.44213062	8179.03127801	0.40024611
3.03000000	-0.76369197	-24783.23245000	8179.03259341	0.39558337
3.04000000	-0.75975903	-24865.02278243	8179.03388927	0.39101969
3.05000000	-0.75587126	-24946.81312772	8179.03516605	0.38655162
3.06000000	-0.75202769	-25028.60348569	8179.03642418	0.38217588
3.07000000	-0.74822744	-25110.39385614	8179.03766407	0.37788940
3.08000000	-0.74446962	-25192.18423891	8179.03888613	0.37368925
3.09000000	-0.74075338	-25273.97463381	8179.04009075	0.36957267
3.10000000	-0.73707789	-25355.76504067	8179.04127831	0.36553702
3.11000000	-0.73344237	-25437.55545932	8179.04244918	0.36157980
3.12000000	-0.72984604	-25519.34588960	8179.04360370	0.35769865
3.13000000	-0.72628816	-25601.13633134	8179.04474223	0.35389128
3.14000000	-0.72276798	-25682.92678439	8179.04586510	0.35015555
3.15000000	-0.71928481	-25764.71724859	8179.04697263	0.34648937
3.16000000	-0.71583797	-25846.50772379	8179.04806513	0.34289077
3.17000000	-0.71242678	-25928.29820984	8179.04914292	0.33935785
3.18000000	-0.70905060	-26010.08870660	8179.05020629	0.33588881
3.19000000	-0.70570880	-26091.87921392	8179.05125553	0.33248189
3.20000000	-0.70240076	-26173.66973167	8179.05229091	0.32913542
3.21000000	-0.69912589	-26255.46025969	8179.05331271	0.32584780
3.22000000	-0.69588361	-26337.25079788	8179.05432120	0.32261746
3.23000000	-0.69267336	-26419.04134608	8179.05531663	0.31944293
3.24000000	-0.68949457	-26500.83190417	8179.05629926	0.31632276
3.25000000	-0.68634672	-26582.62247202	8179.05726932	0.31325555
3.26000000	-0.68322929	-26664.41304951	8179.05822706	0.31023999
3.27000000	-0.68014176	-26746.20363652	8179.05917271	0.30727476
3.28000000	-0.67708363	-26827.99423293	8179.06010649	0.30435862
3.29000000	-0.67405442	-26909.78483861	8179.06102863	0.30149035
3.30000000	-0.67105367	-26991.57545346	8179.06193933	0.29866880
3.31000000	-0.66808090	-27073.36607736	8179.06283881	0.29589282
3.32000000	-0.66513566	-27155.15671020	8179.06372727	0.29316132
3.33000000	-0.66221753	-27236.94735187	8179.06460491	0.29047324
3.34000000	-0.65932606	-27318.73800226	8179.06547192	0.28782755
3.35000000	-0.65646084	-27400.52866127	8179.06632849	0.28522325
3.36000000	-0.65362146	-27482.31932880	8179.06717480	0.28265937
3.37000000	-0.65080752	-27564.11000474	8179.06801104	0.28013498
3.38000000	-0.64801863	-27645.90068899	8179.06883738	0.27764916
3.39000000	-0.64525441	-27727.69138145	8179.06965399	0.27520103
3.40000000	-0.64251449	-27809.48208203	8179.07046104	0.27278974
3.41000000	-0.63979849	-27891.27279064	8179.07125869	0.27041444
3.42000000	-0.63710608	-27973.06350718	8179.07204710	0.26807434
3.43000000	-0.63443689	-28054.85423155	8179.07282643	0.26576865
3.44000000	-0.63179059	-28136.64496368	8179.07359683	0.26349660
3.45000000	-0.62916685	-28218.43570346	8179.07435844	0.26125746
3.46000000	-0.62656534	-28300.22645082	8179.07511141	0.25905051
3.47000000	-0.62398574	-28382.01720566	8179.07585589	0.25687504
3.48000000	-0.62142773	-28463.80796791	8179.07659200	0.25473038
3.49000000	-0.61889103	-28545.59873747	8179.07731990	0.25261587
3.50000000	-0.61637532	-28627.38951428	8179.07803970	0.25053087
3.51000000	-0.61388031	-28709.18029824	8179.07875155	0.24847475
3.52000000	-0.61140573	-28790.97108928	8179.07945555	0.24644691
3.53000000	-0.60895128	-28872.76188732	8179.08015185	0.24444676
3.54000000	-0.60651670	-28954.55269229	8179.08084056	0.24247372
3.55000000	-0.60410172	-29036.34350411	8179.08152180	0.24052724
3.56000000	-0.60170607	-29118.13432270	8179.08219568	0.23860678
3.57000000	-0.59932950	-29199.92514800	8179.08286233	0.23671181
3.58000000	-0.59697175	-29281.71597993	8179.08352184	0.23484182
3.59000000	-0.59463258	-29363.50681841	8179.08417433	0.23299631
3.60000000	-0.59231175	-29445.29766339	8179.08481990	0.23117479
3.61000000	-0.59000901	-29527.08851479	8179.08545867	0.22937679
3.62000000	-0.58772413	-29608.87937254	8179.08609072	0.22760186
3.63000000	-0.58545689	-29690.67023658	8179.08671617	0.22584955
3.64000000	-0.58320707	-29772.46110684	8179.08733510	0.22411942
3.65000000	-0.58097443	-29854.25198326	8179.08794762	0.22241105
3.66000000	-0.57875878	-29936.04286577	8179.08855382	0.22072403
3.67000000	-0.57655988	-30017.83375432	8179.08915380	0.21905796
3.68000000	-0.57437755	-30099.62464883	8179.08974763	0.21741244
3.69000000	-0.57221157	-30181.41554925	8179.09033542	0.21578710
3.70000000	-0.57006174	-30263.20645552	8179.09091724	0.21418156
3.71000000	-0.56792787	-30344.99736758	8179.09149318	0.21259547
3.72000000	-0.56580977	-30426.78828536	8179.09206333	0.21102848
3.73000000	-0.56370724	-30508.57920882	8179.09262777	0.20948024
3.74000000	-0.56162010	-30590.37013790	8179.09318658	0.20795042
3.75000000	-0.55954817	-30672.16107254	8179.09373983	0.20643869
3.76000000	-0.55749127	-30753.95201268	8179.09428761	0.20494474
3.77000000	-0.55544922	-30835.74295827	8179.09482999	0.20346826
3.78000000	-0.55342185	-30917.53390926	8179.09536704	0.20200894
3.79000000	-0.55140898	-30999.32486559	8179.09589884	0.20056650
3.80000000	-0.54941046	-31081.11582722	8179.09642546	0.19914064
3.81000000	-0.54742611	-31162.90679409	8179.09694697	0.19773110
3.82000000	-0.54545578	-31244.69776614	8179.09746344	0.19633758
3.83000000	-0.54349931	-31326.48874334	8179.09797494	0.19495984
3.84000000	-0.54155654	-31408.27972562	8179.09848153	0.19359760
3.85000000	-0.53962731	-31490.07071295	8179.09898328	0.19225062
3.86000000	-0.53771147	-31571.86170527	8179.09948026	0.19091865
3.87000000	-0.53580889	-31653.65270254	8179.09997252	0.18960144
3.88000000	-0.53391940	-31735.44370471	8179.10046013	0.18829876
3.89000000	-0.53204286	-31817.23471173	8179.10094315	0.18701038
3.90000000	-0.53017914	-31899.02572356	8179.10142164	0.18573608
3.91000000	-0.52832810	-31980.81674015	8179.10189567	0.18447563
3.92000000	-0.52648958	-32062.60776146	8179.10236527	0.18322882
3.93000000	-0.52466347	-32144.39878744	8179.10283053	0.18199543
3.94000000	-0.52284963	-32226.18981805	8179.10329148	0.18077526
3.95000000	-0.52104793	-32307.98085325	8179.10374818	0.17956812
3.96000000	-0.51925823	-32389.77189300	8179.10420070	0.17837380
3.97000000	-0.51748041	-32471.56293725	8179.10464908	0.17719211
3.98000000	-0.51571434	-32553.35398597	8179.10509337	0.17602286
3.99000000	-0.51395991	-32635.14503911	8179.10553363	0.17486587
4.00000000	-0.51221698	-32716.93609663	8179.10596991	0.17372095
4.01000000	-0.51048545	-32798.72715849	8179.10640226	0.17258794
4.02000000	-0.50876519	-32880.51822466	8179.10683071	0.17146665
4.03000000	-0.50705608	-32962.30929509	8179.10725534	0.17035692
4.04000000	-0.50535801	-33044.10036976	8179.10767617	0.16925858
4.05000000	-0.50367087	-33125.89144861	8179.10809327	0.16817146
4.06000000	-0.50199454	-33207.68253161	8179.10850667	0.16709542
4.07000000	-0.50032893	-33289.47361873	8179.10891641	0.16603028
4.08000000	-0.49867390	-33371.26470992	8179.10932255	0.16497591
4.09000000	-0.49702937	-33453.05580517	8179.10972513	0.16393214
4.10000000	-0.49539523	-33534.84690442	8179.11012419	0.16289883
4.11000000	-0.49377136	-33616.63800764	8179.11051978	0.16187584
4.12000000	-0.49215767	-33698.42911480	8179.11091192	0.16086302
4.13000000	-0.49055407	-33780.22022587	8179.11130068	0.15986023
4.14000000	-0.48896044	-33862.01134080	8179.11168608	0.15886734
4.15000000	-0.48737669	-33943.80245958	8179.11206817	0.15788422
4.16000000	-0.48580272	-34025.59358215	8179.11244698	0.15691072
4.17000000	-0.48423844	-34107.38470850	8179.11282256	0.15594673
4.18000000	-0.48268375	-34189.17583859	8179.11319494	0.15499212
4.19000000	-0.48113857	-34270.96697239	8179.11356416	0.15404675
4.20000000	-0.47960279	-34352.75810987	8179.11393026	0.15311052
4.21000000	-0.47807633	-34434.54925099	8179.11429327	0.15218329
4.22000000	-0.47655909	-34516.34039572	8179.11465323	0.15126495
4.23000000	-0.47505100	-34598.13154404	8179.11501018	0.15035539
4.24000000	-0.47355196	-34679.92269592	8179.11536414	0.14945448
4.25000000	-0.47206188	-34761.71385132	8179.11571516	0.14856212
4.26000000	-0.47058069	-34843.50501021	8179.11606327	0.14767820
4.27000000	-0.46910829	-34925.29617257	8179.11640850	0.14680261
4.28000000	-0.46764461	-35007.08733837	8179.11675088	0.14593524
4.29000000	-0.46618956	-35088.87850758	8179.11709045	0.14507599
4.30000000	-0.46474306	-35170.66968017	8179.11742723	0.14422476
4.31000000	-0.46330504	-35252.46085611	8179.11776127	0.14338143
4.32000000	-0.46187541	-35334.25203539	8179.11809259	0.14254592
4.33000000	-0.46045409	-35416.04321796	8179.11842122	0.14171813
4.34000000	-0.45904102	-35497.83440380	8179.11874719	0.14089795
4.35000000	-0.45763611	-35579.62559289	8179.11907053	0.14008530
4.36000000	-0.45623929	-35661.41678520	8179.11939127	0.13928008
4.37000000	-0.45485048	-35743.20798071	8179.11970943	0.13848219
4.38000000	-0.45346962	-35824.99917938	8179.12002506	0.13769156
4.39000000	-0.45209663	-35906.79038120	8179.12033817	0.13690808
4.40000000	-0.45073143	-35988.58158614	8179.12064880	0.13613167
4.41000000	-0.44937397	-36070.37279417	8179.12095696	0.13536225
4.42000000	-0.44802417	-36152.16400527	8179.12126269	0.13459973
4.43000000	-0.44668195	-36233.95521942	8179.12156602	0.13384402
4.44000000	-0.44534726	-36315.74643658	8179.12186696	0.13309505
4.45000000	-0.44402003	-36397.53765675	8179.12216555	0.13235273
4.46000000	-0.44270019	-36479.32887989	8179.12246182	0.13161698
4.47000000	-0.44138767	-36561.12010598	8179.12275577	0.13088773
4.48000000	-0.44008241	-36642.91133499	8179.12304745	0.13016489
4.49000000	-0.43878435	-36724.70256692	8179.12333687	0.12944839
4.50000000	-0.43749342	-36806.49380172	8179.12362407	0.12873816
4.51000000	-0.43620957	-36888.28503939	8179.12390905	0.12803411
4.52000000	-0.43493272	-36970.07627990	8179.12419185	0.12733618
4.53000000	-0.43366282	-37051.86752322	8179.12447249	0.12664430
4.54000000	-0.43239981	-37133.65876934	8179.12475100	0.12595839
4.55000000	-0.43114363	-37215.45001823	8179.12502738	0.12527838
4.56000000	-0.42989423	-37297.24126988	8179.12530168	0.12460421
4.57000000	-0.42865153	-37379.03252426	8179.12557390	0.12393580
4.58000000	-0.42741549	-37460.82378135	8179.12584407	0.12327310
4.59000000	-0.42618605	-37542.61504114	8179.12611222	0.12261603
4.60000000	-0.42496315	-37624.40630359	8179.12637836	0.12196453
4.61000000	-0.42374674	-37706.19756870	8179.12664251	0.12131853
4.62000000	-0.42253676	-37787.98883643	8179.12690469	0.12067797
4.63000000	-0.42133316	-37869.78010678	8179.12716493	0.12004280
4.64000000	-0.42013589	-37951.57137973	8179.12742324	0.11941294
4.65000000	-0.41894489	-38033.36265524	8179.12767965	0.11878833
4.66000000	-0.41776011	-38115.15393331	8179.12793416	0.11816893
4.67000000	-0.41658149	-38196.94521392	8179.12818682	0.11755466
4.68000000	-0.41540900	-38278.73649704	8179.12843762	0.11694547
4.69000000	-0.41424257	-38360.52778266	8179.12868659	0.11634131
4.70000000	-0.41308215	-38442.31907077	8179.12893375	0.11574211
4.71000000	-0.41192771	-38524.11036133	8179.12917911	0.11514782
4.72000000	-0.41077918	-38605.90165434	8179.12942270	0.11455839
4.73000000	-0.40963652	-38687.69294978	8179.12966454	0.11397376
4.74000000	-0.40849969	-38769.48424763	8179.12990463	0.11339387
4.75000000	-0.40736863	-38851.27554787	8179.13014300	0.11281868
4.76000000	-0.40624330	-38933.06685048	8179.13037966	0.11224814
4.77000000	-0.40512365	-39014.85815546	8179.13061463	0.11168218
4.78000000	-0.40400964	-39096.64946277	8179.13084794	0.11112077
4.79000000	-0.40290122	-39178.44077241	8179.13107958	0.11056385
4.80000000	-0.40179835	-39260.23208436	8179.13130958	0.11001137
4.81000000	-0.40070098	-39342.02339860	8179.13153797	0.10946328
4.82000000	-0.39960907	-39423.81471511	8179.13176474	0.10891954
4.83000000	-0.39852257	-39505.60603389	8179.13198992	0.10838009
4.84000000	-0.39744145	-39587.39735490	8179.13221352	0.10784490
4.85000000	-0.39636566	-39669.18867815	8179.13243556	0.10731391
4.86000000	-0.39529516	-39750.98000361	8179.13265606	0.10678709
4.87000000	-0.39422991	-39832.77133127	8179.13287502	0.10626437
4.88000000	-0.39316986	-39914.56266111	8179.13309247	0.10574573
4.89000000	-0.39211498	-39996.35399311	8179.13330841	0.10523112
4.90000000	-0.39106522	-40078.14532727	8179.13352287	0.10472048
4.91000000	-0.39002056	-40159.93666356	8179.13373585	0.10421379
4.92000000	-0.38898094	-40241.72800198	8179.13394737	0.10371100
4.93000000	-0.38794632	-40323.51934251	8179.13415744	0.10321207
4.94000000	-0.38691668	-40405.31068512	8179.13436608	0.10271695
4.95000000	-0.38589197	-40487.10202982	8179.13457330	0.10222561
4.96000000	-0.38487216	-40568.89337659	8179.13477912	0.10173801
4.97000000	-0.38385720	-40650.68472540	8179.13498354	0.10125411
4.98000000	-0.38284706	-40732.47607625	8179.13518658	0.10077386
4.99000000	-0.38184171	-40814.26742913	8179.13538826	0.10029724
5.00000000	-0.38084111	-40896.05878401	8179.13558858	0.09982420
5.01000000	-0.37984521	-40977.85014089	8179.13578756	0.09935470
5.02000000	-0.37885400	-41059.64149976	8179.13598521	0.09888871
5.03000000	-0.37786743	-41141.43286059	8179.13618154	0.09842620
5.04000000	-0.37688546	-41223.22422339	8179.13637657	0.09796712
5.05000000	-0.37590807	-41305.01558812	8179.13657031	0.09751144
5.06000000	-0.37493522	-41386.80695479	8179.13676276	0.09705913
5.07000000	-0.37396688	-41468.59832337	8179.13695394	0.09661015
5.08000000	-0.37300301	-41550.38969386	8179.13714387	0.09616447
5.09000000	-0.37204358	-41632.18106625	8179.13733255	0.09572205
5.10000000	-0.37108856	-41713.97244051	8179.13751999	0.09528286
5.11000000	-0.37013791	-41795.76381664	8179.13770621	0.09484688
5.12000000	-0.36919161	-41877.55519463	8179.13789121	0.09441405
5.13000000	-0.36824962	-41959.34657446	8179.13807502	0.09398436
5.14000000	-0.36731191	-42041.13795613	8179.13825763	0.09355778
5.15000000	-0.36637846	-42122.92933961	8179.13843906	0.09313426
5.16000000	-0.36544922	-42204.72072490	8179.13861932	0.09271379
5.17000000	-0.36452417	-42286.51211199	8179.13879842	0.09229632
5.18000000	-0.36360328	-42368.30350087	8179.13897637	0.09188183
5.19000000	-0.36268652	-42450.09489152	8179.13915318	0.09147030
5.20000000	-0.36177387	-42531.88628393	8179.13932886	0.09106168
5.21000000	-0.36086528	-42613.67767809	8179.13950342	0.09065596
5.22000000	-0.35996074	-42695.46907399	8179.13967687	0.09025310
5.23000000	-0.35906021	-42777.26047162	8179.13984922	0.08985308
5.24000000	-0.35816367	-42859.05187097	8179.14002048	0.08945587
5.25000000	-0.35727108	-42940.84327203	8179.14019066	0.08906143
5.26000000	-0.35638243	-43022.63467478	8179.14035976	0.08866975
5.27000000	-0.35549768	-43104.42607922	8179.14052781	0.08828080
5.28000000	-0.35461680	-43186.21748534	8179.14069480	0.08789454
5.29000000	-0.35373978	-43268.00889311	8179.14086074	0.08751096
5.30000000	-0.35286658	-43349.80030255	8179.14102566	0.08713003
5.31000000	-0.35199717	-43431.59171362	8179.14118954	0.08675172
5.32000000	-0.35113153	-43513.38312633	8179.14135241	0.08637600
5.33000000	-0.35026964	-43595.17454067	8179.14151426	0.08600286
5.34000000	-0.34941147	-43676.96595662	8179.14167512	0.08563227
5.35000000	-0.34855699	-43758.75737417	8179.14183499	0.08526420
5.36000000	-0.34770617	-43840.54879331	8179.14199387	0.08489863
5.37000000	-0.34685901	-43922.34021404	8179.14215178	0.08453554
5.38000000	-0.34601546	-44004.13163635	8179.14230872	0.08417489
5.39000000	-0.34517550	-44085.92306021	8179.14246470	0.08381668
5.40000000	-0.34433911	-44167.71448564	8179.14261973	0.08346088
5.41000000	-0.34350627	-44249.50591260	8179.14277381	0.08310746
5.42000000	-0.34267696	-44331.29734111	8179.14292697	0.08275640
5.43000000	-0.34185114	-44413.08877114	8179.14307919	0.08240768
5.44000000	-0.34102880	-44494.88020269	8179.14323050	0.08206127
5.45000000	-0.34020991	-44576.67163575	8179.14338089	0.08171717
5.46000000	-0.33939444	-44658.46307030	8179.14353038	0.08137534
5.47000000	-0.33858239	-44740.25450635	8179.14367897	0.08103576
5.48000000	-0.33777372	-44822.04594388	8179.14382667	0.08069842
5.49000000	-0.33696842	-44903.83738288	8179.14397349	0.08036329
5.50000000	-0.33616645	-44985.62882335	8179.14411944	0.08003035
5.51000000	-0.33536780	-45067.42026527	8179.14426451	0.07969958
5.52000000	-0.33457245	-45149.21170864	8179.14440873	0.07937097
5.53000000	-0.33378037	-45231.00315344	8179.14455209	0.07904449
5.54000000	-0.33299155	-45312.79459967	8179.14469461	0.07872013
5.55000000	-0.33220596	-45394.58604733	8179.14483628	0.07839786
5.56000000	-0.33142359	-45476.37749640	8179.14497712	0.07807766
5.57000000	-0.33064440	-45558.16894687	8179.14511714	0.07775953
5.58000000	-0.32986839	-45639.96039874	8179.14525633	0.07744343
5.59000000	-0.32909553	-45721.75185199	8179.14539472	0.07712935
5.60000000	-0.32832580	-45803.54330663	8179.14553229	0.07681728
5.61000000	-0.32755918	-45885.33476264	8179.14566907	0.07650719
5.62000000	-0.32679565	-45967.12622001	8179.14580505	0.07619906
5.63000000	-0.32603519	-46048.91767873	8179.14594024	0.07589289
5.64000000	-0.32527778	-46130.70913881	8179.14607465	0.07558865
5.65000000	-0.32452341	-46212.50060022	8179.14620829	0.07528633
5.66000000	-0.32377205	-46294.29206297	8179.14634115	0.07498590
5.67000000	-0.32302369	-46376.08352705	8179.14647326	0.07468736
5.68000000	-0.32227830	-46457.87499244	8179.14660460	0.07439068
5.69000000	-0.32153587	-46539.66645913	8179.14673520	0.07409585
5.70000000	-0.32079637	-46621.45792714	8179.14686505	0.07380285
5.71000000	-0.32005980	-46703.24939643	8179.14699416	0.07351168
5.72000000	-0.31932613	-46785.04086702	8179.14712253	0.07322230
5.73000000	-0.31859535	-46866.83233888	8179.14725018	0.07293471
5.74000000	-0.31786743	-46948.62381202	8179.14737711	0.07264889
5.75000000	-0.31714237	-47030.41528642	8179.14750331	0.07236483
5.76000000	-0.31642013	-47112.20676208	8179.14762881	0.07208251
5.77000000	-0.31570071	-47193.99823900	8179.14775360	0.07180191
5.78000000	-0.31498409	-47275.78971715	8179.14787769	0.07152303
5.79000000	-0.31427025	-47357.58119655	8179.14800109	0.07124584
5.80000000	-0.31355917	-47439.37267717	8179.14812379	0.07097033
5.81000000	-0.31285083	-47521.16415902	8179.14824582	0.07069650
5.82000000	-0.31214523	-47602.95564209	8179.14836716	0.07042431
5.83000000	-0.31144234	-47684.74712636	8179.14848783	0.07015377
5.84000000	-0.31074215	-47766.53861184	8179.14860782	0.06988485
5.85000000	-0.31004464	-47848.33009852	8179.14872716	0.06961755
5.86000000	-0.30934979	-47930.12158638	8179.14884583	0.06935185
5.87000000	-0.30865760	-48011.91307543	8179.14896386	0.06908773
5.88000000	-0.30796803	-48093.70456566	8179.14908123	0.06882518
5.89000000	-0.30728109	-48175.49605705	8179.14919796	0.06856420
5.90000000	-0.30659674	-48257.28754961	8179.14931405	0.06830476
5.91000000	-0.30591499	-48339.07904333	8179.14942950	0.06804686
5.92000000	-0.30523580	-48420.87053820	8179.14954432	0.06779047
5.93000000	-0.30455917	-48502.66203422	8179.14965852	0.06753560
5.94000000	-0.30388508	-48584.45353137	8179.14977210	0.06728223
5.95000000	-0.30321352	-48666.24502966	8179.14988506	0.06703034
5.96000000	-0.30254447	-48748.03652907	8179.14999742	0.06677992
5.97000000	-0.30187792	-48829.82802960	8179.15010916	0.06653096
5.98000000	-0.30121385	-48911.61953125	8179.15022030	0.06628345
5.99000000	-0.30055225	-48993.41103401	8179.15033084	0.06603738
6.00000000	-0.29989310	-49075.20253786	8179.15044079	0.06579274
6.01000000	-0.29923639	-49156.99404282	8179.15055016	0.06554951
6.02000000	-0.29858210	-49238.78554887	8179.15065893	0.06530768
6.03000000	-0.29793023	-49320.57705600	8179.15076713	0.06506724
6.04000000	-0.29728075	-49402.36856421	8179.15087474	0.06482819
6.05000000	-0.29663366	-49484.16007349	8179.15098179	0.06459050
6.06000000	-0.29598894	-49565.95158384	8179.15108827	0.06435418
6.07000000	-0.29534657	-49647.74309525	8179.15119418	0.06411920
6.08000000	-0.29470655	-49729.53460772	8179.15129954	0.06388556
6.09000000	-0.29406886	-49811.32612124	8179.15140433	0.06365325
6.10000000	-0.29343348	-49893.11763581	8179.15150858	0.06342225
6.11000000	-0.29280041	-49974.90915141	8179.15161228	0.06319256
6.12000000	-0.29216962	-50056.70066805	8179.15171543	0.06296416
6.13000000	-0.29154112	-50138.49218572	8179.15181804	0.06273706
6.14000000	-0.29091488	-50220.28370441	8179.15192012	0.06251122
6.15000000	-0.29029089	-50302.07522412	8179.15202166	0.06228666
6.16000000	-0.28966914	-50383.86674484	8179.15212268	0.06206335
6.17000000	-0.28904962	-50465.65826657	8179.15222317	0.06184128
6.18000000	-0.28843231	-50547.44978930	8179.15232314	0.06162046
6.19000000	-0.28781721	-50629.24131303	8179.15242259	0.06140086
6.20000000	-0.28720429	-50711.03283775	8179.15252153	0.06118247
6.21000000	-0.28659355	-50792.82436346	8179.15261995	0.06096530
6.22000000	-0.28598498	-50874.61589015	8179.15271787	0.06074933
6.23000000	-0.28537856	-50956.40741782	8179.15281529	0.06053455
6.24000000	-0.28477429	-51038.19894645	8179.15291221	0.06032094
6.25000000	-0.28417214	-51119.99047606	8179.15300863	0.06010852
6.26000000	-0.28357211	-51201.78200663	8179.15310455	0.05989725
6.27000000	-0.28297419	-51283.57353815	8179.15319999	0.05968714
6.28000000	-0.28237837	-51365.36507062	8179.15329495	0.05947817
6.29000000	-0.28178462	-51447.15660405	8179.15338942	0.05927035
6.30000000	-0.28119295	-51528.94813841	8179.15348341	0.05906365
6.31000000	-0.28060335	-51610.73967371	8179.15357692	0.05885807
6.32000000	-0.28001579	-51692.53120995	8179.15366996	0.05865360
6.33000000	-0.27943027	-51774.32274711	8179.15376253	0.05845024
6.34000000	-0.27884678	-51856.11428520	8179.15385464	0.05824798
6.35000000	-0.27826531	-51937.90582420	8179.15394628	0.05804680
6.36000000	-0.27768584	-52019.69736412	8179.15403747	0.05784670
6.37000000	-0.27710837	-52101.48890495	8179.15412819	0.05764767
6.38000000	-0.27653288	-52183.28044668	8179.15421846	0.05744970
6.39000000	-0.27595937	-52265.07198932	8179.15430829	0.05725280
6.40000000	-0.27538783	-52346.86353285	8179.15439766	0.05705694
6.41000000	-0.27481823	-52428.65507727	8179.15448659	0.05686212
6.42000000	-0.27425058	-52510.44662258	8179.15457508	0.05666833
6.43000000	-0.27368486	-52592.23816877	8179.15466313	0.05647557
6.44000000	-0.27312106	-52674.02971584	8179.15475074	0.05628382
6.45000000	-0.27255918	-52755.82126378	8179.15483792	0.05609309
6.46000000	-0.27199920	-52837.61281259	8179.15492467	0.05590336
6.47000000	-0.27144111	-52919.40436227	8179.15501100	0.05571463
6.48000000	-0.27088490	-53001.19591281	8179.15509690	0.05552688
6.49000000	-0.27033057	-53082.98746421	8179.15518238	0.05534012
6.50000000	-0.26977810	-53164.77901646	8179.15526744	0.05515433
6.51000000	-0.26922748	-53246.57056956	8179.15535209	0.05496951
6.52000000	-0.26867870	-53328.36212350	8179.15543632	0.05478565
6.53000000	-0.26813176	-53410.15367828	8179.15552014	0.05460274
6.54000000	-0.26758665	-53491.94523390	8179.15560356	0.05442078
6.55000000	-0.26704334	-53573.73679035	8179.15568657	0.05423976
6.56000000	-0.26650185	-53655.52834763	8179.15576917	0.05405968
6.57000000	-0.26596215	-53737.31990573	8179.15585138	0.05388052
6.58000000	-0.26542424	-53819.11146466	8179.15593320	0.05370228
6.59000000	-0.26488810	-53900.90302440	8179.15601461	0.05352496
6.60000000	-0.26435373	-53982.69458495	8179.15609564	0.05334854
6.61000000	-0.26382113	-54064.48614631	8179.15617628	0.05317303
6.62000000	-0.26329027	-54146.27770847	8179.15625653	0.05299841
6.63000000	-0.26276115	-54228.06927144	8179.15633639	0.05282468
6.64000000	-0.26223377	-54309.86083520	8179.15641588	0.05265183
6.65000000	-0.26170812	-54391.65239975	8179.15649498	0.05247986
6.66000000	-0.26118417	-54473.44396510	8179.15657371	0.05230876
6.67000000	-0.26066194	-54555.23553123	8179.15665207	0.05213852
6.68000000	-0.26014140	-54637.02709814	8179.15673005	0.05196914
6.69000000	-0.25962255	-54718.81866583	8179.15680766	0.05180062
6.70000000	-0.25910538	-54800.61023429	8179.15688491	0.05163294
6.71000000	-0.25858989	-54882.40180352	8179.15696179	0.05146610
6.72000000	-0.25807606	-54964.19337352	8179.15703831	0.05130010
6.73000000	-0.25756388	-55045.98494429	8179.15711447	0.05113493
6.74000000	-0.25705336	-55127.77651581	8179.15719028	0.05097058
6.75000000	-0.25654447	-55209.56808809	8179.15726572	0.05080704
6.76000000	-0.25603721	-55291.35966113	8179.15734082	0.05064433
6.77000000	-0.25553158	-55373.15123491	8179.15741556	0.05048241
6.78000000	-0.25502756	-55454.94280944	8179.15748995	0.05032130
6.79000000	-0.25452515	-55536.73438471	8179.15756400	0.05016099
6.80000000	-0.25402434	-55618.52596072	8179.15763770	0.05000147
6.81000000	-0.25352512	-55700.31753746	8179.15771106	0.04984273
6.82000000	-0.25302748	-55782.10911494	8179.15778408	0.04968477
6.83000000	-0.25253142	-55863.90069314	8179.15785677	0.04952759
6.84000000	-0.25203693	-55945.69227207	8179.15792911	0.04937117
6.85000000	-0.25154400	-56027.48385172	8179.15800113	0.04921552
6.86000000	-0.25105262	-56109.27543209	8179.15807281	0.04906063
6.87000000	-0.25056278	-56191.06701318	8179.15814416	0.04890650
6.88000000	-0.25007448	-56272.85859497	8179.15821519	0.04875311
6.89000000	-0.24958772	-56354.65017748	8179.15828589	0.04860047
6.90000000	-0.24910247	-56436.44176069	8179.15835626	0.04844857
6.91000000	-0.24861874	-56518.23334460	8179.15842632	0.04829740
6.92000000	-0.24813652	-56600.02492922	8179.15849605	0.04814697
6.93000000	-0.24765580	-56681.81651452	8179.15856547	0.04799726
6.94000000	-0.24717657	-56763.60810052	8179.15863457	0.04784826
6.95000000	-0.24669883	-56845.39968721	8179.15870336	0.04769999
6.96000000	-0.24622257	-56927.19127459	8179.15877184	0.04755242
6.97000000	-0.24574778	-57008.98286265	8179.15884001	0.04740556
6.98000000	-0.24527446	-57090.77445139	8179.15890787	0.04725940
6.99000000	-0.24480259	-57172.56604081	8179.15897542	0.04711394
7.00000000	-0.24433218	-57254.35763090	8179.15904267	0.04696918
7.01000000	-0.24386321	-57336.14922166	8179.15910962	0.04682510
7.02000000	-0.24339567	-57417.94081309	8179.15917627	0.04668170
7.03000000	-0.24292957	-57499.73240518	8179.15924262	0.04653898
7.04000000	-0.24246489	-57581.52399794	8179.15930867	0.04639694
7.05000000	-0.24200163	-57663.31559135	8179.15937443	0.04625557
7.06000000	-0.24153978	-57745.10718543	8179.15943989	0.04611486
7.07000000	-0.24107933	-57826.89878015	8179.15950507	0.04597481
7.08000000	-0.24062028	-57908.69037553	8179.15956995	0.04583543
7.09000000	-0.24016262	-57990.48197155	8179.15963455	0.04569669
7.10000000	-0.23970634	-58072.27356822	8179.15969886	0.04555861
7.11000000	-0.23925144	-58154.06516553	8179.15976288	0.04542117
7.12000000	-0.23879792	-58235.85676347	8179.15982662	0.04528437
7.13000000	-0.23834576	-58317.64836206	8179.15989008	0.04514821
7.14000000	-0.23789495	-58399.43996127	8179.15995327	0.04501268
7.15000000	-0.23744550	-58481.23156112	8179.16001617	0.04487778
7.16000000	-0.23699739	-58563.02316160	8179.16007880	0.04474351
7.17000000	-0.23655063	-58644.81476270	8179.16014115	0.04460985
7.18000000	-0.23610519	-58726.60636442	8179.16020323	0.04447682
7.19000000	-0.23566109	-58808.39796676	8179.16026504	0.04434439
7.20000000	-0.23521830	-58890.18956972	8179.16032659	0.04421258
7.21000000	-0.23477684	-58971.98117329	8179.16038786	0.04408137
7.22000000	-0.23433668	-59053.77277748	8179.16044886	0.04395076
7.23000000	-0.23389782	-59135.56438227	8179.16050961	0.04382075
7.24000000	-0.23346026	-59217.35598767	8179.16057008	0.04369134
7.25000000	-0.23302399	-59299.14759367	8179.16063030	0.04356251
7.26000000	-0.23258901	-59380.93920027	8179.16069026	0.04343427
7.27000000	-0.23215530	-59462.73080747	8179.16074995	0.04330662
7.28000000	-0.23172287	-59544.52241527	8179.16080940	0.04317954
7.29000000	-0.23129171	-59626.31402366	8179.16086858	0.04305304
7.30000000	-0.23086181	-59708.10563264	8179.16092751	0.04292712
7.31000000	-0.23043317	-59789.89724221	8179.16098619	0.04280176
7.32000000	-0.23000577	-59871.68885236	8179.16104462	0.04267697
7.33000000	-0.22957962	-59953.48046310	8179.16110279	0.04255274
7.34000000	-0.22915472	-60035.27207442	8179.16116072	0.04242907
7.35000000	-0.22873104	-60117.06368631	8179.16121840	0.04230595
7.36000000	-0.22830859	-60198.85529879	8179.16127584	0.04218338
7.37000000	-0.22788737	-60280.64691183	8179.16133303	0.04206137
7.38000000	-0.22746737	-60362.43852545	8179.16138998	0.04193990
7.39000000	-0.22704857	-60444.23013963	8179.16144669	0.04181897
7.40000000	-0.22663098	-60526.02175438	8179.16150316	0.04169858
7.41000000	-0.22621460	-60607.81336969	8179.16155939	0.04157872
7.42000000	-0.22579941	-60689.60498557	8179.16161539	0.04145940
7.43000000	-0.22538541	-60771.39660200	8179.16167114	0.04134060
7.44000000	-0.22497259	-60853.18821899	8179.16172667	0.04122233
7.45000000	-0.22456096	-60934.97983653	8179.16178196	0.04110458
7.46000000	-0.22415050	-61016.77145463	8179.16183701	0.04098736
7.47000000	-0.22374121	-61098.56307327	8179.16189184	0.04087064
7.48000000	-0.22333309	-61180.35469246	8179.16194644	0.04075445
7.49000000	-0.22292612	-61262.14631220	8179.16200081	0.04063876
7.50000000	-0.22252031	-61343.93793248	8179.16205496	0.04052357
7.51000000	-0.22211565	-61425.72955330	8179.16210887	0.04040890
7.52000000	-0.22171213	-61507.52117465	8179.16216257	0.04029472
7.53000000	-0.22130975	-61589.31279655	8179.16221604	0.04018104
7.54000000	-0.22090851	-61671.10441897	8179.16226929	0.04006786
7.55000000	-0.22050839	-61752.89604193	8179.16232232	0.03995516
7.56000000	-0.22010940	-61834.68766542	8179.16237513	0.03984296
7.57000000	-0.21971153	-61916.47928944	8179.16242773	0.03973124
7.58000000	-0.21931478	-61998.27091397	8179.16248011	0.03962001
7.59000000	-0.21891913	-62080.06253904	8179.16253227	0.03950926
7.60000000	-0.21852459	-62161.85416462	8179.16258421	0.03939898
7.61000000	-0.21813115	-62243.64579072	8179.16263595	0.03928918
7.62000000	-0.21773880	-62325.43741734	8179.16268747	0.03917986
7.63000000	-0.21734755	-62407.22904447	8179.16273878	0.03907100
7.64000000	-0.21695738	-62489.02067211	8179.16278989	0.03896261
7.65000000	-0.21656830	-62570.81230027	8179.16284078	0.03885468
7.66000000	-0.21618029	-62652.60392893	8179.16289147	0.03874721
7.67000000	-0.21579335	-62734.39555809	8179.16294195	0.03864020
7.68000000	-0.21540748	-62816.18718777	8179.16299222	0.03853365
7.69000000	-0.21502268	-62897.97881794	8179.16304230	0.03842755
7.70000000	-0.21463893	-62979.77044861	8179.16309217	0.03832190
7.71000000	-0.21425624	-63061.56207978	8179.16314183	0.03821670
7.72000000	-0.21387459	-63143.35371145	8179.16319130	0.03811195
7.73000000	-0.21349400	-63225.14534361	8179.16324057	0.03800764
7.74000000	-0.21311444	-63306.93697626	8179.16328964	0.03790376
7.75000000	-0.21273592	-63388.72860940	8179.16333851	0.03780033
7.76000000	-0.21235843	-63470.52024303	8179.16338719	0.03769733
7.77000000	-0.21198197	-63552.31187714	8179.16343567	0.03759477
7.78000000	-0.21160653	-63634.10351174	8179.16348396	0.03749263
7.79000000	-0.21123212	-63715.89514682	8179.16353205	0.03739092
7.80000000	-0.21085871	-63797.68678238	8179.16357996	0.03728964
7.81000000	-0.21048632	-63879.47841842	8179.16362767	0.03718878
7.82000000	-0.21011494	-63961.27005493	8179.16367519	0.03708834
7.83000000	-0.20974455	-64043.06169192	8179.16372252	0.03698832
7.84000000	-0.20937517	-64124.85332938	8179.16376967	0.03688872
7.85000000	-0.20900678	-64206.64496731	8179.16381663	0.03678953
7.86000000	-0.20863938	-64288.43660571	8179.16386340	0.03669075
7.87000000	-0.20827296	-64370.22824458	8179.16390999	0.03659238
7.88000000	-0.20790753	-64452.01988391	8179.16395639	0.03649441
7.89000000	-0.20754307	-64533.81152371	8179.16400262	0.03639685
7.90000000	-0.20717959	-64615.60316397	8179.16404866	0.03629969
7.91000000	-0.20681708	-64697.39480468	8179.16409451	0.03620293
7.92000000	-0.20645553	-64779.18644586	8179.16414019	0.03610657
7.93000000	-0.20609495	-64860.97808749	8179.16418569	0.03601061
7.94000000	-0.20573532	-64942.76972957	8179.16423101	0.03591504
7.95000000	-0.20537664	-65024.56137210	8179.16427616	0.03581985
7.96000000	-0.20501892	-65106.35301509	8179.16432113	0.03572506
7.97000000	-0.20466214	-65188.14465853	8179.16436592	0.03563066
7.98000000	-0.20430630	-65269.93630241	8179.16441054	0.03553663
7.99000000	-0.20395141	-65351.72794674	8179.16445499	0.03544299
8.00000000	-0.20359744	-65433.51959151	8179.16449926	0.03534973
