T	Ut	Ft	St	Ct
0.01000000	-2.00000000	-2.00003906	0.00390625	0.00000000
0.02000000	-2.00000000	-2.00007812	0.00390625	0.00000000
0.03000000	-2.00000000	-2.00011719	0.00390625	0.00000000
0.04000000	-2.00000000	-2.00015625	0.00390625	0.00000000
0.05000000	-2.00000000	-2.00019531	0.00390625	0.00000000
0.06000000	-2.00000000	-2.00023437	0.00390625	0.00000000
0.07000000	-2.00000000	-2.00027344	0.00390625	0.00000000
0.08000000	-2.00000000	-2.00031250	0.00390625	0.00000000
0.09000000	-2.00000000	-2.00035156	0.00390625	0.00000000
0.10000000	-2.00000000	-2.00039062	0.00390625	0.00000000
0.11000000	-2.00000000	-2.00042969	0.00390625	0.00000000
0.12000000	-2.00000000	-2.00046875	0.00390625	0.00000000
0.13000000	-2.00000000	-2.00050781	0.00390625	-0.00000000
0.14000000	-2.00000000	-2.00054687	0.00390625	0.00000000
0.15000000	-2.00000000	-2.00058594	0.00390625	0.00000000
0.16000000	-2.00000000	-2.00062500	0.00390625	0.00000000
0.17000000	-2.00000000	-2.00066406	0.00390625	0.00000000
0.18000000	-2.00000000	-2.00070313	0.00390625	0.00000000
0.19000000	-2.00000000	-2.00074219	0.00390625	0.00000000
0.20000000	-2.00000000	-2.00078125	0.00390625	0.00000000
0.21000000	-2.00000000	-2.00082031	0.00390625	0.00000001
0.22000000	-2.00000000	-2.00085938	0.00390625	0.00000002
0.23000000	-2.00000000	-2.00089844	0.00390625	0.00000003
0.24000000	-2.00000000	-2.00093750	0.00390625	0.00000006
0.25000000	-2.00000000	-2.00097656	0.00390626	0.00000011
0.26000000	-2.00000000	-2.00101563	0.00390626	0.00000019
0.27000000	-1.99999999	-2.00105469	0.00390627	0.00000032
0.28000000	-1.99999999	-2.00109375	0.00390629	0.00000050
0.29000000	-1.99999998	-2.00113281	0.00390631	0.00000076
0.30000000	-1.99999997	-2.00117188	0.00390634	0.00000112
0.31000000	-1.99999996	-2.00121094	0.00390639	0.00000162
0.32000000	-1.99999994	-2.00125000	0.00390645	0.00000227
0.33000000	-1.99999991	-2.00128907	0.00390653	0.00000312
0.34000000	-1.99999988	-2.00132814	0.00390664	0.00000420
0.35000000	-1.99999983	-2.00136720	0.00390678	0.00000555
0.36000000	-1.99999977	-2.00140627	0.00390696	0.00000721
0.37000000	-1.99999968	-2.00144534	0.00390718	0.00000921
0.38000000	-1.99999958	-2.00148441	0.00390746	0.00001161
0.39000000	-1.99999945	-2.00152349	0.00390779	0.00001444
0.40000000	-1.99999929	-2.00156257	0.00390820	0.00001774
0.41000000	-1.99999909	-2.00160166	0.00390868	0.00002154
0.42000000	-1.99999886	-2.00164074	0.00390925	0.00002590
0.43000000	-1.99999857	-2.00167984	0.00390992	0.00003084
0.44000000	-1.99999824	-2.00171894	0.00391069	0.00003639
0.45000000	-1.99999784	-2.00175805	0.00391158	0.00004258
0.46000000	-1.99999739	-2.00179718	0.00391259	0.00004944
0.47000000	-1.99999685	-2.00183631	0.00391373	0.00005698
0.48000000	-1.99999624	-2.00187545	0.00391502	0.00006524
0.49000000	-1.99999555	-2.00191461	0.00391645	0.00007421
0.50000000	-1.99999476	-2.00195378	0.00391805	0.00008392
0.51000000	-1.99999387	-2.00199297	0.00391981	0.00009437
0.52000000	-1.99999287	-2.00203218	0.00392175	0.00010557
0.53000000	-1.99999175	-2.00207141	0.00392387	0.00011751
0.54000000	-1.99999051	-2.00211066	0.00392619	0.00013020
0.55000000	-1.99998915	-2.00214993	0.00392870	0.00014363
0.56000000	-1.99998764	-2.00218923	0.00393141	0.00015779
0.57000000	-1.99998599	-2.00222856	0.00393434	0.00017267
0.58000000	-1.99998418	-2.00226792	0.00393747	0.00018826
0.59000000	-1.99998222	-2.00230731	0.00394083	0.00020455
0.60000000	-1.99998009	-2.00234673	0.00394441	0.00022151
0.61000000	-1.99997779	-2.00238620	0.00394821	0.00023912
0.62000000	-1.99997531	-2.00242570	0.00395225	0.00025737
0.63000000	-1.99997264	-2.00246524	0.00395652	0.00027624
0.64000000	-1.99996978	-2.00250483	0.00396102	0.00029570
0.65000000	-1.99996672	-2.00254446	0.00396576	0.00031573
0.66000000	-1.99996346	-2.00258415	0.00397073	0.00033630
0.67000000	-1.99995999	-2.00262388	0.00397595	0.00035739
0.68000000	-1.99995631	-2.00266367	0.00398140	0.00037897
0.69000000	-1.99995241	-2.00270351	0.00398710	0.00040102
0.70000000	-1.99994829	-2.00274341	0.00399303	0.00042350
0.71000000	-1.99994394	-2.00278337	0.00399920	0.00044641
0.72000000	-1.99993936	-2.00282339	0.00400560	0.00046969
0.73000000	-1.99993455	-2.00286348	0.00401224	0.00049334
0.74000000	-1.99992949	-2.00290364	0.00401912	0.00051733
0.75000000	-1.99992420	-2.00294387	0.00402622	0.00054162
0.76000000	-1.99991866	-2.00298416	0.00403356	0.00056620
0.77000000	-1.99991287	-2.00302454	0.00404112	0.00059104
0.78000000	-1.99990684	-2.00306499	0.00404891	0.00061612
0.79000000	-1.99990055	-2.00310552	0.00405692	0.00064140
0.80000000	-1.99989401	-2.00314613	0.00406515	0.00066688
0.81000000	-1.99988721	-2.00318682	0.00407359	0.00069252
0.82000000	-1.99988016	-2.00322760	0.00408224	0.00071831
0.83000000	-1.99987285	-2.00326847	0.00409111	0.00074422
0.84000000	-1.99986527	-2.00330942	0.00410018	0.00077024
0.85000000	-1.99985744	-2.00335047	0.00410945	0.00079634
0.86000000	-1.99984935	-2.00339161	0.00411891	0.00082251
0.87000000	-1.99984099	-2.00343285	0.00412857	0.00084872
0.88000000	-1.99983237	-2.00347418	0.00413842	0.00087496
0.89000000	-1.99982349	-2.00351562	0.00414846	0.00090122
0.90000000	-1.99981435	-2.00355715	0.00415867	0.00092747
0.91000000	-1.99980494	-2.00359879	0.00416907	0.00095371
0.92000000	-1.99979527	-2.00364054	0.00417963	0.00097991
0.93000000	-1.99978534	-2.00368239	0.00419037	0.00100606
0.94000000	-1.99977515	-2.00372434	0.00420127	0.00103216
0.95000000	-1.99976470	-2.00376641	0.00421233	0.00105818
0.96000000	-1.99975399	-2.00380859	0.00422354	0.00108412
0.97000000	-1.99974302	-2.00385088	0.00423491	0.00110996
0.98000000	-1.99973179	-2.00389329	0.00424643	0.00113570
0.99000000	-1.99972031	-2.00393581	0.00425809	0.00116132
1.00000000	-1.99970856	-2.00397845	0.00426989	0.00118681
1.01000000	-1.99969657	-2.00402121	0.00428182	0.00121217
1.02000000	-1.99968432	-2.00406409	0.00429389	0.00123738
1.03000000	-1.99967182	-2.00410709	0.00430608	0.00126245
1.04000000	-1.99965907	-2.00415021	0.00431840	0.00128735
1.05000000	-1.99964608	-2.00419346	0.00433084	0.00131209
1.06000000	-1.99963283	-2.00423683	0.00434339	0.00133665
1.07000000	-1.99961934	-2.00428032	0.00435606	0.00136104
1.08000000	-1.99960561	-2.00432395	0.00436883	0.00138524
1.09000000	-1.99959164	-2.00436770	0.00438171	0.00140925
1.10000000	-1.99957743	-2.00441158	0.00439469	0.00143307
1.11000000	-1.99956298	-2.00445560	0.00440776	0.00145669
1.12000000	-1.99954829	-2.00449974	0.00442093	0.00148010
1.13000000	-1.99953338	-2.00454401	0.00443419	0.00150331
1.14000000	-1.99951823	-2.00458842	0.00444754	0.00152631
1.15000000	-1.99950285	-2.00463297	0.00446097	0.00154910
1.16000000	-1.99948725	-2.00467764	0.00447448	0.00157167
1.17000000	-1.99947142	-2.00472246	0.00448807	0.00159402
1.18000000	-1.99945537	-2.00476740	0.00450173	0.00161615
1.19000000	-1.99943910	-2.00481249	0.00451546	0.00163806
1.20000000	-1.99942261	-2.00485771	0.00452926	0.00165974
1.21000000	-1.99940590	-2.00490308	0.00454312	0.00168120
1.22000000	-1.99938898	-2.00494858	0.00455704	0.00170243
1.23000000	-1.99937185	-2.00499422	0.00457103	0.00172343
1.24000000	-1.99935452	-2.00504000	0.00458507	0.00174420
1.25000000	-1.99933697	-2.00508592	0.00459916	0.00176474
1.26000000	-1.99931922	-2.00513198	0.00461330	0.00178505
1.27000000	-1.99930127	-2.00517818	0.00462749	0.00180512
1.28000000	-1.99928312	-2.00522453	0.00464173	0.00182497
1.29000000	-1.99926477	-2.00527102	0.00465600	0.00184459
1.30000000	-1.99924623	-2.00531765	0.00467032	0.00186397
1.31000000	-1.99922749	-2.00536443	0.00468468	0.00188312
1.32000000	-1.99920857	-2.00541134	0.00469907	0.00190204
1.33000000	-1.99918945	-2.00545841	0.00471350	0.00192073
1.34000000	-1.99917015	-2.00550561	0.00472796	0.00193919
1.35000000	-1.99915067	-2.00555297	0.00474244	0.00195742
1.36000000	-1.99913101	-2.00560046	0.00475695	0.00197543
1.37000000	-1.99911116	-2.00564811	0.00477149	0.00199320
1.38000000	-1.99909114	-2.00569589	0.00478605	0.00201075
1.39000000	-1.99907095	-2.00574383	0.00480063	0.00202807
1.40000000	-1.99905058	-2.00579191	0.00481523	0.00204517
1.41000000	-1.99903005	-2.00584013	0.00482985	0.00206205
1.42000000	-1.99900934	-2.00588850	0.00484448	0.00207870
1.43000000	-1.99898847	-2.00593702	0.00485912	0.00209513
1.44000000	-1.99896744	-2.00598569	0.00487378	0.00211135
1.45000000	-1.99894625	-2.00603450	0.00488845	0.00212734
1.46000000	-1.99892489	-2.00608345	0.00490312	0.00214312
1.47000000	-1.99890339	-2.00613256	0.00491781	0.00215868
1.48000000	-1.99888172	-2.00618181	0.00493249	0.00217403
1.49000000	-1.99885991	-2.00623121	0.00494718	0.00218917
1.50000000	-1.99883794	-2.00628075	0.00496188	0.00220410
1.51000000	-1.99881582	-2.00633045	0.00497657	0.00221882
1.52000000	-1.99879356	-2.00638029	0.00499127	0.00223334
1.53000000	-1.99877116	-2.00643027	0.00500596	0.00224765
1.54000000	-1.99874861	-2.00648040	0.00502065	0.00226176
1.55000000	-1.99872592	-2.00653068	0.00503533	0.00227566
1.56000000	-1.99870310	-2.00658111	0.00505001	0.00228937
1.57000000	-1.99868014	-2.00663169	0.00506468	0.00230288
1.58000000	-1.99865704	-2.00668241	0.00507934	0.00231619
1.59000000	-1.99863381	-2.00673327	0.00509400	0.00232931
1.60000000	-1.99861046	-2.00678429	0.00510864	0.00234224
1.61000000	-1.99858697	-2.00683544	0.00512328	0.00235498
1.62000000	-1.99856336	-2.00688675	0.00513790	0.00236753
1.63000000	-1.99853962	-2.00693820	0.00515251	0.00237990
1.64000000	-1.99851576	-2.00698980	0.00516710	0.00239208
1.65000000	-1.99849178	-2.00704154	0.00518168	0.00240408
1.66000000	-1.99846768	-2.00709343	0.00519624	0.00241590
1.67000000	-1.99844346	-2.00714547	0.00521078	0.00242754
1.68000000	-1.99841913	-2.00719765	0.00522531	0.00243900
1.69000000	-1.99839468	-2.00724998	0.00523982	0.00245029
1.70000000	-1.99837012	-2.00730245	0.00525431	0.00246141
1.71000000	-1.99834545	-2.00735506	0.00526878	0.00247236
1.72000000	-1.99832068	-2.00740782	0.00528322	0.00248314
1.73000000	-1.99829579	-2.00746073	0.00529765	0.00249375
1.74000000	-1.99827080	-2.00751377	0.00531205	0.00250420
1.75000000	-1.99824571	-2.00756697	0.00532643	0.00251448
1.76000000	-1.99822051	-2.00762030	0.00534079	0.00252461
1.77000000	-1.99819522	-2.00767378	0.00535512	0.00253458
1.78000000	-1.99816982	-2.00772741	0.00536943	0.00254439
1.79000000	-1.99814433	-2.00778117	0.00538371	0.00255404
1.80000000	-1.99811874	-2.00783508	0.00539797	0.00256354
1.81000000	-1.99809306	-2.00788913	0.00541219	0.00257290
1.82000000	-1.99806728	-2.00794332	0.00542640	0.00258210
1.83000000	-1.99804142	-2.00799766	0.00544057	0.00259115
1.84000000	-1.99801546	-2.00805213	0.00545471	0.00260006
1.85000000	-1.99798942	-2.00810675	0.00546883	0.00260883
1.86000000	-1.99796329	-2.00816151	0.00548292	0.00261745
1.87000000	-1.99793707	-2.00821641	0.00549697	0.00262594
1.88000000	-1.99791077	-2.00827145	0.00551100	0.00263428
1.89000000	-1.99788438	-2.00832663	0.00552500	0.00264249
1.90000000	-1.99785792	-2.00838195	0.00553896	0.00265057
1.91000000	-1.99783137	-2.00843741	0.00555290	0.00265851
1.92000000	-1.99780475	-2.00849301	0.00556680	0.00266633
1.93000000	-1.99777805	-2.00854875	0.00558067	0.00267401
1.94000000	-1.99775127	-2.00860462	0.00559451	0.00268156
1.95000000	-1.99772442	-2.00866064	0.00560832	0.00268899
1.96000000	-1.99769749	-2.00871679	0.00562209	0.00269630
1.97000000	-1.99767049	-2.00877308	0.00563583	0.00270348
1.98000000	-1.99764342	-2.00882950	0.00564954	0.00271054
1.99000000	-1.99761628	-2.00888607	0.00566321	0.00271749
2.00000000	-1.99758907	-2.00894277	0.00567685	0.00272431
2.01000000	-1.99756179	-2.00899960	0.00569045	0.00273103
2.02000000	-1.99753445	-2.00905658	0.00570402	0.00273762
2.03000000	-1.99750704	-2.00911369	0.00571756	0.00274411
2.04000000	-1.99747957	-2.00917093	0.00573106	0.00275048
2.05000000	-1.99745203	-2.00922831	0.00574452	0.00275674
2.06000000	-1.99742443	-2.00928582	0.00575795	0.00276290
2.07000000	-1.99739677	-2.00934347	0.00577135	0.00276895
2.08000000	-1.99736906	-2.00940125	0.00578471	0.00277489
2.09000000	-1.99734128	-2.00945916	0.00579803	0.00278073
2.10000000	-1.99731344	-2.00951721	0.00581132	0.00278647
2.11000000	-1.99728555	-2.00957539	0.00582457	0.00279211
2.12000000	-1.99725760	-2.00963370	0.00583778	0.00279765
2.13000000	-1.99722959	-2.00969214	0.00585096	0.00280310
2.14000000	-1.99720154	-2.00975072	0.00586410	0.00280844
2.15000000	-1.99717343	-2.00980942	0.00587721	0.00281370
2.16000000	-1.99714526	-2.00986826	0.00589028	0.00281886
2.17000000	-1.99711705	-2.00992723	0.00590331	0.00282392
2.18000000	-1.99708879	-2.00998633	0.00591630	0.00282890
2.19000000	-1.99706047	-2.01004555	0.00592926	0.00283379
2.20000000	-1.99703211	-2.01010491	0.00594218	0.00283859
2.21000000	-1.99700370	-2.01016440	0.00595507	0.00284330
2.22000000	-1.99697524	-2.01022401	0.00596791	0.00284793
2.23000000	-1.99694674	-2.01028376	0.00598072	0.00285248
2.24000000	-1.99691819	-2.01034363	0.00599350	0.00285694
2.25000000	-1.99688960	-2.01040363	0.00600623	0.00286132
2.26000000	-1.99686097	-2.01046375	0.00601893	0.00286562
2.27000000	-1.99683229	-2.01052400	0.00603159	0.00286984
2.28000000	-1.99680357	-2.01058438	0.00604422	0.00287399
2.29000000	-1.99677481	-2.01064489	0.00605680	0.00287806
2.30000000	-1.99674601	-2.01070552	0.00606935	0.00288205
2.31000000	-1.99671717	-2.01076628	0.00608186	0.00288597
2.32000000	-1.99668829	-2.01082716	0.00609434	0.00288981
2.33000000	-1.99665937	-2.01088816	0.00610678	0.00289359
2.34000000	-1.99663042	-2.01094929	0.00611918	0.00289729
2.35000000	-1.99660143	-2.01101055	0.00613154	0.00290093
2.36000000	-1.99657240	-2.01107192	0.00614386	0.00290449
2.37000000	-1.99654334	-2.01113342	0.00615615	0.00290799
2.38000000	-1.99651424	-2.01119505	0.00616840	0.00291142
2.39000000	-1.99648511	-2.01125679	0.00618062	0.00291479
2.40000000	-1.99645595	-2.01131866	0.00619280	0.00291809
2.41000000	-1.99642675	-2.01138065	0.00620494	0.00292133
2.42000000	-1.99639752	-2.01144276	0.00621704	0.00292450
2.43000000	-1.99636826	-2.01150499	0.00622911	0.00292762
2.44000000	-1.99633897	-2.01156734	0.00624114	0.00293067
2.45000000	-1.99630965	-2.01162981	0.00625313	0.00293367
2.46000000	-1.99628030	-2.01169240	0.00626508	0.00293660
2.47000000	-1.99625092	-2.01175511	0.00627700	0.00293948
2.48000000	-1.99622151	-2.01181794	0.00628888	0.00294231
2.49000000	-1.99619207	-2.01188089	0.00630073	0.00294508
2.50000000	-1.99616260	-2.01194396	0.00631254	0.00294779
2.51000000	-1.99613311	-2.01200714	0.00632431	0.00295045
2.52000000	-1.99610360	-2.01207044	0.00633605	0.00295305
2.53000000	-1.99607405	-2.01213386	0.00634775	0.00295561
2.54000000	-1.99604448	-2.01219740	0.00635941	0.00295811
2.55000000	-1.99601489	-2.01226105	0.00637104	0.00296057
2.56000000	-1.99598527	-2.01232482	0.00638263	0.00296297
2.57000000	-1.99595563	-2.01238870	0.00639419	0.00296533
2.58000000	-1.99592597	-2.01245270	0.00640571	0.00296763
2.59000000	-1.99589628	-2.01251682	0.00641720	0.00296989
2.60000000	-1.99586657	-2.01258104	0.00642864	0.00297211
2.61000000	-1.99583684	-2.01264539	0.00644006	0.00297428
2.62000000	-1.99580708	-2.01270985	0.00645144	0.00297640
2.63000000	-1.99577731	-2.01277442	0.00646278	0.00297848
2.64000000	-1.99574751	-2.01283910	0.00647409	0.00298052
2.65000000	-1.99571770	-2.01290390	0.00648536	0.00298251
2.66000000	-1.99568786	-2.01296881	0.00649660	0.00298447
2.67000000	-1.99565801	-2.01303383	0.00650780	0.00298638
2.68000000	-1.99562814	-2.01309896	0.00651897	0.00298825
2.69000000	-1.99559824	-2.01316421	0.00653010	0.00299008
2.70000000	-1.99556833	-2.01322957	0.00654120	0.00299188
2.71000000	-1.99553841	-2.01329503	0.00655226	0.00299363
2.72000000	-1.99550846	-2.01336061	0.00656329	0.00299535
2.73000000	-1.99547850	-2.01342630	0.00657429	0.00299703
2.74000000	-1.99544852	-2.01349210	0.00658525	0.00299868
2.75000000	-1.99541853	-2.01355800	0.00659617	0.00300029
2.76000000	-1.99538852	-2.01362402	0.00660707	0.00300186
2.77000000	-1.99535849	-2.01369014	0.00661793	0.00300340
2.78000000	-1.99532845	-2.01375638	0.00662875	0.00300491
2.79000000	-1.99529839	-2.01382272	0.00663954	0.00300638
2.80000000	-1.99526832	-2.01388917	0.00665030	0.00300782
2.81000000	-1.99523824	-2.01395573	0.00666103	0.00300923
2.82000000	-1.99520814	-2.01402239	0.00667172	0.00301060
2.83000000	-1.99517802	-2.01408916	0.00668238	0.00301195
2.84000000	-1.99514790	-2.01415604	0.00669301	0.00301327
2.85000000	-1.99511776	-2.01422302	0.00670360	0.00301455
2.86000000	-1.99508761	-2.01429011	0.00671416	0.00301581
2.87000000	-1.99505744	-2.01435730	0.00672469	0.00301704
2.88000000	-1.99502727	-2.01442460	0.00673519	0.00301824
2.89000000	-1.99499708	-2.01449201	0.00674565	0.00301941
2.90000000	-1.99496688	-2.01455952	0.00675608	0.00302055
2.91000000	-1.99493667	-2.01462713	0.00676648	0.00302167
2.92000000	-1.99490644	-2.01469484	0.00677685	0.00302276
2.93000000	-1.99487621	-2.01476267	0.00678719	0.00302383
2.94000000	-1.99484597	-2.01483059	0.00679749	0.00302487
2.95000000	-1.99481571	-2.01489861	0.00680776	0.00302589
2.96000000	-1.99478545	-2.01496674	0.00681800	0.00302688
2.97000000	-1.99475518	-2.01503497	0.00682821	0.00302785
2.98000000	-1.99472489	-2.01510331	0.00683839	0.00302880
2.99000000	-1.99469460	-2.01517174	0.00684854	0.00302972
3.00000000	-1.99466430	-2.01524028	0.00685866	0.00303062
3.01000000	-1.99463399	-2.01530892	0.00686875	0.00303150
3.02000000	-1.99460367	-2.01537765	0.00687880	0.00303235
3.03000000	-1.99457334	-2.01544649	0.00688883	0.00303319
3.04000000	-1.99454301	-2.01551543	0.00689882	0.00303400
3.05000000	-1.99451266	-2.01558447	0.00690879	0.00303480
3.06000000	-1.99448231	-2.01565361	0.00691872	0.00303557
3.07000000	-1.99445195	-2.01572284	0.00692863	0.00303633
3.08000000	-1.99442158	-2.01579218	0.00693850	0.00303706
3.09000000	-1.99439121	-2.01586161	0.00694835	0.00303778
3.10000000	-1.99436083	-2.01593114	0.00695817	0.00303848
3.11000000	-1.99433044	-2.01600078	0.00696795	0.00303916
3.12000000	-1.99430004	-2.01607050	0.00697771	0.00303982
3.13000000	-1.99426964	-2.01614033	0.00698744	0.00304046
3.14000000	-1.99423923	-2.01621025	0.00699714	0.00304109
3.15000000	-1.99420882	-2.01628027	0.00700681	0.00304170
3.16000000	-1.99417840	-2.01635039	0.00701645	0.00304230
3.17000000	-1.99414798	-2.01642060	0.00702607	0.00304288
3.18000000	-1.99411754	-2.01649091	0.00703565	0.00304344
3.19000000	-1.99408711	-2.01656131	0.00704521	0.00304399
3.20000000	-1.99405666	-2.01663181	0.00705473	0.00304452
3.21000000	-1.99402622	-2.01670241	0.00706423	0.00304504
3.22000000	-1.99399576	-2.01677310	0.00707371	0.00304554
3.23000000	-1.99396531	-2.01684388	0.00708315	0.00304603
3.24000000	-1.99393484	-2.01691476	0.00709257	0.00304650
3.25000000	-1.99390438	-2.01698573	0.00710196	0.00304697
3.26000000	-1.99387390	-2.01705680	0.00711132	0.00304742
3.27000000	-1.99384343	-2.01712796	0.00712065	0.00304785
3.28000000	-1.99381295	-2.01719921	0.00712996	0.00304827
3.29000000	-1.99378246	-2.01727056	0.00713924	0.00304868
3.30000000	-1.99375197	-2.01734200	0.00714849	0.00304908
3.31000000	-1.99372148	-2.01741353	0.00715772	0.00304947
3.32000000	-1.99369098	-2.01748515	0.00716692	0.00304984
3.33000000	-1.99366048	-2.01755687	0.00717609	0.00305021
3.34000000	-1.99362998	-2.01762867	0.00718524	0.00305056
3.35000000	-1.99359947	-2.01770057	0.00719436	0.00305090
3.36000000	-1.99356896	-2.01777256	0.00720345	0.00305123
3.37000000	-1.99353845	-2.01784464	0.00721252	0.00305155
3.38000000	-1.99350793	-2.01791681	0.00722156	0.00305186
3.39000000	-1.99347741	-2.01798907	0.00723058	0.00305216
3.40000000	-1.99344689	-2.01806142	0.00723957	0.00305245
3.41000000	-1.99341636	-2.01813386	0.00724853	0.00305274
3.42000000	-1.99338583	-2.01820639	0.00725747	0.00305301
3.43000000	-1.99335530	-2.01827901	0.00726639	0.00305327
3.44000000	-1.99332477	-2.01835172	0.00727528	0.00305352
3.45000000	-1.99329423	-2.01842452	0.00728414	0.00305377
3.46000000	-1.99326369	-2.01849740	0.00729298	0.00305401
3.47000000	-1.99323315	-2.01857038	0.00730179	0.00305424
3.48000000	-1.99320261	-2.01864344	0.00731058	0.00305446
3.49000000	-1.99317206	-2.01871659	0.00731935	0.00305467
3.50000000	-1.99314151	-2.01878983	0.00732809	0.00305488
3.51000000	-1.99311096	-2.01886315	0.00733681	0.00305507
3.52000000	-1.99308041	-2.01893656	0.00734550	0.00305526
3.53000000	-1.99304986	-2.01901006	0.00735417	0.00305545
3.54000000	-1.99301930	-2.01908365	0.00736281	0.00305563
3.55000000	-1.99298875	-2.01915732	0.00737143	0.00305580
3.56000000	-1.99295819	-2.01923107	0.00738002	0.00305596
3.57000000	-1.99292763	-2.01930492	0.00738860	0.00305612
3.58000000	-1.99289706	-2.01937885	0.00739715	0.00305627
3.59000000	-1.99286650	-2.01945286	0.00740567	0.00305641
3.60000000	-1.99283594	-2.01952696	0.00741417	0.00305655
3.61000000	-1.99280537	-2.01960114	0.00742265	0.00305669
3.62000000	-1.99277480	-2.01967541	0.00743111	0.00305681
3.63000000	-1.99274423	-2.01974977	0.00743954	0.00305694
3.64000000	-1.99271366	-2.01982420	0.00744795	0.00305705
3.65000000	-1.99268309	-2.01989872	0.00745634	0.00305717
3.66000000	-1.99265252	-2.01997333	0.00746470	0.00305727
3.67000000	-1.99262195	-2.02004802	0.00747304	0.00305738
3.68000000	-1.99259137	-2.02012279	0.00748136	0.00305747
3.69000000	-1.99256080	-2.02019765	0.00748966	0.00305757
3.70000000	-1.99253022	-2.02027258	0.00749794	0.00305766
3.71000000	-1.99249965	-2.02034760	0.00750619	0.00305774
3.72000000	-1.99246907	-2.02042271	0.00751442	0.00305782
3.73000000	-1.99243849	-2.02049789	0.00752263	0.00305790
3.74000000	-1.99240791	-2.02057316	0.00753082	0.00305797
3.75000000	-1.99237733	-2.02064851	0.00753898	0.00305804
3.76000000	-1.99234675	-2.02072394	0.00754713	0.00305810
3.77000000	-1.99231617	-2.02079945	0.00755525	0.00305817
3.78000000	-1.99228559	-2.02087504	0.00756335	0.00305822
3.79000000	-1.99225500	-2.02095072	0.00757143	0.00305828
3.80000000	-1.99222442	-2.02102647	0.00757949	0.00305833
3.81000000	-1.99219384	-2.02110231	0.00758753	0.00305838
3.82000000	-1.99216325	-2.02117822	0.00759554	0.00305843
3.83000000	-1.99213267	-2.02125422	0.00760354	0.00305847
3.84000000	-1.99210208	-2.02133029	0.00761151	0.00305851
3.85000000	-1.99207150	-2.02140645	0.00761947	0.00305855
3.86000000	-1.99204091	-2.02148268	0.00762740	0.00305858
3.87000000	-1.99201033	-2.02155900	0.00763532	0.00305862
3.88000000	-1.99197974	-2.02163539	0.00764321	0.00305865
3.89000000	-1.99194915	-2.02171186	0.00765108	0.00305867
3.90000000	-1.99191857	-2.02178841	0.00765893	0.00305870
3.91000000	-1.99188798	-2.02186504	0.00766677	0.00305873
3.92000000	-1.99185739	-2.02194175	0.00767458	0.00305875
3.93000000	-1.99182680	-2.02201853	0.00768237	0.00305877
3.94000000	-1.99179622	-2.02209539	0.00769015	0.00305879
3.95000000	-1.99176563	-2.02217233	0.00769790	0.00305880
3.96000000	-1.99173504	-2.02224935	0.00770563	0.00305882
3.97000000	-1.99170445	-2.02232645	0.00771335	0.00305883
3.98000000	-1.99167386	-2.02240362	0.00772104	0.00305884
3.99000000	-1.99164328	-2.02248087	0.00772872	0.00305886
4.00000000	-1.99161269	-2.02255819	0.00773638	0.00305887
4.01000000	-1.99158210	-2.02263560	0.00774401	0.00305887
4.02000000	-1.99155151	-2.02271307	0.00775163	0.00305888
4.03000000	-1.99152092	-2.02279063	0.00775923	0.00305889
4.04000000	-1.99149033	-2.02286826	0.00776681	0.00305889
4.05000000	-1.99145974	-2.02294596	0.00777438	0.00305890
4.06000000	-1.99142915	-2.02302375	0.00778192	0.00305890
4.07000000	-1.99139856	-2.02310160	0.00778944	0.00305890
4.08000000	-1.99136798	-2.02317953	0.00779695	0.00305891
4.09000000	-1.99133739	-2.02325754	0.00780444	0.00305891
4.10000000	-1.99130680	-2.02333562	0.00781191	0.00305891
4.11000000	-1.99127621	-2.02341378	0.00781936	0.00305891
4.12000000	-1.99124562	-2.02349201	0.00782679	0.00305891
4.13000000	-1.99121503	-2.02357032	0.00783421	0.00305891
4.14000000	-1.99118444	-2.02364869	0.00784161	0.00305891
4.15000000	-1.99115385	-2.02372715	0.00784899	0.00305891
4.16000000	-1.99112326	-2.02380567	0.00785635	0.00305890
4.17000000	-1.99109267	-2.02388427	0.00786369	0.00305890
4.18000000	-1.99106208	-2.02396295	0.00787102	0.00305890
4.19000000	-1.99103150	-2.02404169	0.00787833	0.00305890
4.20000000	-1.99100091	-2.02412051	0.00788562	0.00305890
4.21000000	-1.99097032	-2.02419941	0.00789290	0.00305890
4.22000000	-1.99093973	-2.02427837	0.00790015	0.00305890
4.23000000	-1.99090914	-2.02435741	0.00790739	0.00305889
4.24000000	-1.99087855	-2.02443652	0.00791462	0.00305889
4.25000000	-1.99084796	-2.02451570	0.00792182	0.00305889
4.26000000	-1.99081737	-2.02459496	0.00792901	0.00305889
4.27000000	-1.99078678	-2.02467428	0.00793618	0.00305889
4.28000000	-1.99075620	-2.02475368	0.00794334	0.00305889
4.29000000	-1.99072561	-2.02483315	0.00795048	0.00305889
4.30000000	-1.99069502	-2.02491269	0.00795760	0.00305889
4.31000000	-1.99066443	-2.02499230	0.00796470	0.00305889
4.32000000	-1.99063384	-2.02507198	0.00797179	0.00305890
4.33000000	-1.99060325	-2.02515174	0.00797887	0.00305890
4.34000000	-1.99057266	-2.02523156	0.00798592	0.00305890
4.35000000	-1.99054207	-2.02531146	0.00799296	0.00305891
4.36000000	-1.99051148	-2.02539142	0.00799999	0.00305891
4.37000000	-1.99048089	-2.02547145	0.00800699	0.00305892
4.38000000	-1.99045030	-2.02555156	0.00801399	0.00305892
4.39000000	-1.99041972	-2.02563173	0.00802096	0.00305893
4.40000000	-1.99038913	-2.02571198	0.00802792	0.00305894
4.41000000	-1.99035854	-2.02579229	0.00803487	0.00305894
4.42000000	-1.99032795	-2.02587268	0.00804179	0.00305895
4.43000000	-1.99029736	-2.02595313	0.00804871	0.00305896
4.44000000	-1.99026677	-2.02603365	0.00805560	0.00305898
4.45000000	-1.99023618	-2.02611424	0.00806249	0.00305899
4.46000000	-1.99020559	-2.02619490	0.00806935	0.00305900
4.47000000	-1.99017500	-2.02627563	0.00807620	0.00305902
4.48000000	-1.99014441	-2.02635642	0.00808304	0.00305903
4.49000000	-1.99011382	-2.02643729	0.00808986	0.00305905
4.50000000	-1.99008323	-2.02651822	0.00809667	0.00305906
4.51000000	-1.99005264	-2.02659922	0.00810346	0.00305908
4.52000000	-1.99002205	-2.02668029	0.00811023	0.00305910
4.53000000	-1.98999145	-2.02676143	0.00811699	0.00305912
4.54000000	-1.98996086	-2.02684263	0.00812374	0.00305915
4.55000000	-1.98993027	-2.02692390	0.00813047	0.00305917
4.56000000	-1.98989968	-2.02700524	0.00813718	0.00305920
4.57000000	-1.98986909	-2.02708664	0.00814389	0.00305922
4.58000000	-1.98983850	-2.02716812	0.00815057	0.00305925
4.59000000	-1.98980790	-2.02724966	0.00815724	0.00305928
4.60000000	-1.98977731	-2.02733126	0.00816390	0.00305931
4.61000000	-1.98974672	-2.02741293	0.00817055	0.00305934
4.62000000	-1.98971612	-2.02749467	0.00817718	0.00305937
4.63000000	-1.98968553	-2.02757648	0.00818379	0.00305941
4.64000000	-1.98965493	-2.02765835	0.00819039	0.00305944
4.65000000	-1.98962434	-2.02774029	0.00819698	0.00305948
4.66000000	-1.98959374	-2.02782229	0.00820355	0.00305952
4.67000000	-1.98956315	-2.02790436	0.00821011	0.00305956
4.68000000	-1.98953255	-2.02798649	0.00821665	0.00305960
4.69000000	-1.98950196	-2.02806869	0.00822318	0.00305965
4.70000000	-1.98947136	-2.02815095	0.00822970	0.00305969
4.71000000	-1.98944076	-2.02823328	0.00823620	0.00305974
4.72000000	-1.98941017	-2.02831568	0.00824269	0.00305978
4.73000000	-1.98937957	-2.02839814	0.00824917	0.00305983
4.74000000	-1.98934897	-2.02848066	0.00825563	0.00305989
4.75000000	-1.98931837	-2.02856325	0.00826208	0.00305994
4.76000000	-1.98928777	-2.02864590	0.00826852	0.00305999
4.77000000	-1.98925717	-2.02872862	0.00827494	0.00306005
4.78000000	-1.98922657	-2.02881140	0.00828135	0.00306011
4.79000000	-1.98919597	-2.02889425	0.00828774	0.00306017
4.80000000	-1.98916537	-2.02897716	0.00829412	0.00306023
4.81000000	-1.98913476	-2.02906013	0.00830049	0.00306029
4.82000000	-1.98910416	-2.02914317	0.00830685	0.00306035
4.83000000	-1.98907356	-2.02922627	0.00831319	0.00306042
4.84000000	-1.98904295	-2.02930943	0.00831952	0.00306049
4.85000000	-1.98901235	-2.02939266	0.00832584	0.00306056
4.86000000	-1.98898174	-2.02947595	0.00833214	0.00306063
4.87000000	-1.98895113	-2.02955930	0.00833843	0.00306070
4.88000000	-1.98892053	-2.02964271	0.00834471	0.00306078
4.89000000	-1.98888992	-2.02972619	0.00835098	0.00306085
4.90000000	-1.98885931	-2.02980973	0.00835723	0.00306093
4.91000000	-1.98882870	-2.02989334	0.00836347	0.00306101
4.92000000	-1.98879809	-2.02997700	0.00836970	0.00306109
4.93000000	-1.98876748	-2.03006073	0.00837591	0.00306117
4.94000000	-1.98873687	-2.03014452	0.00838212	0.00306126
4.95000000	-1.98870625	-2.03022837	0.00838831	0.00306135
4.96000000	-1.98867564	-2.03031229	0.00839449	0.00306144
4.97000000	-1.98864502	-2.03039626	0.00840065	0.00306153
4.98000000	-1.98861441	-2.03048030	0.00840681	0.00306162
4.99000000	-1.98858379	-2.03056440	0.00841295	0.00306171
5.00000000	-1.98855317	-2.03064856	0.00841908	0.00306181
5.01000000	-1.98852256	-2.03073278	0.00842519	0.00306191
5.02000000	-1.98849194	-2.03081706	0.00843130	0.00306201
5.03000000	-1.98846132	-2.03090141	0.00843739	0.00306211
5.04000000	-1.98843069	-2.03098581	0.00844348	0.00306221
5.05000000	-1.98840007	-2.03107028	0.00844955	0.00306232
5.06000000	-1.98836945	-2.03115480	0.00845560	0.00306242
5.07000000	-1.98833882	-2.03123939	0.00846165	0.00306253
5.08000000	-1.98830820	-2.03132404	0.00846768	0.00306264
5.09000000	-1.98827757	-2.03140874	0.00847371	0.00306275
5.10000000	-1.98824694	-2.03149351	0.00847972	0.00306287
5.11000000	-1.98821631	-2.03157834	0.00848572	0.00306298
5.12000000	-1.98818568	-2.03166322	0.00849171	0.00306310
5.13000000	-1.98815505	-2.03174817	0.00849768	0.00306322
5.14000000	-1.98812442	-2.03183318	0.00850365	0.00306334
5.15000000	-1.98809378	-2.03191824	0.00850960	0.00306347
5.16000000	-1.98806315	-2.03200337	0.00851555	0.00306359
5.17000000	-1.98803251	-2.03208855	0.00852148	0.00306372
5.18000000	-1.98800187	-2.03217380	0.00852740	0.00306385
5.19000000	-1.98797124	-2.03225910	0.00853331	0.00306398
5.20000000	-1.98794059	-2.03234447	0.00853921	0.00306411
5.21000000	-1.98790995	-2.03242989	0.00854509	0.00306425
5.22000000	-1.98787931	-2.03251537	0.00855097	0.00306438
5.23000000	-1.98784867	-2.03260091	0.00855683	0.00306452
5.24000000	-1.98781802	-2.03268650	0.00856269	0.00306466
5.25000000	-1.98778737	-2.03277216	0.00856853	0.00306480
5.26000000	-1.98775672	-2.03285787	0.00857436	0.00306495
5.27000000	-1.98772607	-2.03294365	0.00858018	0.00306509
5.28000000	-1.98769542	-2.03302948	0.00858600	0.00306524
5.29000000	-1.98766477	-2.03311537	0.00859180	0.00306539
5.30000000	-1.98763411	-2.03320131	0.00859758	0.00306554
5.31000000	-1.98760346	-2.03328732	0.00860336	0.00306569
5.32000000	-1.98757280	-2.03337338	0.00860913	0.00306585
5.33000000	-1.98754214	-2.03345950	0.00861489	0.00306601
5.34000000	-1.98751148	-2.03354568	0.00862064	0.00306616
5.35000000	-1.98748082	-2.03363191	0.00862637	0.00306632
5.36000000	-1.98745015	-2.03371821	0.00863210	0.00306649
5.37000000	-1.98741949	-2.03380456	0.00863782	0.00306665
5.38000000	-1.98738882	-2.03389096	0.00864352	0.00306682
5.39000000	-1.98735815	-2.03397743	0.00864922	0.00306698
5.40000000	-1.98732748	-2.03406395	0.00865490	0.00306715
5.41000000	-1.98729681	-2.03415052	0.00866058	0.00306732
5.42000000	-1.98726613	-2.03423716	0.00866624	0.00306750
5.43000000	-1.98723546	-2.03432385	0.00867190	0.00306767
5.44000000	-1.98720478	-2.03441060	0.00867754	0.00306785
5.45000000	-1.98717410	-2.03449740	0.00868317	0.00306803
5.46000000	-1.98714342	-2.03458426	0.00868880	0.00306821
5.47000000	-1.98711274	-2.03467118	0.00869441	0.00306839
5.48000000	-1.98708205	-2.03475815	0.00870002	0.00306857
5.49000000	-1.98705137	-2.03484518	0.00870561	0.00306876
5.50000000	-1.98702068	-2.03493226	0.00871120	0.00306895
5.51000000	-1.98698999	-2.03501940	0.00871677	0.00306914
5.52000000	-1.98695929	-2.03510660	0.00872234	0.00306933
5.53000000	-1.98692860	-2.03519385	0.00872789	0.00306952
5.54000000	-1.98689790	-2.03528115	0.00873344	0.00306971
5.55000000	-1.98686721	-2.03536852	0.00873897	0.00306991
5.56000000	-1.98683651	-2.03545593	0.00874450	0.00307011
5.57000000	-1.98680580	-2.03554341	0.00875002	0.00307031
5.58000000	-1.98677510	-2.03563093	0.00875553	0.00307051
5.59000000	-1.98674439	-2.03571852	0.00876102	0.00307071
5.60000000	-1.98671369	-2.03580615	0.00876651	0.00307092
5.61000000	-1.98668297	-2.03589385	0.00877199	0.00307112
5.62000000	-1.98665226	-2.03598159	0.00877746	0.00307133
5.63000000	-1.98662155	-2.03606940	0.00878292	0.00307154
5.64000000	-1.98659083	-2.03615725	0.00878837	0.00307175
5.65000000	-1.98656011	-2.03624516	0.00879381	0.00307197
5.66000000	-1.98652939	-2.03633313	0.00879925	0.00307218
5.67000000	-1.98649867	-2.03642115	0.00880467	0.00307240
5.68000000	-1.98646794	-2.03650922	0.00881008	0.00307262
5.69000000	-1.98643722	-2.03659735	0.00881549	0.00307284
5.70000000	-1.98640649	-2.03668553	0.00882088	0.00307306
5.71000000	-1.98637576	-2.03677377	0.00882627	0.00307328
5.72000000	-1.98634502	-2.03686206	0.00883165	0.00307351
5.73000000	-1.98631429	-2.03695040	0.00883702	0.00307374
5.74000000	-1.98628355	-2.03703880	0.00884238	0.00307397
5.75000000	-1.98625281	-2.03712725	0.00884773	0.00307420
5.76000000	-1.98622206	-2.03721575	0.00885307	0.00307443
5.77000000	-1.98619132	-2.03730431	0.00885840	0.00307466
5.78000000	-1.98616057	-2.03739292	0.00886373	0.00307490
5.79000000	-1.98612982	-2.03748158	0.00886904	0.00307513
5.80000000	-1.98609907	-2.03757030	0.00887435	0.00307537
5.81000000	-1.98606831	-2.03765907	0.00887965	0.00307561
5.82000000	-1.98603756	-2.03774789	0.00888494	0.00307585
5.83000000	-1.98600680	-2.03783677	0.00889022	0.00307610
5.84000000	-1.98597603	-2.03792570	0.00889549	0.00307634
5.85000000	-1.98594527	-2.03801468	0.00890075	0.00307659
5.86000000	-1.98591450	-2.03810371	0.00890601	0.00307684
5.87000000	-1.98588373	-2.03819280	0.00891126	0.00307709
5.88000000	-1.98585296	-2.03828194	0.00891649	0.00307734
5.89000000	-1.98582218	-2.03837113	0.00892172	0.00307759
5.90000000	-1.98579141	-2.03846037	0.00892694	0.00307784
5.91000000	-1.98576063	-2.03854967	0.00893216	0.00307810
5.92000000	-1.98572985	-2.03863902	0.00893736	0.00307836
5.93000000	-1.98569906	-2.03872841	0.00894256	0.00307862
5.94000000	-1.98566827	-2.03881787	0.00894774	0.00307888
5.95000000	-1.98563748	-2.03890737	0.00895292	0.00307914
5.96000000	-1.98560669	-2.03899692	0.00895809	0.00307940
5.97000000	-1.98557590	-2.03908653	0.00896326	0.00307967
5.98000000	-1.98554510	-2.03917619	0.00896841	0.00307993
5.99000000	-1.98551430	-2.03926590	0.00897356	0.00308020
6.00000000	-1.98548349	-2.03935566	0.00897869	0.00308047
6.01000000	-1.98545269	-2.03944547	0.00898382	0.00308074
6.02000000	-1.98542188	-2.03953534	0.00898895	0.00308101
6.03000000	-1.98539107	-2.03962525	0.00899406	0.00308129
6.04000000	-1.98536025	-2.03971522	0.00899917	0.00308156
6.05000000	-1.98532944	-2.03980524	0.00900426	0.00308184
6.06000000	-1.98529862	-2.03989530	0.00900935	0.00308212
6.07000000	-1.98526779	-2.03998542	0.00901444	0.00308240
6.08000000	-1.98523697	-2.04007559	0.00901951	0.00308268
6.09000000	-1.98520614	-2.04016581	0.00902458	0.00308296
6.10000000	-1.98517531	-2.04025608	0.00902964	0.00308325
6.11000000	-1.98514447	-2.04034641	0.00903469	0.00308353
6.12000000	-1.98511364	-2.04043678	0.00903973	0.00308382
6.13000000	-1.98508280	-2.04052720	0.00904476	0.00308411
6.14000000	-1.98505196	-2.04061767	0.00904979	0.00308440
6.15000000	-1.98502111	-2.04070820	0.00905481	0.00308469
6.16000000	-1.98499026	-2.04079877	0.00905982	0.00308498
6.17000000	-1.98495941	-2.04088939	0.00906483	0.00308527
6.18000000	-1.98492856	-2.04098007	0.00906982	0.00308557
6.19000000	-1.98489770	-2.04107079	0.00907481	0.00308587
6.20000000	-1.98486684	-2.04116156	0.00907979	0.00308616
6.21000000	-1.98483598	-2.04125238	0.00908477	0.00308646
6.22000000	-1.98480511	-2.04134326	0.00908973	0.00308676
6.23000000	-1.98477424	-2.04143418	0.00909469	0.00308707
6.24000000	-1.98474337	-2.04152515	0.00909964	0.00308737
6.25000000	-1.98471249	-2.04161617	0.00910459	0.00308767
6.26000000	-1.98468162	-2.04170724	0.00910953	0.00308798
6.27000000	-1.98465073	-2.04179836	0.00911445	0.00308829
6.28000000	-1.98461985	-2.04188953	0.00911938	0.00308859
6.29000000	-1.98458896	-2.04198075	0.00912429	0.00308890
6.30000000	-1.98455807	-2.04207202	0.00912920	0.00308922
6.31000000	-1.98452718	-2.04216333	0.00913410	0.00308953
6.32000000	-1.98449628	-2.04225470	0.00913899	0.00308984
6.33000000	-1.98446538	-2.04234611	0.00914388	0.00309016
6.34000000	-1.98443448	-2.04243758	0.00914875	0.00309047
6.35000000	-1.98440357	-2.04252909	0.00915362	0.00309079
6.36000000	-1.98437266	-2.04262065	0.00915849	0.00309111
6.37000000	-1.98434175	-2.04271226	0.00916335	0.00309143
6.38000000	-1.98431083	-2.04280392	0.00916819	0.00309175
6.39000000	-1.98427991	-2.04289562	0.00917304	0.00309207
6.40000000	-1.98424899	-2.04298738	0.00917787	0.00309239
6.41000000	-1.98421807	-2.04307918	0.00918270	0.00309272
6.42000000	-1.98418714	-2.04317103	0.00918752	0.00309304
6.43000000	-1.98415621	-2.04326293	0.00919234	0.00309337
6.44000000	-1.98412527	-2.04335488	0.00919714	0.00309370
6.45000000	-1.98409433	-2.04344687	0.00920194	0.00309403
6.46000000	-1.98406339	-2.04353892	0.00920674	0.00309436
6.47000000	-1.98403244	-2.04363101	0.00921152	0.00309469
6.48000000	-1.98400150	-2.04372315	0.00921630	0.00309502
6.49000000	-1.98397054	-2.04381533	0.00922108	0.00309536
6.50000000	-1.98393959	-2.04390757	0.00922584	0.00309569
6.51000000	-1.98390863	-2.04399985	0.00923060	0.00309603
6.52000000	-1.98387767	-2.04409218	0.00923535	0.00309637
6.53000000	-1.98384670	-2.04418456	0.00924010	0.00309671
6.54000000	-1.98381573	-2.04427698	0.00924484	0.00309705
6.55000000	-1.98378476	-2.04436945	0.00924957	0.00309739
6.56000000	-1.98375379	-2.04446197	0.00925430	0.00309773
6.57000000	-1.98372281	-2.04455454	0.00925902	0.00309807
6.58000000	-1.98369182	-2.04464715	0.00926373	0.00309842
6.59000000	-1.98366084	-2.04473982	0.00926843	0.00309876
6.60000000	-1.98362985	-2.04483252	0.00927313	0.00309911
6.61000000	-1.98359886	-2.04492528	0.00927782	0.00309945
6.62000000	-1.98356786	-2.04501808	0.00928251	0.00309980
6.63000000	-1.98353686	-2.04511093	0.00928719	0.00310015
6.64000000	-1.98350586	-2.04520382	0.00929186	0.00310050
6.65000000	-1.98347485	-2.04529677	0.00929653	0.00310085
6.66000000	-1.98344384	-2.04538975	0.00930119	0.00310121
6.67000000	-1.98341283	-2.04548279	0.00930584	0.00310156
6.68000000	-1.98338181	-2.04557587	0.00931049	0.00310192
6.69000000	-1.98335079	-2.04566900	0.00931513	0.00310227
6.70000000	-1.98331976	-2.04576217	0.00931976	0.00310263
6.71000000	-1.98328874	-2.04585539	0.00932439	0.00310299
6.72000000	-1.98325770	-2.04594866	0.00932901	0.00310334
6.73000000	-1.98322667	-2.04604197	0.00933363	0.00310370
6.74000000	-1.98319563	-2.04613533	0.00933823	0.00310406
6.75000000	-1.98316459	-2.04622874	0.00934284	0.00310443
6.76000000	-1.98313354	-2.04632219	0.00934743	0.00310479
6.77000000	-1.98310249	-2.04641569	0.00935202	0.00310515
6.78000000	-1.98307144	-2.04650923	0.00935661	0.00310552
6.79000000	-1.98304038	-2.04660282	0.00936118	0.00310588
6.80000000	-1.98300932	-2.04669645	0.00936575	0.00310625
6.81000000	-1.98297826	-2.04679013	0.00937032	0.00310662
6.82000000	-1.98294719	-2.04688386	0.00937488	0.00310698
6.83000000	-1.98291612	-2.04697763	0.00937943	0.00310735
6.84000000	-1.98288504	-2.04707145	0.00938398	0.00310772
6.85000000	-1.98285396	-2.04716531	0.00938852	0.00310810
6.86000000	-1.98282288	-2.04725922	0.00939305	0.00310847
6.87000000	-1.98279179	-2.04735317	0.00939758	0.00310884
6.88000000	-1.98276070	-2.04744717	0.00940210	0.00310921
6.89000000	-1.98272961	-2.04754121	0.00940662	0.00310959
6.90000000	-1.98269851	-2.04763530	0.00941113	0.00310996
6.91000000	-1.98266741	-2.04772944	0.00941563	0.00311034
6.92000000	-1.98263630	-2.04782362	0.00942013	0.00311072
6.93000000	-1.98260519	-2.04791784	0.00942462	0.00311110
6.94000000	-1.98257408	-2.04801211	0.00942911	0.00311147
6.95000000	-1.98254297	-2.04810642	0.00943359	0.00311185
6.96000000	-1.98251184	-2.04820078	0.00943807	0.00311224
6.97000000	-1.98248072	-2.04829518	0.00944253	0.00311262
6.98000000	-1.98244959	-2.04838963	0.00944700	0.00311300
6.99000000	-1.98241846	-2.04848412	0.00945145	0.00311338
7.00000000	-1.98238732	-2.04857866	0.00945591	0.00311377
7.01000000	-1.98235619	-2.04867324	0.00946035	0.00311415
7.02000000	-1.98232504	-2.04876787	0.00946479	0.00311454
7.03000000	-1.98229389	-2.04886254	0.00946922	0.00311492
7.04000000	-1.98226274	-2.04895725	0.00947365	0.00311531
7.05000000	-1.98223159	-2.04905201	0.00947807	0.00311570
7.06000000	-1.98220043	-2.04914681	0.00948249	0.00311609
7.07000000	-1.98216927	-2.04924166	0.00948690	0.00311648
7.08000000	-1.98213810	-2.04933655	0.00949131	0.00311687
7.09000000	-1.98210693	-2.04943149	0.00949571	0.00311726
7.10000000	-1.98207575	-2.04952647	0.00950010	0.00311765
7.11000000	-1.98204458	-2.04962149	0.00950449	0.00311804
7.12000000	-1.98201339	-2.04971656	0.00950887	0.00311844
7.13000000	-1.98198221	-2.04981167	0.00951325	0.00311883
7.14000000	-1.98195102	-2.04990682	0.00951762	0.00311922
7.15000000	-1.98191982	-2.05000202	0.00952199	0.00311962
7.16000000	-1.98188862	-2.05009726	0.00952635	0.00312002
7.17000000	-1.98185742	-2.05019254	0.00953070	0.00312041
7.18000000	-1.98182622	-2.05028787	0.00953505	0.00312081
7.19000000	-1.98179501	-2.05038325	0.00953939	0.00312121
7.20000000	-1.98176379	-2.05047866	0.00954373	0.00312161
7.21000000	-1.98173257	-2.05057412	0.00954806	0.00312201
7.22000000	-1.98170135	-2.05066962	0.00955239	0.00312241
7.23000000	-1.98167013	-2.05076517	0.00955671	0.00312281
7.24000000	-1.98163890	-2.05086076	0.00956103	0.00312321
7.25000000	-1.98160766	-2.05095639	0.00956534	0.00312362
7.26000000	-1.98157642	-2.05105206	0.00956965	0.00312402
7.27000000	-1.98154518	-2.05114778	0.00957395	0.00312442
7.28000000	-1.98151394	-2.05124354	0.00957824	0.00312483
7.29000000	-1.98148268	-2.05133935	0.00958253	0.00312523
7.30000000	-1.98145143	-2.05143519	0.00958682	0.00312564
7.31000000	-1.98142017	-2.05153108	0.00959110	0.00312604
7.32000000	-1.98138891	-2.05162702	0.00959537	0.00312645
7.33000000	-1.98135764	-2.05172299	0.00959964	0.00312686
7.34000000	-1.98132637	-2.05181901	0.00960390	0.00312727
7.35000000	-1.98129510	-2.05191507	0.00960816	0.00312768
7.36000000	-1.98126382	-2.05201117	0.00961241	0.00312809
7.37000000	-1.98123254	-2.05210732	0.00961666	0.00312850
7.38000000	-1.98120125	-2.05220350	0.00962090	0.00312891
7.39000000	-1.98116996	-2.05229973	0.00962514	0.00312932
7.40000000	-1.98113866	-2.05239601	0.00962937	0.00312973
7.41000000	-1.98110736	-2.05249232	0.00963360	0.00313014
7.42000000	-1.98107606	-2.05258868	0.00963782	0.00313056
7.43000000	-1.98104475	-2.05268508	0.00964204	0.00313097
7.44000000	-1.98101344	-2.05278152	0.00964625	0.00313139
7.45000000	-1.98098212	-2.05287800	0.00965045	0.00313180
7.46000000	-1.98095080	-2.05297453	0.00965465	0.00313222
7.47000000	-1.98091948	-2.05307110	0.00965885	0.00313263
7.48000000	-1.98088815	-2.05316771	0.00966304	0.00313305
7.49000000	-1.98085682	-2.05326436	0.00966723	0.00313347
7.50000000	-1.98082548	-2.05336105	0.00967141	0.00313388
7.51000000	-1.98079414	-2.05345779	0.00967559	0.00313430
7.52000000	-1.98076280	-2.05355456	0.00967976	0.00313472
7.53000000	-1.98073145	-2.05365138	0.00968392	0.00313514
7.54000000	-1.98070009	-2.05374824	0.00968808	0.00313556
7.55000000	-1.98066874	-2.05384514	0.00969224	0.00313598
7.56000000	-1.98063737	-2.05394209	0.00969639	0.00313640
7.57000000	-1.98060601	-2.05403907	0.00970054	0.00313682
7.58000000	-1.98057464	-2.05413610	0.00970468	0.00313725
7.59000000	-1.98054326	-2.05423316	0.00970881	0.00313767
7.60000000	-1.98051188	-2.05433027	0.00971295	0.00313809
7.61000000	-1.98048050	-2.05442742	0.00971707	0.00313851
7.62000000	-1.98044911	-2.05452461	0.00972119	0.00313894
7.63000000	-1.98041772	-2.05462185	0.00972531	0.00313936
7.64000000	-1.98038633	-2.05471912	0.00972942	0.00313979
7.65000000	-1.98035493	-2.05481643	0.00973353	0.00314021
7.66000000	-1.98032352	-2.05491379	0.00973763	0.00314064
7.67000000	-1.98029211	-2.05501119	0.00974173	0.00314106
7.68000000	-1.98026070	-2.05510863	0.00974582	0.00314149
7.69000000	-1.98022928	-2.05520610	0.00974991	0.00314192
7.70000000	-1.98019786	-2.05530362	0.00975399	0.00314235
7.71000000	-1.98016644	-2.05540118	0.00975807	0.00314277
7.72000000	-1.98013501	-2.05549878	0.00976215	0.00314320
7.73000000	-1.98010357	-2.05559643	0.00976622	0.00314363
7.74000000	-1.98007213	-2.05569411	0.00977028	0.00314406
7.75000000	-1.98004069	-2.05579183	0.00977434	0.00314449
7.76000000	-1.98000924	-2.05588960	0.00977840	0.00314492
7.77000000	-1.97997779	-2.05598740	0.00978245	0.00314535
7.78000000	-1.97994634	-2.05608524	0.00978649	0.00314578
7.79000000	-1.97991488	-2.05618313	0.00979053	0.00314621
7.80000000	-1.97988341	-2.05628106	0.00979457	0.00314665
7.81000000	-1.97985194	-2.05637902	0.00979860	0.00314708
7.82000000	-1.97982047	-2.05647703	0.00980263	0.00314751
7.83000000	-1.97978899	-2.05657507	0.00980665	0.00314794
7.84000000	-1.97975751	-2.05667316	0.00981067	0.00314838
7.85000000	-1.97972603	-2.05677129	0.00981468	0.00314881
7.86000000	-1.97969454	-2.05686945	0.00981869	0.00314925
7.87000000	-1.97966304	-2.05696766	0.00982270	0.00314968
7.88000000	-1.97963154	-2.05706591	0.00982670	0.00315012
7.89000000	-1.97960004	-2.05716419	0.00983069	0.00315055
7.90000000	-1.97956853	-2.05726252	0.00983468	0.00315099
7.91000000	-1.97953702	-2.05736089	0.00983867	0.00315142
7.92000000	-1.97950550	-2.05745930	0.00984265	0.00315186
7.93000000	-1.97947398	-2.05755774	0.00984663	0.00315230
7.94000000	-1.97944246	-2.05765623	0.00985060	0.00315273
7.95000000	-1.97941093	-2.05775475	0.00985457	0.00315317
7.96000000	-1.97937939	-2.05785332	0.00985853	0.00315361
7.97000000	-1.97934786	-2.05795192	0.00986249	0.00315405
7.98000000	-1.97931631	-2.05805057	0.00986645	0.00315449
7.99000000	-1.97928477	-2.05814925	0.00987040	0.00315492
8.00000000	-1.97925321	-2.05824798	0.00987435	0.00315536
