T	Ut	Ft	St	Ct
0.01000000	-1.93750000	-2.73796875	80.04687500	0.00000000
0.02000000	-1.93750000	-3.53843750	80.04687500	0.00000000
0.03000000	-1.93750000	-4.33890625	80.04687500	0.00000000
0.04000000	-1.93750000	-5.13937500	80.04687500	0.00000000
0.05000000	-1.93750000	-5.93984375	80.04687500	0.00000000
0.06000000	-1.93750000	-6.74031250	80.04687500	0.00000000
0.07000000	-1.93750000	-7.54078125	80.04687500	0.00000000
0.08000000	-1.93750000	-8.34125000	80.04687500	0.00000000
0.09000000	-1.93750000	-9.14171875	80.04687500	0.00000000
0.10000000	-1.93750000	-9.94218750	80.04687500	-0.00000000
0.11000000	-1.93750000	-10.74265625	80.04687500	0.00000000
0.12000000	-1.93750000	-11.54312500	80.04687500	0.00000000
0.13000000	-1.93750000	-12.34359375	80.04687500	0.00000000
0.14000000	-1.93750000	-13.14406250	80.04687500	0.00000001
0.15000000	-1.93750000	-13.94453125	80.04687500	0.00000009
0.16000000	-1.93750000	-14.74500000	80.04687502	0.00000040
0.17000000	-1.93749999	-15.54546875	80.04687507	0.00000156
0.18000000	-1.93749996	-16.34593750	80.04687524	0.00000514
0.19000000	-1.93749987	-17.14640626	80.04687574	0.00001485
0.20000000	-1.93749962	-17.94687502	80.04687701	0.00003841
0.21000000	-1.93749900	-18.74734380	80.04687999	0.00009032
0.22000000	-1.93749763	-19.54781263	80.04688635	0.00019572
0.23000000	-1.93749478	-20.34828155	80.04689900	0.00039527
0.24000000	-1.93748921	-21.14875065	80.04692265	0.00075108
0.25000000	-1.93747894	-21.94922006	80.04696451	0.00135425
0.26000000	-1.93746087	-22.74969003	80.04703523	0.00233481
0.27000000	-1.93743038	-23.55016091	80.04715014	0.00387688
0.28000000	-1.93738060	-24.35063325	80.04733090	0.00624338
0.29000000	-1.93730150	-25.15110785	80.04760810	0.00981799
0.30000000	-1.93717833	-25.95158588	80.04802516	0.01517484
0.31000000	-1.93698920	-26.75206903	80.04864460	0.02318910
0.32000000	-1.93670130	-27.55255975	80.04955763	0.03520005
0.33000000	-1.93626524	-28.35306160	80.05089805	0.05322929
0.34000000	-1.93560694	-29.15357977	80.05286127	0.08023022
0.35000000	-1.93461724	-29.95412182	80.05572736	0.12028809
0.36000000	-1.93314044	-30.75469861	80.05988379	0.17858733
0.37000000	-1.93096563	-31.55532547	80.06583742	0.26081523
0.38000000	-1.92782869	-32.35602337	80.07419654	0.37154774
0.39000000	-1.92343709	-33.15681955	80.08559605	0.51128580
0.40000000	-1.91752990	-33.95774716	80.10054314	0.67256703
0.41000000	-1.90997365	-34.75884282	80.11919311	0.83714542
0.42000000	-1.90086715	-35.56014205	80.14113072	0.97762767
0.43000000	-1.89059710	-36.36167291	80.16529257	1.06568621
0.44000000	-1.87978868	-37.16345020	80.19013981	1.08382591
0.45000000	-1.86915251	-37.96547252	80.21404447	1.03296442
0.46000000	-1.85930262	-38.76772352	80.23569760	0.93036900
0.47000000	-1.85063608	-39.57017638	80.25434107	0.80039119
0.48000000	-1.84331175	-40.37279957	80.26976629	0.66506968
0.49000000	-1.83730205	-41.17556159	80.28216233	0.53928289
0.50000000	-1.83246894	-41.97843405	80.29193022	0.43045968
0.51000000	-1.82862936	-42.78139299	80.29953653	0.34058350
0.52000000	-1.82559775	-43.58441906	80.30542559	0.26851955
0.53000000	-1.82320789	-44.38749706	80.30997956	0.21176959
0.54000000	-1.82132071	-45.19061524	80.31350839	0.16752276
0.55000000	-1.81982449	-45.99376463	80.31625479	0.13317435
0.56000000	-1.81863162	-46.79693836	80.31840488	0.10652200
0.57000000	-1.81767434	-47.60013121	80.32009976	0.08579477
0.58000000	-1.81690062	-48.40333919	80.32144581	0.06960944
0.59000000	-1.81627058	-49.20655923	80.32252313	0.05690348
0.60000000	-1.81575367	-50.00978896	80.32339215	0.04686800
0.61000000	-1.81532638	-50.81302653	80.32409861	0.03888962
0.62000000	-1.81497058	-51.61627051	80.32467730	0.03250351
0.63000000	-1.81467219	-52.41951974	80.32515484	0.02735675
0.64000000	-1.81442022	-53.22277334	80.32555174	0.02318055
0.65000000	-1.81420604	-54.02603056	80.32588389	0.01976926
0.66000000	-1.81402282	-54.82929084	80.32616367	0.01696476
0.67000000	-1.81386513	-55.63255369	80.32640084	0.01464478
0.68000000	-1.81372862	-56.43581874	80.32660311	0.01271423
0.69000000	-1.81360980	-57.23908566	80.32677662	0.01109871
0.70000000	-1.81350580	-58.04235419	80.32692628	0.00973964
0.71000000	-1.81341430	-58.84562412	80.32705608	0.00859065
0.72000000	-1.81333341	-59.64889526	80.32716924	0.00761477
0.73000000	-1.81326153	-60.45216746	80.32726839	0.00678241
0.74000000	-1.81319736	-61.25544059	80.32735571	0.00606969
0.75000000	-1.81313980	-62.05871454	80.32743298	0.00545729
0.76000000	-1.81308793	-62.86198922	80.32750169	0.00492944
0.77000000	-1.81304098	-63.66526455	80.32756308	0.00447326
0.78000000	-1.81299827	-64.46854046	80.32761820	0.00407812
0.79000000	-1.81295924	-65.27181690	80.32766792	0.00373524
0.80000000	-1.81292341	-66.07509380	80.32771299	0.00343735
0.81000000	-1.81289036	-66.87837114	80.32775405	0.00317837
0.82000000	-1.81285973	-67.68164887	80.32779164	0.00295320
0.83000000	-1.81283120	-68.48492696	80.32782622	0.00275760
0.84000000	-1.81280449	-69.28820539	80.32785821	0.00258798
0.85000000	-1.81277936	-70.09148412	80.32788795	0.00244132
0.86000000	-1.81275560	-70.89476314	80.32791575	0.00231512
0.87000000	-1.81273300	-71.69804243	80.32794187	0.00220726
0.88000000	-1.81271140	-72.50132197	80.32796656	0.00211604
0.89000000	-1.81269063	-73.30460176	80.32799003	0.00204010
0.90000000	-1.81267055	-74.10788177	80.32801247	0.00197841
0.91000000	-1.81265102	-74.91116200	80.32803405	0.00193031
0.92000000	-1.81263190	-75.71444245	80.32805495	0.00189552
0.93000000	-1.81261306	-76.51772310	80.32807531	0.00187420
0.94000000	-1.81259437	-77.32100395	80.32809531	0.00186702
0.95000000	-1.81257567	-78.12428501	80.32811509	0.00187532
0.96000000	-1.81255680	-78.92756626	80.32813485	0.00190121
0.97000000	-1.81253758	-79.73084770	80.32815477	0.00194788
0.98000000	-1.81251776	-80.53412935	80.32817509	0.00201979
0.99000000	-1.81249707	-81.33741121	80.32819609	0.00212313
1.00000000	-1.81247517	-82.14069328	80.32821811	0.00226624
1.01000000	-1.81245158	-82.94397558	80.32824158	0.00246027
1.02000000	-1.81242574	-83.74725812	80.32826703	0.00271990
1.03000000	-1.81239690	-84.55054093	80.32829517	0.00306436
1.04000000	-1.81236409	-85.35382403	80.32832687	0.00351859
1.05000000	-1.81232606	-86.15710748	80.32836326	0.00411473
1.06000000	-1.81228119	-86.96039132	80.32840578	0.00489394
1.07000000	-1.81222739	-87.76367562	80.32845629	0.00590866
1.08000000	-1.81216201	-88.56696048	80.32851710	0.00722526
1.09000000	-1.81208161	-89.37024601	80.32859119	0.00892732
1.10000000	-1.81198183	-90.17353236	80.32868230	0.01111950
1.11000000	-1.81185715	-90.97681972	80.32879511	0.01393219
1.12000000	-1.81170058	-91.78010835	80.32893551	0.01752694
1.13000000	-1.81150335	-92.58339855	80.32911080	0.02210279
1.14000000	-1.81125445	-93.38669071	80.32933006	0.02790362
1.15000000	-1.81094021	-94.18998534	80.32960446	0.03522647
1.16000000	-1.81054366	-94.99328303	80.32994774	0.04443084
1.17000000	-1.81004389	-95.79658458	80.33037666	0.05594888
1.18000000	-1.80941526	-96.59989092	80.33091157	0.07029618
1.19000000	-1.80862651	-97.40320324	80.33157708	0.08808271
1.20000000	-1.80763977	-98.20652299	80.33240268	0.11002325
1.21000000	-1.80640945	-99.00985195	80.33342355	0.13694597
1.22000000	-1.80488110	-99.81319225	80.33468127	0.16979786
1.23000000	-1.80299019	-100.61654652	80.33622466	0.20964429
1.24000000	-1.80066099	-101.41991789	80.33811040	0.25766002
1.25000000	-1.79780556	-102.22331009	80.34040362	0.31510742
1.26000000	-1.79432304	-103.02672756	80.34317819	0.38329738
1.27000000	-1.79009947	-103.83017553	80.34651658	0.46352724
1.28000000	-1.78500836	-104.63366007	80.35050915	0.55699061
1.29000000	-1.77891228	-105.43718822	80.35525266	0.66465444
1.30000000	-1.77166593	-106.24076797	80.36084772	0.78710165
1.31000000	-1.76312085	-107.04440834	80.36739504	0.92434247
1.32000000	-1.75313223	-107.84811936	80.37499025	1.07560541
1.33000000	-1.74156774	-108.65191193	80.38371743	1.23912884
1.34000000	-1.72831839	-109.45579770	80.39364127	1.41198622
1.35000000	-1.71331073	-110.25978887	80.40479862	1.58998790
1.36000000	-1.69651946	-111.06389779	80.41718995	1.76770766
1.37000000	-1.67797900	-111.86813664	80.43077200	1.93867605
1.38000000	-1.65779220	-112.67251690	80.44545268	2.09576223
1.39000000	-1.63613421	-113.47704889	80.46108969	2.23173112
1.40000000	-1.61325032	-114.28174125	80.47749352	2.33991832
1.41000000	-1.58944666	-115.08660055	80.49443539	2.41492484
1.42000000	-1.56507448	-115.89163090	80.51165945	2.45321130
1.43000000	-1.54050943	-116.69683379	80.52889816	2.45347910
1.44000000	-1.51612841	-117.50220804	80.54588863	2.41676602
1.45000000	-1.49228699	-118.30774992	80.56238823	2.34624442
1.46000000	-1.46930014	-119.11345346	80.57818721	2.24677355
1.47000000	-1.44742824	-119.91931077	80.59311737	2.12430222
1.48000000	-1.42686940	-120.72531250	80.60705615	1.98523429
1.49000000	-1.40775785	-121.53144832	80.61992649	1.83585612
1.50000000	-1.39016747	-122.33770735	80.63169325	1.68189247
1.51000000	-1.37411893	-123.14407851	80.64235734	1.52821891
1.52000000	-1.35958904	-123.95055091	80.65194860	1.37872564
1.53000000	-1.34652073	-124.75711408	80.66051852	1.23630574
1.54000000	-1.33483269	-125.56375810	80.66813339	1.10293137
1.55000000	-1.32442795	-126.37047381	80.67486830	0.97978196
1.56000000	-1.31520112	-127.17725280	80.68080236	0.86739407
1.57000000	-1.30704401	-127.98408745	80.68601493	0.76581117
1.58000000	-1.29984990	-128.79097095	80.69058294	0.67471987
1.59000000	-1.29351648	-129.59789721	80.69457907	0.59356555
1.60000000	-1.28794780	-130.40486085	80.69807066	0.52164539
1.61000000	-1.28305538	-131.21185714	80.70111910	0.45817983
1.62000000	-1.27875870	-132.01888194	80.70377978	0.40236492
1.63000000	-1.27498523	-132.82593161	80.70610208	0.35340899
1.64000000	-1.27167018	-133.63300300	80.70812977	0.31055675
1.65000000	-1.26875610	-134.44009335	80.70990137	0.27310402
1.66000000	-1.26619226	-135.24720028	80.71145062	0.24040540
1.67000000	-1.26393410	-136.05432172	80.71280696	0.21187710
1.68000000	-1.26194257	-136.86145587	80.71399601	0.18699639
1.69000000	-1.26018356	-137.66860116	80.71504000	0.16529894
1.70000000	-1.25862735	-138.47575625	80.71595818	0.14637488
1.71000000	-1.25724803	-139.28291996	80.71676721	0.12986418
1.72000000	-1.25602308	-140.09009128	80.71748151	0.11545181
1.73000000	-1.25493292	-140.89726932	80.71811353	0.10286296
1.74000000	-1.25396054	-141.70445331	80.71867401	0.09185844
1.75000000	-1.25309116	-142.51164259	80.71917224	0.08223045
1.76000000	-1.25231195	-143.31883657	80.71961627	0.07379867
1.77000000	-1.25161173	-144.12603476	80.72001301	0.06640679
1.78000000	-1.25098080	-144.93323670	80.72036848	0.05991935
1.79000000	-1.25041072	-145.74044201	80.72068787	0.05421903
1.80000000	-1.24989413	-146.54765035	80.72097567	0.04920422
1.81000000	-1.24942464	-147.35486143	80.72123579	0.04478688
1.82000000	-1.24899666	-148.16207498	80.72147161	0.04089075
1.83000000	-1.24860531	-148.96929079	80.72168605	0.03744969
1.84000000	-1.24824634	-149.77650864	80.72188169	0.03440637
1.85000000	-1.24791602	-150.58372837	80.72206073	0.03171101
1.86000000	-1.24761111	-151.39094981	80.72222511	0.02932038
1.87000000	-1.24732873	-152.19817282	80.72237652	0.02719691
1.88000000	-1.24706639	-153.00539730	80.72251644	0.02530792
1.89000000	-1.24682188	-153.81262312	80.72264616	0.02362495
1.90000000	-1.24659328	-154.61985019	80.72276679	0.02212320
1.91000000	-1.24637889	-155.42707843	80.72287934	0.02078104
1.92000000	-1.24617719	-156.23430775	80.72298467	0.01957959
1.93000000	-1.24598688	-157.04153810	80.72308353	0.01850233
1.94000000	-1.24580678	-157.84876941	80.72317661	0.01753482
1.95000000	-1.24563586	-158.65600162	80.72326449	0.01666442
1.96000000	-1.24547321	-159.46323468	80.72334769	0.01588002
1.97000000	-1.24531801	-160.27046856	80.72342667	0.01517190
1.98000000	-1.24516954	-161.07770320	80.72350185	0.01453150
1.99000000	-1.24502718	-161.88493858	80.72357357	0.01395131
2.00000000	-1.24489034	-162.69217466	80.72364216	0.01342469
2.01000000	-1.24475852	-163.49941141	80.72370791	0.01294581
2.02000000	-1.24463128	-164.30664881	80.72377106	0.01250953
2.03000000	-1.24450821	-165.11388683	80.72383183	0.01211129
2.04000000	-1.24438894	-165.92112544	80.72389044	0.01174706
2.05000000	-1.24427316	-166.72836463	80.72394706	0.01141329
2.06000000	-1.24416058	-167.53560438	80.72400184	0.01110683
2.07000000	-1.24405094	-168.34284466	80.72405494	0.01082486
2.08000000	-1.24394401	-169.15008547	80.72410647	0.01056492
2.09000000	-1.24383958	-169.95732679	80.72415656	0.01032478
2.10000000	-1.24373746	-170.76456860	80.72420530	0.01010249
2.11000000	-1.24363748	-171.57181089	80.72425280	0.00989628
2.12000000	-1.24353948	-172.37905365	80.72429913	0.00970461
2.13000000	-1.24344334	-173.18629687	80.72434438	0.00952607
2.14000000	-1.24334892	-173.99354053	80.72438860	0.00935942
2.15000000	-1.24325612	-174.80078464	80.72443187	0.00920355
2.16000000	-1.24316482	-175.60802917	80.72447423	0.00905745
2.17000000	-1.24307494	-176.41527412	80.72451575	0.00892024
2.18000000	-1.24298639	-177.22251948	80.72455646	0.00879111
2.19000000	-1.24289909	-178.02976524	80.72459642	0.00866935
2.20000000	-1.24281298	-178.83701140	80.72463565	0.00855429
2.21000000	-1.24272799	-179.64425795	80.72467419	0.00844537
2.22000000	-1.24264405	-180.45150489	80.72471209	0.00834205
2.23000000	-1.24256113	-181.25875219	80.72474936	0.00824386
2.24000000	-1.24247916	-182.06599987	80.72478603	0.00815038
2.25000000	-1.24239811	-182.87324791	80.72482214	0.00806122
2.26000000	-1.24231792	-183.68049631	80.72485769	0.00797602
2.27000000	-1.24223857	-184.48774507	80.72489273	0.00789448
2.28000000	-1.24216002	-185.29499417	80.72492726	0.00781631
2.29000000	-1.24208224	-186.10224361	80.72496130	0.00774124
2.30000000	-1.24200519	-186.90949339	80.72499487	0.00766904
2.31000000	-1.24192885	-187.71674350	80.72502799	0.00759950
2.32000000	-1.24185319	-188.52399395	80.72506067	0.00753241
2.33000000	-1.24177819	-189.33124472	80.72509293	0.00746762
2.34000000	-1.24170383	-190.13849581	80.72512478	0.00740494
2.35000000	-1.24163009	-190.94574721	80.72515622	0.00734423
2.36000000	-1.24155694	-191.75299893	80.72518728	0.00728537
2.37000000	-1.24148437	-192.56025096	80.72521797	0.00722822
2.38000000	-1.24141237	-193.36750329	80.72524828	0.00717267
2.39000000	-1.24134091	-194.17475592	80.72527825	0.00711861
2.40000000	-1.24126999	-194.98200885	80.72530786	0.00706597
2.41000000	-1.24119959	-195.78926208	80.72533713	0.00701464
2.42000000	-1.24112970	-196.59651559	80.72536607	0.00696454
2.43000000	-1.24106030	-197.40376940	80.72539469	0.00691561
2.44000000	-1.24099138	-198.21102348	80.72542299	0.00686777
2.45000000	-1.24092294	-199.01827786	80.72545099	0.00682097
2.46000000	-1.24085496	-199.82553250	80.72547868	0.00677514
2.47000000	-1.24078743	-200.63278743	80.72550607	0.00673023
2.48000000	-1.24072035	-201.44004262	80.72553318	0.00668620
2.49000000	-1.24065370	-202.24729809	80.72555999	0.00664299
2.50000000	-1.24058749	-203.05455382	80.72558653	0.00660058
2.51000000	-1.24052169	-203.86180982	80.72561280	0.00655890
2.52000000	-1.24045631	-204.66906608	80.72563880	0.00651794
2.53000000	-1.24039133	-205.47632260	80.72566453	0.00647766
2.54000000	-1.24032675	-206.28357937	80.72569001	0.00643802
2.55000000	-1.24026257	-207.09083639	80.72571523	0.00639900
2.56000000	-1.24019877	-207.89809367	80.72574020	0.00636057
2.57000000	-1.24013535	-208.70535120	80.72576492	0.00632270
2.58000000	-1.24007231	-209.51260897	80.72578940	0.00628537
2.59000000	-1.24000964	-210.31986698	80.72581365	0.00624857
2.60000000	-1.23994734	-211.12712524	80.72583765	0.00621226
2.61000000	-1.23988540	-211.93438374	80.72586143	0.00617644
2.62000000	-1.23982381	-212.74164247	80.72588498	0.00614107
2.63000000	-1.23976257	-213.54890144	80.72590831	0.00610616
2.64000000	-1.23970169	-214.35616063	80.72593142	0.00607167
2.65000000	-1.23964114	-215.16342006	80.72595431	0.00603759
2.66000000	-1.23958093	-215.97067972	80.72597699	0.00600392
2.67000000	-1.23952106	-216.77793960	80.72599945	0.00597064
2.68000000	-1.23946152	-217.58519971	80.72602171	0.00593773
2.69000000	-1.23940230	-218.39246004	80.72604377	0.00590518
2.70000000	-1.23934341	-219.19972058	80.72606562	0.00587299
2.71000000	-1.23928484	-220.00698135	80.72608727	0.00584113
2.72000000	-1.23922659	-220.81424233	80.72610873	0.00580962
2.73000000	-1.23916865	-221.62150352	80.72612999	0.00577842
2.74000000	-1.23911102	-222.42876493	80.72615106	0.00574754
2.75000000	-1.23905370	-223.23602654	80.72617194	0.00571697
2.76000000	-1.23899668	-224.04328837	80.72619264	0.00568669
2.77000000	-1.23893996	-224.85055039	80.72621315	0.00565671
2.78000000	-1.23888354	-225.65781263	80.72623348	0.00562701
2.79000000	-1.23882742	-226.46507506	80.72625363	0.00559758
2.80000000	-1.23877159	-227.27233770	80.72627361	0.00556843
2.81000000	-1.23871605	-228.07960054	80.72629341	0.00553955
2.82000000	-1.23866080	-228.88686357	80.72631304	0.00551092
2.83000000	-1.23860583	-229.69412680	80.72633250	0.00548254
2.84000000	-1.23855115	-230.50139022	80.72635178	0.00545441
2.85000000	-1.23849674	-231.30865383	80.72637091	0.00542653
2.86000000	-1.23844262	-232.11591763	80.72638987	0.00539888
2.87000000	-1.23838877	-232.92318163	80.72640866	0.00537147
2.88000000	-1.23833519	-233.73044581	80.72642730	0.00534428
2.89000000	-1.23828188	-234.53771017	80.72644578	0.00531733
2.90000000	-1.23822884	-235.34497472	80.72646410	0.00529059
2.91000000	-1.23817607	-236.15223945	80.72648226	0.00526406
2.92000000	-1.23812356	-236.95950437	80.72650028	0.00523775
2.93000000	-1.23807131	-237.76676946	80.72651814	0.00521165
2.94000000	-1.23801932	-238.57403473	80.72653585	0.00518576
2.95000000	-1.23796760	-239.38130018	80.72655342	0.00516007
2.96000000	-1.23791612	-240.18856580	80.72657084	0.00513457
2.97000000	-1.23786490	-240.99583159	80.72658811	0.00510928
2.98000000	-1.23781394	-241.80309756	80.72660524	0.00508417
2.99000000	-1.23776322	-242.61036370	80.72662223	0.00505926
3.00000000	-1.23771275	-243.41763000	80.72663908	0.00503453
3.01000000	-1.23766253	-244.22489648	80.72665580	0.00500999
3.02000000	-1.23761255	-245.03216312	80.72667237	0.00498563
3.03000000	-1.23756281	-245.83942992	80.72668882	0.00496145
3.04000000	-1.23751332	-246.64669689	80.72670512	0.00493744
3.05000000	-1.23746407	-247.45396403	80.72672130	0.00491361
3.06000000	-1.23741505	-248.26123132	80.72673734	0.00488996
3.07000000	-1.23736627	-249.06849877	80.72675326	0.00486647
3.08000000	-1.23731772	-249.87576638	80.72676905	0.00484315
3.09000000	-1.23726940	-250.68303415	80.72678471	0.00482000
3.10000000	-1.23722132	-251.49030208	80.72680025	0.00479701
3.11000000	-1.23717346	-252.29757016	80.72681566	0.00477418
3.12000000	-1.23712583	-253.10483839	80.72683095	0.00475151
3.13000000	-1.23707843	-253.91210678	80.72684612	0.00472900
3.14000000	-1.23703125	-254.71937531	80.72686117	0.00470664
3.15000000	-1.23698430	-255.52664400	80.72687610	0.00468444
3.16000000	-1.23693756	-256.33391283	80.72689091	0.00466239
3.17000000	-1.23689105	-257.14118182	80.72690561	0.00464049
3.18000000	-1.23684475	-257.94845095	80.72692019	0.00461874
3.19000000	-1.23679867	-258.75572022	80.72693465	0.00459714
3.20000000	-1.23675281	-259.56298964	80.72694901	0.00457568
3.21000000	-1.23670716	-260.37025920	80.72696325	0.00455437
3.22000000	-1.23666172	-261.17752890	80.72697739	0.00453319
3.23000000	-1.23661650	-261.98479875	80.72699141	0.00451216
3.24000000	-1.23657148	-262.79206873	80.72700533	0.00449127
3.25000000	-1.23652667	-263.59933885	80.72701913	0.00447052
3.26000000	-1.23648207	-264.40660911	80.72703284	0.00444991
3.27000000	-1.23643767	-265.21387951	80.72704643	0.00442943
3.28000000	-1.23639348	-266.02115004	80.72705993	0.00440908
3.29000000	-1.23634949	-266.82842071	80.72707332	0.00438887
3.30000000	-1.23630570	-267.63569151	80.72708661	0.00436879
3.31000000	-1.23626211	-268.44296244	80.72709980	0.00434884
3.32000000	-1.23621872	-269.25023350	80.72711289	0.00432901
3.33000000	-1.23617553	-270.05750470	80.72712588	0.00430932
3.34000000	-1.23613254	-270.86477602	80.72713877	0.00428975
3.35000000	-1.23608974	-271.67204747	80.72715156	0.00427031
3.36000000	-1.23604713	-272.47931905	80.72716426	0.00425099
3.37000000	-1.23600472	-273.28659076	80.72717687	0.00423179
3.38000000	-1.23596249	-274.09386259	80.72718938	0.00421272
3.39000000	-1.23592046	-274.90113455	80.72720179	0.00419376
3.40000000	-1.23587862	-275.70840662	80.72721412	0.00417493
3.41000000	-1.23583696	-276.51567883	80.72722635	0.00415622
3.42000000	-1.23579549	-277.32295115	80.72723850	0.00413762
3.43000000	-1.23575421	-278.13022360	80.72725055	0.00411914
3.44000000	-1.23571311	-278.93749616	80.72726252	0.00410077
3.45000000	-1.23567219	-279.74476885	80.72727439	0.00408252
3.46000000	-1.23563146	-280.55204165	80.72728618	0.00406438
3.47000000	-1.23559091	-281.35931457	80.72729789	0.00404636
3.48000000	-1.23555053	-282.16658761	80.72730950	0.00402845
3.49000000	-1.23551034	-282.97386076	80.72732104	0.00401064
3.50000000	-1.23547032	-283.78113403	80.72733249	0.00399295
3.51000000	-1.23543048	-284.58840741	80.72734386	0.00397537
3.52000000	-1.23539081	-285.39568090	80.72735514	0.00395789
3.53000000	-1.23535132	-286.20295451	80.72736634	0.00394052
3.54000000	-1.23531200	-287.01022823	80.72737747	0.00392326
3.55000000	-1.23527285	-287.81750206	80.72738851	0.00390610
3.56000000	-1.23523388	-288.62477600	80.72739947	0.00388905
3.57000000	-1.23519507	-289.43205005	80.72741036	0.00387210
3.58000000	-1.23515644	-290.23932421	80.72742117	0.00385526
3.59000000	-1.23511797	-291.04659847	80.72743190	0.00383851
3.60000000	-1.23507966	-291.85387285	80.72744255	0.00382187
3.61000000	-1.23504153	-292.66114732	80.72745313	0.00380533
3.62000000	-1.23500356	-293.46842191	80.72746363	0.00378888
3.63000000	-1.23496575	-294.27569660	80.72747406	0.00377254
3.64000000	-1.23492811	-295.08297139	80.72748442	0.00375629
3.65000000	-1.23489062	-295.89024628	80.72749470	0.00374014
3.66000000	-1.23485330	-296.69752128	80.72750491	0.00372409
3.67000000	-1.23481614	-297.50479638	80.72751505	0.00370813
3.68000000	-1.23477914	-298.31207158	80.72752512	0.00369227
3.69000000	-1.23474230	-299.11934688	80.72753512	0.00367650
3.70000000	-1.23470561	-299.92662229	80.72754505	0.00366082
3.71000000	-1.23466908	-300.73389779	80.72755491	0.00364524
3.72000000	-1.23463271	-301.54117338	80.72756470	0.00362975
3.73000000	-1.23459648	-302.34844908	80.72757442	0.00361435
3.74000000	-1.23456042	-303.15572487	80.72758408	0.00359905
3.75000000	-1.23452450	-303.96300076	80.72759367	0.00358383
3.76000000	-1.23448874	-304.77027675	80.72760319	0.00356870
3.77000000	-1.23445313	-305.57755282	80.72761265	0.00355366
3.78000000	-1.23441767	-306.38482900	80.72762205	0.00353871
3.79000000	-1.23438235	-307.19210527	80.72763137	0.00352384
3.80000000	-1.23434719	-307.99938163	80.72764064	0.00350907
3.81000000	-1.23431217	-308.80665808	80.72764984	0.00349437
3.82000000	-1.23427730	-309.61393462	80.72765898	0.00347977
3.83000000	-1.23424258	-310.42121126	80.72766806	0.00346525
3.84000000	-1.23420800	-311.22848798	80.72767708	0.00345081
3.85000000	-1.23417356	-312.03576480	80.72768604	0.00343645
3.86000000	-1.23413927	-312.84304170	80.72769493	0.00342218
3.87000000	-1.23410512	-313.65031870	80.72770377	0.00340799
3.88000000	-1.23407111	-314.45759578	80.72771254	0.00339389
3.89000000	-1.23403724	-315.26487295	80.72772126	0.00337986
3.90000000	-1.23400351	-316.07215020	80.72772992	0.00336592
3.91000000	-1.23396992	-316.87942755	80.72773852	0.00335205
3.92000000	-1.23393647	-317.68670497	80.72774707	0.00333826
3.93000000	-1.23390315	-318.49398249	80.72775556	0.00332456
3.94000000	-1.23386998	-319.30126008	80.72776399	0.00331093
3.95000000	-1.23383694	-320.10853777	80.72777236	0.00329738
3.96000000	-1.23380403	-320.91581553	80.72778068	0.00328390
3.97000000	-1.23377126	-321.72309338	80.72778895	0.00327050
3.98000000	-1.23373862	-322.53037131	80.72779716	0.00325718
3.99000000	-1.23370611	-323.33764932	80.72780532	0.00324394
4.00000000	-1.23367374	-324.14492742	80.72781342	0.00323077
4.01000000	-1.23364150	-324.95220559	80.72782147	0.00321767
4.02000000	-1.23360939	-325.75948385	80.72782947	0.00320465
4.03000000	-1.23357741	-326.56676218	80.72783741	0.00319170
4.04000000	-1.23354555	-327.37404059	80.72784531	0.00317882
4.05000000	-1.23351383	-328.18131909	80.72785315	0.00316601
4.06000000	-1.23348223	-328.98859766	80.72786094	0.00315328
4.07000000	-1.23345076	-329.79587631	80.72786868	0.00314062
4.08000000	-1.23341942	-330.60315503	80.72787638	0.00312803
4.09000000	-1.23338820	-331.41043383	80.72788402	0.00311551
4.10000000	-1.23335711	-332.21771271	80.72789161	0.00310306
4.11000000	-1.23332614	-333.02499166	80.72789915	0.00309068
4.12000000	-1.23329530	-333.83227069	80.72790665	0.00307837
4.13000000	-1.23326457	-334.63954980	80.72791410	0.00306612
4.14000000	-1.23323397	-335.44682898	80.72792150	0.00305395
4.15000000	-1.23320349	-336.25410823	80.72792885	0.00304184
4.16000000	-1.23317314	-337.06138755	80.72793616	0.00302980
4.17000000	-1.23314290	-337.86866695	80.72794342	0.00301782
4.18000000	-1.23311278	-338.67594642	80.72795063	0.00300591
4.19000000	-1.23308278	-339.48322596	80.72795780	0.00299407
4.20000000	-1.23305290	-340.29050558	80.72796492	0.00298229
4.21000000	-1.23302313	-341.09778526	80.72797200	0.00297058
4.22000000	-1.23299349	-341.90506502	80.72797904	0.00295893
4.23000000	-1.23296395	-342.71234484	80.72798603	0.00294735
4.24000000	-1.23293454	-343.51962474	80.72799297	0.00293583
4.25000000	-1.23290524	-344.32690470	80.72799987	0.00292437
4.26000000	-1.23287605	-345.13418473	80.72800673	0.00291297
4.27000000	-1.23284698	-345.94146484	80.72801355	0.00290164
4.28000000	-1.23281802	-346.74874500	80.72802032	0.00289036
4.29000000	-1.23278917	-347.55602524	80.72802706	0.00287915
4.30000000	-1.23276043	-348.36330555	80.72803375	0.00286800
4.31000000	-1.23273181	-349.17058592	80.72804040	0.00285691
4.32000000	-1.23270330	-349.97786635	80.72804700	0.00284588
4.33000000	-1.23267489	-350.78514686	80.72805357	0.00283491
4.34000000	-1.23264660	-351.59242742	80.72806010	0.00282400
4.35000000	-1.23261841	-352.39970806	80.72806659	0.00281315
4.36000000	-1.23259033	-353.20698876	80.72807303	0.00280236
4.37000000	-1.23256236	-354.01426952	80.72807944	0.00279162
4.38000000	-1.23253450	-354.82155034	80.72808581	0.00278094
4.39000000	-1.23250675	-355.62883123	80.72809214	0.00277032
4.40000000	-1.23247910	-356.43611219	80.72809843	0.00275976
4.41000000	-1.23245155	-357.24339320	80.72810468	0.00274925
4.42000000	-1.23242411	-358.05067428	80.72811090	0.00273880
4.43000000	-1.23239677	-358.85795542	80.72811708	0.00272841
4.44000000	-1.23236954	-359.66523662	80.72812322	0.00271807
4.45000000	-1.23234241	-360.47251789	80.72812932	0.00270778
4.46000000	-1.23231539	-361.27979921	80.72813539	0.00269755
4.47000000	-1.23228846	-362.08708059	80.72814142	0.00268737
4.48000000	-1.23226164	-362.89436204	80.72814741	0.00267725
4.49000000	-1.23223492	-363.70164354	80.72815337	0.00266718
4.50000000	-1.23220829	-364.50892510	80.72815929	0.00265717
4.51000000	-1.23218177	-365.31620673	80.72816518	0.00264721
4.52000000	-1.23215535	-366.12348841	80.72817103	0.00263730
4.53000000	-1.23212903	-366.93077015	80.72817685	0.00262744
4.54000000	-1.23210280	-367.73805194	80.72818263	0.00261763
4.55000000	-1.23207667	-368.54533380	80.72818838	0.00260788
4.56000000	-1.23205064	-369.35261571	80.72819409	0.00259818
4.57000000	-1.23202471	-370.15989768	80.72819978	0.00258853
4.58000000	-1.23199887	-370.96717971	80.72820542	0.00257892
4.59000000	-1.23197313	-371.77446179	80.72821104	0.00256937
4.60000000	-1.23194748	-372.58174393	80.72821662	0.00255987
4.61000000	-1.23192193	-373.38902612	80.72822217	0.00255042
4.62000000	-1.23189648	-374.19630837	80.72822768	0.00254102
4.63000000	-1.23187111	-375.00359068	80.72823317	0.00253166
4.64000000	-1.23184584	-375.81087303	80.72823862	0.00252236
4.65000000	-1.23182067	-376.61815545	80.72824404	0.00251310
4.66000000	-1.23179558	-377.42543792	80.72824943	0.00250389
4.67000000	-1.23177059	-378.23272044	80.72825479	0.00249473
4.68000000	-1.23174569	-379.04000301	80.72826011	0.00248561
4.69000000	-1.23172088	-379.84728564	80.72826541	0.00247655
4.70000000	-1.23169615	-380.65456832	80.72827067	0.00246753
4.71000000	-1.23167152	-381.46185105	80.72827591	0.00245855
4.72000000	-1.23164698	-382.26913384	80.72828111	0.00244962
4.73000000	-1.23162253	-383.07641667	80.72828629	0.00244074
4.74000000	-1.23159817	-383.88369956	80.72829143	0.00243190
4.75000000	-1.23157389	-384.69098250	80.72829655	0.00242311
4.76000000	-1.23154971	-385.49826549	80.72830164	0.00241437
4.77000000	-1.23152561	-386.30554854	80.72830669	0.00240567
4.78000000	-1.23150159	-387.11283163	80.72831172	0.00239701
4.79000000	-1.23147767	-387.92011477	80.72831672	0.00238839
4.80000000	-1.23145382	-388.72739796	80.72832170	0.00237982
4.81000000	-1.23143007	-389.53468120	80.72832664	0.00237130
4.82000000	-1.23140640	-390.34196449	80.72833156	0.00236282
4.83000000	-1.23138281	-391.14924783	80.72833644	0.00235438
4.84000000	-1.23135931	-391.95653122	80.72834130	0.00234598
4.85000000	-1.23133589	-392.76381466	80.72834614	0.00233762
4.86000000	-1.23131256	-393.57109815	80.72835094	0.00232931
4.87000000	-1.23128931	-394.37838168	80.72835572	0.00232104
4.88000000	-1.23126614	-395.18566526	80.72836048	0.00231281
4.89000000	-1.23124305	-395.99294889	80.72836520	0.00230462
4.90000000	-1.23122004	-396.80023256	80.72836990	0.00229648
4.91000000	-1.23119712	-397.60751629	80.72837458	0.00228837
4.92000000	-1.23117428	-398.41480006	80.72837922	0.00228031
4.93000000	-1.23115151	-399.22208387	80.72838385	0.00227228
4.94000000	-1.23112883	-400.02936773	80.72838844	0.00226430
4.95000000	-1.23110623	-400.83665164	80.72839301	0.00225635
4.96000000	-1.23108370	-401.64393559	80.72839756	0.00224845
4.97000000	-1.23106126	-402.45121959	80.72840208	0.00224058
4.98000000	-1.23103889	-403.25850363	80.72840657	0.00223275
4.99000000	-1.23101660	-404.06578772	80.72841105	0.00222497
5.00000000	-1.23099439	-404.87307185	80.72841549	0.00221722
5.01000000	-1.23097226	-405.68035603	80.72841991	0.00220951
5.02000000	-1.23095020	-406.48764025	80.72842431	0.00220183
5.03000000	-1.23092822	-407.29492452	80.72842869	0.00219420
5.04000000	-1.23090632	-408.10220883	80.72843304	0.00218660
5.05000000	-1.23088449	-408.90949318	80.72843736	0.00217904
5.06000000	-1.23086274	-409.71677757	80.72844167	0.00217152
5.07000000	-1.23084106	-410.52406201	80.72844595	0.00216403
5.08000000	-1.23081946	-411.33134649	80.72845020	0.00215658
5.09000000	-1.23079793	-412.13863102	80.72845444	0.00214917
5.10000000	-1.23077647	-412.94591558	80.72845865	0.00214179
5.11000000	-1.23075509	-413.75320019	80.72846284	0.00213445
5.12000000	-1.23073378	-414.56048484	80.72846700	0.00212715
5.13000000	-1.23071255	-415.36776953	80.72847115	0.00211988
5.14000000	-1.23069139	-416.17505426	80.72847527	0.00211265
5.15000000	-1.23067030	-416.98233903	80.72847937	0.00210545
5.16000000	-1.23064928	-417.78962385	80.72848344	0.00209829
5.17000000	-1.23062833	-418.59690870	80.72848750	0.00209116
5.18000000	-1.23060745	-419.40419360	80.72849153	0.00208406
5.19000000	-1.23058665	-420.21147853	80.72849555	0.00207700
5.20000000	-1.23056591	-421.01876351	80.72849954	0.00206998
5.21000000	-1.23054525	-421.82604852	80.72850351	0.00206299
5.22000000	-1.23052465	-422.63333358	80.72850746	0.00205603
5.23000000	-1.23050413	-423.44061867	80.72851139	0.00204910
5.24000000	-1.23048367	-424.24790381	80.72851529	0.00204221
5.25000000	-1.23046328	-425.05518898	80.72851918	0.00203535
5.26000000	-1.23044297	-425.86247419	80.72852305	0.00202853
5.27000000	-1.23042271	-426.66975944	80.72852689	0.00202174
5.28000000	-1.23040253	-427.47704473	80.72853072	0.00201498
5.29000000	-1.23038241	-428.28433005	80.72853453	0.00200825
5.30000000	-1.23036237	-429.09161542	80.72853831	0.00200155
5.31000000	-1.23034238	-429.89890082	80.72854208	0.00199489
5.32000000	-1.23032247	-430.70618626	80.72854583	0.00198826
5.33000000	-1.23030262	-431.51347174	80.72854955	0.00198166
5.34000000	-1.23028283	-432.32075725	80.72855326	0.00197509
5.35000000	-1.23026312	-433.12804280	80.72855695	0.00196855
5.36000000	-1.23024346	-433.93532839	80.72856062	0.00196204
5.37000000	-1.23022387	-434.74261401	80.72856427	0.00195557
5.38000000	-1.23020435	-435.54989968	80.72856790	0.00194912
5.39000000	-1.23018489	-436.35718537	80.72857152	0.00194271
5.40000000	-1.23016550	-437.16447111	80.72857511	0.00193632
5.41000000	-1.23014617	-437.97175687	80.72857869	0.00192997
5.42000000	-1.23012690	-438.77904268	80.72858225	0.00192364
5.43000000	-1.23010769	-439.58632852	80.72858579	0.00191735
5.44000000	-1.23008855	-440.39361439	80.72858931	0.00191108
5.45000000	-1.23006947	-441.20090031	80.72859281	0.00190484
5.46000000	-1.23005045	-442.00818625	80.72859630	0.00189864
5.47000000	-1.23003150	-442.81547223	80.72859977	0.00189246
5.48000000	-1.23001260	-443.62275825	80.72860322	0.00188631
5.49000000	-1.22999377	-444.43004430	80.72860665	0.00188019
5.50000000	-1.22997500	-445.23733038	80.72861007	0.00187409
5.51000000	-1.22995629	-446.04461650	80.72861347	0.00186803
5.52000000	-1.22993764	-446.85190265	80.72861685	0.00186199
5.53000000	-1.22991905	-447.65918883	80.72862021	0.00185599
5.54000000	-1.22990052	-448.46647505	80.72862356	0.00185001
5.55000000	-1.22988205	-449.27376131	80.72862689	0.00184405
5.56000000	-1.22986364	-450.08104759	80.72863021	0.00183813
5.57000000	-1.22984529	-450.88833391	80.72863350	0.00183223
5.58000000	-1.22982699	-451.69562026	80.72863679	0.00182636
5.59000000	-1.22980876	-452.50290665	80.72864005	0.00182052
5.60000000	-1.22979058	-453.31019306	80.72864330	0.00181470
5.61000000	-1.22977247	-454.11747951	80.72864653	0.00180891
5.62000000	-1.22975441	-454.92476599	80.72864975	0.00180315
5.63000000	-1.22973640	-455.73205251	80.72865295	0.00179741
5.64000000	-1.22971846	-456.53933905	80.72865613	0.00179170
5.65000000	-1.22970057	-457.34662563	80.72865930	0.00178601
5.66000000	-1.22968274	-458.15391224	80.72866246	0.00178035
5.67000000	-1.22966496	-458.96119888	80.72866559	0.00177472
5.68000000	-1.22964724	-459.76848555	80.72866872	0.00176911
5.69000000	-1.22962958	-460.57577225	80.72867182	0.00176353
5.70000000	-1.22961197	-461.38305899	80.72867491	0.00175798
5.71000000	-1.22959442	-462.19034575	80.72867799	0.00175244
5.72000000	-1.22957692	-462.99763255	80.72868105	0.00174694
5.73000000	-1.22955948	-463.80491937	80.72868410	0.00174146
5.74000000	-1.22954209	-464.61220623	80.72868713	0.00173600
5.75000000	-1.22952476	-465.41949311	80.72869015	0.00173057
5.76000000	-1.22950748	-466.22678003	80.72869315	0.00172516
5.77000000	-1.22949026	-467.03406698	80.72869614	0.00171978
5.78000000	-1.22947309	-467.84135395	80.72869911	0.00171442
5.79000000	-1.22945597	-468.64864096	80.72870207	0.00170908
5.80000000	-1.22943890	-469.45592799	80.72870502	0.00170377
5.81000000	-1.22942189	-470.26321506	80.72870795	0.00169848
5.82000000	-1.22940494	-471.07050215	80.72871086	0.00169322
5.83000000	-1.22938803	-471.87778928	80.72871376	0.00168798
5.84000000	-1.22937118	-472.68507643	80.72871665	0.00168276
5.85000000	-1.22935437	-473.49236361	80.72871953	0.00167757
5.86000000	-1.22933762	-474.29965082	80.72872239	0.00167240
5.87000000	-1.22932093	-475.10693806	80.72872524	0.00166725
5.88000000	-1.22930428	-475.91422532	80.72872807	0.00166213
5.89000000	-1.22928768	-476.72151262	80.72873089	0.00165702
5.90000000	-1.22927114	-477.52879994	80.72873370	0.00165194
5.91000000	-1.22925464	-478.33608729	80.72873649	0.00164689
5.92000000	-1.22923820	-479.14337467	80.72873927	0.00164185
5.93000000	-1.22922181	-479.95066208	80.72874204	0.00163684
5.94000000	-1.22920546	-480.75794951	80.72874479	0.00163185
5.95000000	-1.22918917	-481.56523697	80.72874753	0.00162688
5.96000000	-1.22917293	-482.37252446	80.72875026	0.00162193
5.97000000	-1.22915673	-483.17981198	80.72875297	0.00161701
5.98000000	-1.22914059	-483.98709952	80.72875567	0.00161211
5.99000000	-1.22912449	-484.79438709	80.72875836	0.00160722
6.00000000	-1.22910844	-485.60167469	80.72876104	0.00160236
6.01000000	-1.22909244	-486.40896231	80.72876371	0.00159752
6.02000000	-1.22907649	-487.21624996	80.72876636	0.00159271
6.03000000	-1.22906059	-488.02353764	80.72876900	0.00158791
6.04000000	-1.22904473	-488.83082534	80.72877162	0.00158313
6.05000000	-1.22902892	-489.63811307	80.72877424	0.00157838
6.06000000	-1.22901316	-490.44540083	80.72877684	0.00157364
6.07000000	-1.22899745	-491.25268861	80.72877943	0.00156893
6.08000000	-1.22898179	-492.05997642	80.72878201	0.00156423
6.09000000	-1.22896617	-492.86726425	80.72878458	0.00155956
6.10000000	-1.22895060	-493.67455211	80.72878713	0.00155491
6.11000000	-1.22893507	-494.48183999	80.72878968	0.00155027
6.12000000	-1.22891959	-495.28912790	80.72879221	0.00154566
6.13000000	-1.22890416	-496.09641584	80.72879473	0.00154107
6.14000000	-1.22888877	-496.90370380	80.72879724	0.00153649
6.15000000	-1.22887343	-497.71099178	80.72879973	0.00153194
6.16000000	-1.22885813	-498.51827979	80.72880222	0.00152740
6.17000000	-1.22884288	-499.32556782	80.72880469	0.00152289
6.18000000	-1.22882767	-500.13285588	80.72880715	0.00151839
6.19000000	-1.22881251	-500.94014397	80.72880961	0.00151392
6.20000000	-1.22879739	-501.74743208	80.72881205	0.00150946
6.21000000	-1.22878232	-502.55472021	80.72881447	0.00150502
6.22000000	-1.22876729	-503.36200837	80.72881689	0.00150060
6.23000000	-1.22875231	-504.16929655	80.72881930	0.00149620
6.24000000	-1.22873737	-504.97658475	80.72882170	0.00149182
6.25000000	-1.22872247	-505.78387298	80.72882408	0.00148745
6.26000000	-1.22870762	-506.59116123	80.72882646	0.00148311
6.27000000	-1.22869281	-507.39844951	80.72882882	0.00147878
6.28000000	-1.22867804	-508.20573781	80.72883117	0.00147447
6.29000000	-1.22866332	-509.01302613	80.72883352	0.00147018
6.30000000	-1.22864864	-509.82031448	80.72883585	0.00146591
6.31000000	-1.22863400	-510.62760285	80.72883817	0.00146166
6.32000000	-1.22861941	-511.43489124	80.72884048	0.00145742
6.33000000	-1.22860485	-512.24217966	80.72884278	0.00145320
6.34000000	-1.22859034	-513.04946810	80.72884507	0.00144900
6.35000000	-1.22857587	-513.85675656	80.72884735	0.00144482
6.36000000	-1.22856145	-514.66404505	80.72884962	0.00144065
6.37000000	-1.22854706	-515.47133355	80.72885188	0.00143650
6.38000000	-1.22853272	-516.27862208	80.72885413	0.00143237
6.39000000	-1.22851841	-517.08591064	80.72885637	0.00142826
6.40000000	-1.22850415	-517.89319921	80.72885860	0.00142416
6.41000000	-1.22848993	-518.70048781	80.72886082	0.00142008
6.42000000	-1.22847575	-519.50777643	80.72886303	0.00141602
6.43000000	-1.22846161	-520.31506507	80.72886523	0.00141197
6.44000000	-1.22844751	-521.12235373	80.72886743	0.00140795
6.45000000	-1.22843345	-521.92964242	80.72886961	0.00140393
6.46000000	-1.22841943	-522.73693112	80.72887178	0.00139994
6.47000000	-1.22840545	-523.54421985	80.72887394	0.00139596
6.48000000	-1.22839151	-524.35150860	80.72887609	0.00139200
6.49000000	-1.22837761	-525.15879737	80.72887824	0.00138805
6.50000000	-1.22836375	-525.96608617	80.72888037	0.00138412
6.51000000	-1.22834993	-526.77337498	80.72888250	0.00138021
6.52000000	-1.22833615	-527.58066382	80.72888461	0.00137631
6.53000000	-1.22832240	-528.38795267	80.72888672	0.00137243
6.54000000	-1.22830870	-529.19524155	80.72888882	0.00136856
6.55000000	-1.22829503	-530.00253045	80.72889090	0.00136471
6.56000000	-1.22828140	-530.80981937	80.72889298	0.00136087
6.57000000	-1.22826781	-531.61710831	80.72889505	0.00135706
6.58000000	-1.22825426	-532.42439727	80.72889711	0.00135325
6.59000000	-1.22824075	-533.23168625	80.72889917	0.00134946
6.60000000	-1.22822727	-534.03897525	80.72890121	0.00134569
6.61000000	-1.22821384	-534.84626428	80.72890324	0.00134194
6.62000000	-1.22820043	-535.65355332	80.72890527	0.00133819
6.63000000	-1.22818707	-536.46084238	80.72890729	0.00133447
6.64000000	-1.22817375	-537.26813146	80.72890930	0.00133076
6.65000000	-1.22816046	-538.07542057	80.72891129	0.00132706
6.66000000	-1.22814720	-538.88270969	80.72891329	0.00132338
6.67000000	-1.22813399	-539.68999883	80.72891527	0.00131971
6.68000000	-1.22812081	-540.49728800	80.72891724	0.00131606
6.69000000	-1.22810767	-541.30457718	80.72891921	0.00131242
6.70000000	-1.22809456	-542.11186638	80.72892117	0.00130880
6.71000000	-1.22808149	-542.91915560	80.72892312	0.00130519
6.72000000	-1.22806846	-543.72644484	80.72892506	0.00130160
6.73000000	-1.22805546	-544.53373410	80.72892699	0.00129802
6.74000000	-1.22804250	-545.34102338	80.72892891	0.00129445
6.75000000	-1.22802957	-546.14831268	80.72893083	0.00129090
6.76000000	-1.22801668	-546.95560200	80.72893274	0.00128737
6.77000000	-1.22800382	-547.76289134	80.72893464	0.00128384
6.78000000	-1.22799100	-548.57018069	80.72893653	0.00128034
6.79000000	-1.22797822	-549.37747007	80.72893842	0.00127684
6.80000000	-1.22796546	-550.18475946	80.72894029	0.00127336
6.81000000	-1.22795275	-550.99204887	80.72894216	0.00126990
6.82000000	-1.22794007	-551.79933830	80.72894402	0.00126644
6.83000000	-1.22792742	-552.60662775	80.72894588	0.00126300
6.84000000	-1.22791481	-553.41391722	80.72894772	0.00125958
6.85000000	-1.22790223	-554.22120671	80.72894956	0.00125617
6.86000000	-1.22788968	-555.02849621	80.72895139	0.00125277
6.87000000	-1.22787717	-555.83578573	80.72895321	0.00124938
6.88000000	-1.22786470	-556.64307528	80.72895503	0.00124601
6.89000000	-1.22785225	-557.45036484	80.72895683	0.00124265
6.90000000	-1.22783984	-558.25765441	80.72895863	0.00123931
6.91000000	-1.22782747	-559.06494401	80.72896043	0.00123597
6.92000000	-1.22781512	-559.87223362	80.72896221	0.00123265
6.93000000	-1.22780281	-560.67952325	80.72896399	0.00122935
6.94000000	-1.22779054	-561.48681290	80.72896576	0.00122606
6.95000000	-1.22777829	-562.29410257	80.72896752	0.00122277
6.96000000	-1.22776608	-563.10139225	80.72896928	0.00121951
6.97000000	-1.22775390	-563.90868195	80.72897103	0.00121625
6.98000000	-1.22774176	-564.71597167	80.72897277	0.00121301
6.99000000	-1.22772964	-565.52326141	80.72897450	0.00120978
7.00000000	-1.22771756	-566.33055116	80.72897623	0.00120656
7.01000000	-1.22770551	-567.13784093	80.72897795	0.00120336
7.02000000	-1.22769349	-567.94513072	80.72897966	0.00120017
7.03000000	-1.22768151	-568.75242053	80.72898137	0.00119699
7.04000000	-1.22766955	-569.55971035	80.72898307	0.00119382
7.05000000	-1.22765763	-570.36700019	80.72898476	0.00119066
7.06000000	-1.22764574	-571.17429004	80.72898645	0.00118752
7.07000000	-1.22763388	-571.98157992	80.72898812	0.00118439
7.08000000	-1.22762205	-572.78886981	80.72898980	0.00118127
7.09000000	-1.22761025	-573.59615971	80.72899146	0.00117816
7.10000000	-1.22759849	-574.40344963	80.72899312	0.00117507
7.11000000	-1.22758675	-575.21073957	80.72899477	0.00117199
7.12000000	-1.22757505	-576.01802953	80.72899642	0.00116891
7.13000000	-1.22756337	-576.82531950	80.72899805	0.00116585
7.14000000	-1.22755173	-577.63260949	80.72899969	0.00116281
7.15000000	-1.22754012	-578.43989950	80.72900131	0.00115977
7.16000000	-1.22752854	-579.24718952	80.72900293	0.00115675
7.17000000	-1.22751698	-580.05447955	80.72900454	0.00115373
7.18000000	-1.22750546	-580.86176961	80.72900615	0.00115073
7.19000000	-1.22749397	-581.66905968	80.72900775	0.00114774
7.20000000	-1.22748251	-582.47634976	80.72900934	0.00114476
7.21000000	-1.22747107	-583.28363986	80.72901093	0.00114179
7.22000000	-1.22745967	-584.09092998	80.72901251	0.00113884
7.23000000	-1.22744830	-584.89822011	80.72901408	0.00113589
7.24000000	-1.22743695	-585.70551026	80.72901565	0.00113296
7.25000000	-1.22742564	-586.51280043	80.72901721	0.00113004
7.26000000	-1.22741435	-587.32009061	80.72901877	0.00112712
7.27000000	-1.22740310	-588.12738080	80.72902032	0.00112422
7.28000000	-1.22739187	-588.93467101	80.72902186	0.00112133
7.29000000	-1.22738067	-589.74196124	80.72902340	0.00111845
7.30000000	-1.22736950	-590.54925148	80.72902493	0.00111558
7.31000000	-1.22735836	-591.35654174	80.72902645	0.00111273
7.32000000	-1.22734724	-592.16383201	80.72902797	0.00110988
7.33000000	-1.22733616	-592.97112230	80.72902949	0.00110704
7.34000000	-1.22732510	-593.77841260	80.72903099	0.00110422
7.35000000	-1.22731408	-594.58570292	80.72903250	0.00110140
7.36000000	-1.22730308	-595.39299325	80.72903399	0.00109860
7.37000000	-1.22729210	-596.20028360	80.72903548	0.00109580
7.38000000	-1.22728116	-597.00757396	80.72903696	0.00109302
7.39000000	-1.22727024	-597.81486434	80.72903844	0.00109025
7.40000000	-1.22725935	-598.62215473	80.72903992	0.00108748
7.41000000	-1.22724849	-599.42944514	80.72904138	0.00108473
7.42000000	-1.22723766	-600.23673556	80.72904284	0.00108199
7.43000000	-1.22722685	-601.04402599	80.72904430	0.00107925
7.44000000	-1.22721607	-601.85131644	80.72904575	0.00107653
7.45000000	-1.22720532	-602.65860691	80.72904719	0.00107382
7.46000000	-1.22719460	-603.46589739	80.72904863	0.00107112
7.47000000	-1.22718390	-604.27318788	80.72905006	0.00106842
7.48000000	-1.22717323	-605.08047839	80.72905149	0.00106574
7.49000000	-1.22716259	-605.88776891	80.72905291	0.00106307
7.50000000	-1.22715197	-606.69505945	80.72905433	0.00106041
7.51000000	-1.22714138	-607.50235000	80.72905574	0.00105775
7.52000000	-1.22713081	-608.30964056	80.72905715	0.00105511
7.53000000	-1.22712027	-609.11693114	80.72905855	0.00105248
7.54000000	-1.22710976	-609.92422173	80.72905994	0.00104985
7.55000000	-1.22709928	-610.73151234	80.72906133	0.00104724
7.56000000	-1.22708882	-611.53880296	80.72906272	0.00104463
7.57000000	-1.22707839	-612.34609359	80.72906410	0.00104204
7.58000000	-1.22706798	-613.15338424	80.72906547	0.00103945
7.59000000	-1.22705760	-613.96067490	80.72906684	0.00103687
7.60000000	-1.22704724	-614.76796558	80.72906820	0.00103431
7.61000000	-1.22703691	-615.57525627	80.72906956	0.00103175
7.62000000	-1.22702661	-616.38254697	80.72907091	0.00102920
7.63000000	-1.22701633	-617.18983768	80.72907226	0.00102666
7.64000000	-1.22700607	-617.99712841	80.72907360	0.00102413
7.65000000	-1.22699584	-618.80441916	80.72907494	0.00102161
7.66000000	-1.22698564	-619.61170991	80.72907628	0.00101910
7.67000000	-1.22697546	-620.41900068	80.72907760	0.00101659
7.68000000	-1.22696531	-621.22629146	80.72907893	0.00101410
7.69000000	-1.22695518	-622.03358226	80.72908024	0.00101161
7.70000000	-1.22694508	-622.84087307	80.72908156	0.00100914
7.71000000	-1.22693500	-623.64816389	80.72908287	0.00100667
7.72000000	-1.22692494	-624.45545473	80.72908417	0.00100421
7.73000000	-1.22691491	-625.26274557	80.72908547	0.00100176
7.74000000	-1.22690491	-626.07003644	80.72908676	0.00099932
7.75000000	-1.22689493	-626.87732731	80.72908805	0.00099689
7.76000000	-1.22688497	-627.68461820	80.72908933	0.00099447
7.77000000	-1.22687504	-628.49190910	80.72909061	0.00099205
7.78000000	-1.22686513	-629.29920001	80.72909189	0.00098965
7.79000000	-1.22685524	-630.10649093	80.72909316	0.00098725
7.80000000	-1.22684538	-630.91378187	80.72909442	0.00098486
7.81000000	-1.22683555	-631.72107282	80.72909568	0.00098248
7.82000000	-1.22682573	-632.52836379	80.72909694	0.00098011
7.83000000	-1.22681594	-633.33565476	80.72909819	0.00097774
7.84000000	-1.22680618	-634.14294575	80.72909944	0.00097539
7.85000000	-1.22679644	-634.95023675	80.72910068	0.00097304
7.86000000	-1.22678672	-635.75752776	80.72910191	0.00097070
7.87000000	-1.22677702	-636.56481879	80.72910315	0.00096837
7.88000000	-1.22676735	-637.37210983	80.72910438	0.00096605
7.89000000	-1.22675770	-638.17940088	80.72910560	0.00096373
7.90000000	-1.22674808	-638.98669194	80.72910682	0.00096143
7.91000000	-1.22673847	-639.79398301	80.72910803	0.00095913
7.92000000	-1.22672889	-640.60127410	80.72910924	0.00095684
7.93000000	-1.22671934	-641.40856520	80.72911045	0.00095456
7.94000000	-1.22670980	-642.21585631	80.72911165	0.00095228
7.95000000	-1.22670029	-643.02314743	80.72911285	0.00095002
7.96000000	-1.22669080	-643.83043856	80.72911404	0.00094776
7.97000000	-1.22668134	-644.63772971	80.72911523	0.00094551
7.98000000	-1.22667189	-645.44502087	80.72911641	0.00094327
7.99000000	-1.22666247	-646.25231204	80.72911759	0.00094103
8.00000000	-1.22665307	-647.05960322	80.72911877	0.00093881
