T	Ut	Ft	St	Ct
0.01000000	-2.00000000	-2.00000000	0.00000000	0.00000000
0.02000000	-2.00000000	-2.00000000	0.00000000	0.00000000
0.03000000	-2.00000000	-2.00000000	0.00000000	0.00000000
0.04000000	-2.00000000	-2.00000000	0.00000000	0.00000000
0.05000000	-2.00000000	-2.00000000	0.00000000	0.00000000
0.06000000	-2.00000000	-2.00000000	-0.00000000	0.00000000
0.07000000	-2.00000000	-2.00000000	0.00000000	0.00000000
0.08000000	-2.00000000	-2.00000000	0.00000000	0.00000000
0.09000000	-2.00000000	-2.00000000	-0.00000000	0.00000000
0.10000000	-2.00000000	-2.00000000	-0.00000000	0.00000000
0.11000000	-2.00000000	-2.00000000	0.00000000	0.00000000
0.12000000	-2.00000000	-2.00000000	-0.00000000	0.00000000
0.13000000	-2.00000000	-2.00000000	0.00000000	-0.00000000
0.14000000	-2.00000000	-2.00000000	0.00000000	0.00000000
0.15000000	-2.00000000	-2.00000000	0.00000000	0.00000000
0.16000000	-2.00000000	-2.00000000	0.00000000	0.00000000
0.17000000	-2.00000000	-2.00000000	0.00000000	0.00000000
0.18000000	-2.00000000	-2.00000000	0.00000000	0.00000000
0.19000000	-2.00000000	-2.00000000	0.00000000	0.00000000
0.20000000	-2.00000000	-2.00000000	0.00000000	0.00000000
0.21000000	-2.00000000	-2.00000000	0.00000000	0.00000001
0.22000000	-2.00000000	-2.00000000	0.00000000	0.00000002
0.23000000	-2.00000000	-2.00000000	0.00000000	0.00000003
0.24000000	-2.00000000	-2.00000000	0.00000000	0.00000006
0.25000000	-2.00000000	-2.00000000	0.00000001	0.00000011
0.26000000	-2.00000000	-2.00000000	0.00000001	0.00000019
0.27000000	-1.99999999	-2.00000000	0.00000002	0.00000032
0.28000000	-1.99999999	-2.00000000	0.00000004	0.00000050
0.29000000	-1.99999998	-2.00000000	0.00000006	0.00000076
0.30000000	-1.99999997	-2.00000000	0.00000009	0.00000112
0.31000000	-1.99999996	-2.00000000	0.00000014	0.00000162
0.32000000	-1.99999994	-2.00000000	0.00000020	0.00000227
0.33000000	-1.99999991	-2.00000001	0.00000028	0.00000312
0.34000000	-1.99999988	-2.00000001	0.00000039	0.00000420
0.35000000	-1.99999983	-2.00000001	0.00000053	0.00000555
0.36000000	-1.99999977	-2.00000002	0.00000071	0.00000721
0.37000000	-1.99999968	-2.00000003	0.00000093	0.00000921
0.38000000	-1.99999958	-2.00000004	0.00000121	0.00001161
0.39000000	-1.99999945	-2.00000005	0.00000154	0.00001444
0.40000000	-1.99999929	-2.00000007	0.00000195	0.00001774
0.41000000	-1.99999909	-2.00000009	0.00000243	0.00002154
0.42000000	-1.99999886	-2.00000012	0.00000300	0.00002590
0.43000000	-1.99999857	-2.00000015	0.00000367	0.00003084
0.44000000	-1.99999824	-2.00000019	0.00000444	0.00003639
0.45000000	-1.99999784	-2.00000024	0.00000533	0.00004258
0.46000000	-1.99999739	-2.00000030	0.00000634	0.00004944
0.47000000	-1.99999685	-2.00000037	0.00000748	0.00005698
0.48000000	-1.99999624	-2.00000045	0.00000877	0.00006524
0.49000000	-1.99999555	-2.00000055	0.00001020	0.00007421
0.50000000	-1.99999476	-2.00000066	0.00001180	0.00008392
0.51000000	-1.99999387	-2.00000078	0.00001356	0.00009437
0.52000000	-1.99999287	-2.00000093	0.00001550	0.00010557
0.53000000	-1.99999175	-2.00000109	0.00001762	0.00011752
0.54000000	-1.99999051	-2.00000128	0.00001994	0.00013020
0.55000000	-1.99998915	-2.00000149	0.00002245	0.00014363
0.56000000	-1.99998764	-2.00000173	0.00002516	0.00015779
0.57000000	-1.99998599	-2.00000200	0.00002809	0.00017268
0.58000000	-1.99998418	-2.00000229	0.00003122	0.00018827
0.59000000	-1.99998222	-2.00000262	0.00003458	0.00020455
0.60000000	-1.99998009	-2.00000298	0.00003816	0.00022151
0.61000000	-1.99997779	-2.00000339	0.00004196	0.00023913
0.62000000	-1.99997530	-2.00000382	0.00004600	0.00025738
0.63000000	-1.99997264	-2.00000431	0.00005027	0.00027626
0.64000000	-1.99996978	-2.00000483	0.00005477	0.00029572
0.65000000	-1.99996672	-2.00000540	0.00005951	0.00031575
0.66000000	-1.99996346	-2.00000602	0.00006449	0.00033633
0.67000000	-1.99995999	-2.00000669	0.00006970	0.00035743
0.68000000	-1.99995631	-2.00000742	0.00007516	0.00037902
0.69000000	-1.99995241	-2.00000820	0.00008085	0.00040109
0.70000000	-1.99994829	-2.00000903	0.00008678	0.00042359
0.71000000	-1.99994394	-2.00000993	0.00009295	0.00044652
0.72000000	-1.99993936	-2.00001089	0.00009936	0.00046984
0.73000000	-1.99993454	-2.00001192	0.00010600	0.00049353
0.74000000	-1.99992948	-2.00001302	0.00011288	0.00051756
0.75000000	-1.99992419	-2.00001418	0.00011999	0.00054191
0.76000000	-1.99991865	-2.00001542	0.00012733	0.00056656
0.77000000	-1.99991286	-2.00001673	0.00013490	0.00059148
0.78000000	-1.99990681	-2.00001811	0.00014269	0.00061666
0.79000000	-1.99990052	-2.00001958	0.00015071	0.00064207
0.80000000	-1.99989397	-2.00002113	0.00015895	0.00066770
0.81000000	-1.99988717	-2.00002276	0.00016740	0.00069352
0.82000000	-1.99988010	-2.00002448	0.00017607	0.00071952
0.83000000	-1.99987278	-2.00002628	0.00018495	0.00074568
0.84000000	-1.99986519	-2.00002818	0.00019404	0.00077200
0.85000000	-1.99985734	-2.00003016	0.00020333	0.00079845
0.86000000	-1.99984922	-2.00003224	0.00021282	0.00082502
0.87000000	-1.99984083	-2.00003442	0.00022251	0.00085172
0.88000000	-1.99983218	-2.00003670	0.00023240	0.00087853
0.89000000	-1.99982326	-2.00003907	0.00024248	0.00090544
0.90000000	-1.99981407	-2.00004155	0.00025275	0.00093245
0.91000000	-1.99980461	-2.00004413	0.00026320	0.00095956
0.92000000	-1.99979488	-2.00004681	0.00027383	0.00098678
0.93000000	-1.99978488	-2.00004960	0.00028465	0.00101410
0.94000000	-1.99977460	-2.00005250	0.00029564	0.00104154
0.95000000	-1.99976405	-2.00005552	0.00030681	0.00106910
0.96000000	-1.99975322	-2.00005864	0.00031815	0.00109679
0.97000000	-1.99974211	-2.00006188	0.00032966	0.00112464
0.98000000	-1.99973072	-2.00006523	0.00034134	0.00115265
0.99000000	-1.99971906	-2.00006871	0.00035318	0.00118085
1.00000000	-1.99970711	-2.00007230	0.00036519	0.00120928
1.01000000	-1.99969487	-2.00007601	0.00037737	0.00123795
1.02000000	-1.99968235	-2.00007985	0.00038971	0.00126690
1.03000000	-1.99966953	-2.00008381	0.00040221	0.00129617
1.04000000	-1.99965642	-2.00008789	0.00041487	0.00132581
1.05000000	-1.99964301	-2.00009210	0.00042771	0.00135587
1.06000000	-1.99962930	-2.00009645	0.00044070	0.00138640
1.07000000	-1.99961528	-2.00010092	0.00045386	0.00141746
1.08000000	-1.99960095	-2.00010552	0.00046720	0.00144912
1.09000000	-1.99958630	-2.00011026	0.00048070	0.00148146
1.10000000	-1.99957132	-2.00011514	0.00049438	0.00151456
1.11000000	-1.99955601	-2.00012015	0.00050824	0.00154850
1.12000000	-1.99954035	-2.00012530	0.00052228	0.00158339
1.13000000	-1.99952433	-2.00013060	0.00053652	0.00161935
1.14000000	-1.99950796	-2.00013604	0.00055095	0.00165647
1.15000000	-1.99949120	-2.00014162	0.00056558	0.00169490
1.16000000	-1.99947405	-2.00014735	0.00058043	0.00173478
1.17000000	-1.99945650	-2.00015323	0.00059549	0.00177625
1.18000000	-1.99943852	-2.00015926	0.00061079	0.00181948
1.19000000	-1.99942010	-2.00016544	0.00062634	0.00186466
1.20000000	-1.99940122	-2.00017179	0.00064214	0.00191197
1.21000000	-1.99938186	-2.00017829	0.00065821	0.00196162
1.22000000	-1.99936198	-2.00018495	0.00067457	0.00201384
1.23000000	-1.99934157	-2.00019178	0.00069123	0.00206887
1.24000000	-1.99932059	-2.00019878	0.00070821	0.00212697
1.25000000	-1.99929902	-2.00020594	0.00072554	0.00218843
1.26000000	-1.99927681	-2.00021329	0.00074323	0.00225354
1.27000000	-1.99925394	-2.00022081	0.00076132	0.00232264
1.28000000	-1.99923035	-2.00022852	0.00077982	0.00239607
1.29000000	-1.99920600	-2.00023641	0.00079877	0.00247419
1.30000000	-1.99918084	-2.00024449	0.00081819	0.00255742
1.31000000	-1.99915483	-2.00025277	0.00083812	0.00264617
1.32000000	-1.99912790	-2.00026126	0.00085860	0.00274091
1.33000000	-1.99909999	-2.00026995	0.00087967	0.00284211
1.34000000	-1.99907104	-2.00027885	0.00090136	0.00295030
1.35000000	-1.99904096	-2.00028798	0.00092372	0.00306603
1.36000000	-1.99900969	-2.00029733	0.00094680	0.00318988
1.37000000	-1.99897713	-2.00030692	0.00097064	0.00332248
1.38000000	-1.99894321	-2.00031675	0.00099532	0.00346449
1.39000000	-1.99890781	-2.00032683	0.00102087	0.00361662
1.40000000	-1.99887084	-2.00033717	0.00104738	0.00377961
1.41000000	-1.99883218	-2.00034778	0.00107489	0.00395425
1.42000000	-1.99879171	-2.00035867	0.00110349	0.00414139
1.43000000	-1.99874931	-2.00036985	0.00113325	0.00434191
1.44000000	-1.99870483	-2.00038134	0.00116424	0.00455675
1.45000000	-1.99865812	-2.00039314	0.00119656	0.00478691
1.46000000	-1.99860903	-2.00040527	0.00123030	0.00503343
1.47000000	-1.99855739	-2.00041775	0.00126555	0.00529743
1.48000000	-1.99850302	-2.00043059	0.00130241	0.00558007
1.49000000	-1.99844573	-2.00044380	0.00134099	0.00588261
1.50000000	-1.99838530	-2.00045741	0.00138141	0.00620635
1.51000000	-1.99832152	-2.00047144	0.00142378	0.00655269
1.52000000	-1.99825417	-2.00048590	0.00146824	0.00692308
1.53000000	-1.99818298	-2.00050081	0.00151492	0.00731908
1.54000000	-1.99810769	-2.00051620	0.00156397	0.00774234
1.55000000	-1.99802803	-2.00053210	0.00161553	0.00819460
1.56000000	-1.99794370	-2.00054852	0.00166976	0.00867773
1.57000000	-1.99785437	-2.00056550	0.00172684	0.00919370
1.58000000	-1.99775971	-2.00058307	0.00178694	0.00974463
1.59000000	-1.99765935	-2.00060125	0.00185025	0.01033277
1.60000000	-1.99755292	-2.00062009	0.00191698	0.01096055
1.61000000	-1.99744000	-2.00063960	0.00198733	0.01163058
1.62000000	-1.99732016	-2.00065985	0.00206154	0.01234569
1.63000000	-1.99719293	-2.00068085	0.00213983	0.01310895
1.64000000	-1.99705781	-2.00070266	0.00222247	0.01392370
1.65000000	-1.99691427	-2.00072531	0.00230972	0.01479363
1.66000000	-1.99676174	-2.00074887	0.00240189	0.01572278
1.67000000	-1.99659960	-2.00077337	0.00249926	0.01671564
1.68000000	-1.99642720	-2.00079887	0.00260219	0.01777722
1.69000000	-1.99624381	-2.00082543	0.00271102	0.01891316
1.70000000	-1.99604866	-2.00085311	0.00282615	0.02012981
1.71000000	-1.99584092	-2.00088198	0.00294799	0.02143438
1.72000000	-1.99561966	-2.00091210	0.00307700	0.02283512
1.73000000	-1.99538386	-2.00094354	0.00321369	0.02434152
1.74000000	-1.99513244	-2.00097640	0.00335860	0.02596455
1.75000000	-1.99486414	-2.00101074	0.00351234	0.02771694
1.76000000	-1.99457762	-2.00104668	0.00367560	0.02961359
1.77000000	-1.99427133	-2.00108429	0.00384913	0.03167196
1.78000000	-1.99394357	-2.00112370	0.00403378	0.03391264
1.79000000	-1.99359239	-2.00116501	0.00423051	0.03635998
1.80000000	-1.99321559	-2.00120835	0.00444042	0.03904292
1.81000000	-1.99281063	-2.00125386	0.00466477	0.04199591
1.82000000	-1.99237463	-2.00130170	0.00490498	0.04526014
1.83000000	-1.99190423	-2.00135202	0.00516273	0.04888492
1.84000000	-1.99139554	-2.00140502	0.00543994	0.05292951
1.85000000	-1.99084400	-2.00146089	0.00573886	0.05746517
1.86000000	-1.99024431	-2.00151988	0.00606213	0.06257780
1.87000000	-1.98959018	-2.00158223	0.00641286	0.06837110
1.88000000	-1.98887420	-2.00164824	0.00679470	0.07497036
1.89000000	-1.98808759	-2.00171824	0.00721199	0.08252712
1.90000000	-1.98721986	-2.00179261	0.00766987	0.09122472
1.91000000	-1.98625856	-2.00187179	0.00817447	0.10128501
1.92000000	-1.98518873	-2.00195628	0.00873310	0.11297630
1.93000000	-1.98399252	-2.00204666	0.00935448	0.12662284
1.94000000	-1.98264846	-2.00214361	0.01004905	0.14261581
1.95000000	-1.98113082	-2.00224793	0.01082929	0.16142601
1.96000000	-1.97940868	-2.00236053	0.01171013	0.18361819
1.97000000	-1.97744495	-2.00248253	0.01270943	0.20986668
1.98000000	-1.97519518	-2.00261519	0.01384849	0.24097174
1.99000000	-1.97260621	-2.00276005	0.01515268	0.27787540
2.00000000	-1.96961470	-2.00291889	0.01665210	0.32167476
2.01000000	-1.96614554	-2.00309386	0.01838225	0.37362960
2.02000000	-1.96211021	-2.00328744	0.02038477	0.43515948
2.03000000	-1.95740525	-2.00350262	0.02270806	0.50782353
2.04000000	-1.95191112	-2.00374286	0.02540772	0.59327400
2.05000000	-1.94549160	-2.00401224	0.02854665	0.69317221
2.06000000	-1.93799436	-2.00431549	0.03219472	0.80905450
2.07000000	-1.92925311	-2.00465808	0.03642752	0.94213652
2.08000000	-1.91909209	-2.00504625	0.04132412	1.09304937
2.09000000	-1.90733348	-2.00548704	0.04696343	1.26151274
2.10000000	-1.89380834	-2.00598824	0.05341900	1.44597053
2.11000000	-1.87837114	-2.00655835	0.06075223	1.64324293
2.12000000	-1.86091738	-2.00720635	0.06900423	1.84828100
2.13000000	-1.84140262	-2.00794154	0.07818729	2.05413449
2.14000000	-1.81986040	-2.00877313	0.08827697	2.25224234
2.15000000	-1.79641525	-2.00970988	0.09920681	2.43311116
2.16000000	-1.77128708	-2.01075970	0.11086695	2.58735286
2.17000000	-1.74478403	-2.01192916	0.12310836	2.70692769
2.18000000	-1.71728282	-2.01322321	0.13575247	2.78632990
2.19000000	-1.68919889	-2.01464491	0.14860549	2.82341827
2.20000000	-1.66095096	-2.01619537	0.16147474	2.81966646
2.21000000	-1.63292630	-2.01787387	0.17418442	2.77977213
2.22000000	-1.60545273	-2.01967804	0.18658798	2.71075059
2.23000000	-1.57878115	-2.02160424	0.19857538	2.62076937
2.24000000	-1.55307984	-2.02364792	0.21007503	2.51800779
2.25000000	-1.52843912	-2.02580399	0.22105105	2.40975962
2.26000000	-1.50488323	-2.02806717	0.23149732	2.30188283
2.27000000	-1.48238599	-2.03043222	0.24143006	2.19859297
2.28000000	-1.46088714	-2.03289416	0.25088027	2.10252579
2.29000000	-1.44030699	-2.03544835	0.25988705	2.01496938
2.30000000	-1.42055847	-2.03809056	0.26849221	1.93617271
2.31000000	-1.40155587	-2.04081699	0.27673641	1.86566148
2.32000000	-1.38322066	-2.04362421	0.28465670	1.80251910
2.33000000	-1.36548470	-2.04650915	0.29228517	1.74561300
2.34000000	-1.34829155	-2.04946903	0.29964849	1.69376224
2.35000000	-1.33159634	-2.05250131	0.30676807	1.64585131
2.36000000	-1.31536468	-2.05560364	0.31366057	1.60089898
2.37000000	-1.29957122	-2.05877381	0.32033864	1.55809262
2.38000000	-1.28419781	-2.06200973	0.32681173	1.51679725
2.39000000	-1.26923181	-2.06530938	0.33308685	1.47654759
2.40000000	-1.25466444	-2.06867082	0.33916933	1.43702957
2.41000000	-1.24048941	-2.07209214	0.34506337	1.39805638
2.42000000	-1.22670179	-2.07557147	0.35077260	1.35954273
2.43000000	-1.21329706	-2.07910699	0.35630038	1.32147975
2.44000000	-1.20027054	-2.08269689	0.36165014	1.28391220
2.45000000	-1.18761691	-2.08633941	0.36682551	1.24691889
2.46000000	-1.17532993	-2.09003283	0.37183045	1.21059674
2.47000000	-1.16340239	-2.09377546	0.37666926	1.17504823
2.48000000	-1.15182606	-2.09756568	0.38134662	1.14037230
2.49000000	-1.14059174	-2.10140188	0.38586752	1.10665800
2.50000000	-1.12968944	-2.10528252	0.39023723	1.07398060
2.51000000	-1.11910847	-2.10920613	0.39446122	1.04239955
2.52000000	-1.10883765	-2.11317128	0.39854509	1.01195796
2.53000000	-1.09886542	-2.11717659	0.40249453	0.98268304
2.54000000	-1.08918005	-2.12122074	0.40631523	0.95458726
2.55000000	-1.07976975	-2.12530248	0.41001284	0.92767000
2.56000000	-1.07062276	-2.12942061	0.41359291	0.90191931
2.57000000	-1.06172754	-2.13357397	0.41706087	0.87731384
2.58000000	-1.05307277	-2.13776147	0.42042198	0.85382456
2.59000000	-1.04464745	-2.14198207	0.42368132	0.83141655
2.60000000	-1.03644096	-2.14623477	0.42684377	0.81005043
2.61000000	-1.02844311	-2.15051864	0.42991400	0.78968376
2.62000000	-1.02064410	-2.15483276	0.43289643	0.77027213
2.63000000	-1.01303463	-2.15917629	0.43579531	0.75177012
2.64000000	-1.00560582	-2.16354840	0.43861461	0.73413211
2.65000000	-0.99834926	-2.16794833	0.44135814	0.71731285
2.66000000	-0.99125698	-2.17237532	0.44402945	0.70126800
2.67000000	-0.98432146	-2.17682868	0.44663192	0.68595446
2.68000000	-0.97753559	-2.18130774	0.44916871	0.67133069
2.69000000	-0.97089268	-2.18581185	0.45164281	0.65735683
2.70000000	-0.96438642	-2.19034040	0.45405703	0.64399488
2.71000000	-0.95801087	-2.19489280	0.45641400	0.63120875
2.72000000	-0.95176044	-2.19946850	0.45871620	0.61896426
2.73000000	-0.94562988	-2.20406695	0.46096596	0.60722919
2.74000000	-0.93961426	-2.20868765	0.46316547	0.59597318
2.75000000	-0.93370892	-2.21333010	0.46531679	0.58516771
2.76000000	-0.92790949	-2.21799383	0.46742186	0.57478605
2.77000000	-0.92221187	-2.22267839	0.46948250	0.56480315
2.78000000	-0.91661218	-2.22738334	0.47150042	0.55519559
2.79000000	-0.91110678	-2.23210826	0.47347723	0.54594146
2.80000000	-0.90569224	-2.23685275	0.47541447	0.53702034
2.81000000	-0.90036532	-2.24161642	0.47731356	0.52841312
2.82000000	-0.89512299	-2.24639890	0.47917585	0.52010200
2.83000000	-0.88996235	-2.25119982	0.48100264	0.51207040
2.84000000	-0.88488070	-2.25601884	0.48279512	0.50430281
2.85000000	-0.87987547	-2.26085561	0.48455444	0.49678483
2.86000000	-0.87494422	-2.26570982	0.48628168	0.48950299
2.87000000	-0.87008466	-2.27058114	0.48797787	0.48244476
2.88000000	-0.86529462	-2.27546927	0.48964398	0.47559846
2.89000000	-0.86057202	-2.28037392	0.49128094	0.46895318
2.90000000	-0.85591492	-2.28529480	0.49288961	0.46249878
2.91000000	-0.85132144	-2.29023162	0.49447085	0.45622577
2.92000000	-0.84678983	-2.29518413	0.49602545	0.45012532
2.93000000	-0.84231839	-2.30015205	0.49755415	0.44418917
2.94000000	-0.83790552	-2.30513513	0.49905769	0.43840963
2.95000000	-0.83354970	-2.31013312	0.50053675	0.43277950
2.96000000	-0.82924945	-2.31514578	0.50199200	0.42729206
2.97000000	-0.82500340	-2.32017288	0.50342407	0.42194102
2.98000000	-0.82081020	-2.32521419	0.50483355	0.41672050
2.99000000	-0.81666857	-2.33026948	0.50622104	0.41162500
3.00000000	-0.81257730	-2.33533854	0.50758708	0.40664936
3.01000000	-0.80853520	-2.34042115	0.50893221	0.40178874
3.02000000	-0.80454116	-2.34551711	0.51025694	0.39703861
3.03000000	-0.80059408	-2.35062622	0.51156176	0.39239469
3.04000000	-0.79669292	-2.35574828	0.51284716	0.38785300
3.05000000	-0.79283669	-2.36088310	0.51411358	0.38340974
3.06000000	-0.78902441	-2.36603049	0.51536147	0.37906139
3.07000000	-0.78525516	-2.37119027	0.51659124	0.37480457
3.08000000	-0.78152802	-2.37636226	0.51780332	0.37063615
3.09000000	-0.77784215	-2.38154628	0.51899810	0.36655311
3.10000000	-0.77419669	-2.38674217	0.52017596	0.36255265
3.11000000	-0.77059083	-2.39194975	0.52133727	0.35863207
3.12000000	-0.76702379	-2.39716886	0.52248239	0.35478884
3.13000000	-0.76349480	-2.40239934	0.52361167	0.35102055
3.14000000	-0.76000313	-2.40764104	0.52472545	0.34732489
3.15000000	-0.75654807	-2.41289380	0.52582404	0.34369969
3.16000000	-0.75312891	-2.41815747	0.52690777	0.34014285
3.17000000	-0.74974499	-2.42343191	0.52797694	0.33665239
3.18000000	-0.74639565	-2.42871696	0.52903186	0.33322642
3.19000000	-0.74308025	-2.43401250	0.53007280	0.32986310
3.20000000	-0.73979819	-2.43931837	0.53110006	0.32656070
3.21000000	-0.73654884	-2.44463445	0.53211390	0.32331754
3.22000000	-0.73333164	-2.44996061	0.53311459	0.32013201
3.23000000	-0.73014602	-2.45529670	0.53410238	0.31700259
3.24000000	-0.72699141	-2.46064261	0.53507753	0.31392777
3.25000000	-0.72386728	-2.46599821	0.53604029	0.31090613
3.26000000	-0.72077311	-2.47136338	0.53699088	0.30793630
3.27000000	-0.71770839	-2.47673799	0.53792954	0.30501693
3.28000000	-0.71467261	-2.48212193	0.53885650	0.30214675
3.29000000	-0.71166529	-2.48751508	0.53977197	0.29932451
3.30000000	-0.70868596	-2.49291733	0.54067617	0.29654901
3.31000000	-0.70573416	-2.49832857	0.54156931	0.29381910
3.32000000	-0.70280943	-2.50374868	0.54245158	0.29113364
3.33000000	-0.69991134	-2.50917756	0.54332319	0.28849155
3.34000000	-0.69703946	-2.51461511	0.54418433	0.28589177
3.35000000	-0.69419337	-2.52006122	0.54503518	0.28333327
3.36000000	-0.69137266	-2.52551578	0.54587593	0.28081506
3.37000000	-0.68857694	-2.53097870	0.54670675	0.27833618
3.38000000	-0.68580581	-2.53644988	0.54752783	0.27589570
3.39000000	-0.68305890	-2.54192923	0.54833933	0.27349270
3.40000000	-0.68033584	-2.54741664	0.54914141	0.27112630
3.41000000	-0.67763625	-2.55291202	0.54993424	0.26879565
3.42000000	-0.67495981	-2.55841529	0.55071798	0.26649991
3.43000000	-0.67230614	-2.56392635	0.55149277	0.26423828
3.44000000	-0.66967493	-2.56944512	0.55225878	0.26200996
3.45000000	-0.66706584	-2.57497150	0.55301613	0.25981421
3.46000000	-0.66447854	-2.58050541	0.55376499	0.25765026
3.47000000	-0.66191273	-2.58604677	0.55450549	0.25551742
3.48000000	-0.65936809	-2.59159549	0.55523776	0.25341497
3.49000000	-0.65684433	-2.59715150	0.55596194	0.25134223
3.50000000	-0.65434115	-2.60271471	0.55667816	0.24929855
3.51000000	-0.65185826	-2.60828504	0.55738655	0.24728328
3.52000000	-0.64939539	-2.61386241	0.55808722	0.24529580
3.53000000	-0.64695226	-2.61944676	0.55878031	0.24333550
3.54000000	-0.64452859	-2.62503799	0.55946593	0.24140179
3.55000000	-0.64212413	-2.63063605	0.56014420	0.23949411
3.56000000	-0.63973862	-2.63624085	0.56081523	0.23761189
3.57000000	-0.63737181	-2.64185233	0.56147914	0.23575459
3.58000000	-0.63502345	-2.64747041	0.56213602	0.23392170
3.59000000	-0.63269330	-2.65309503	0.56278600	0.23211270
3.60000000	-0.63038112	-2.65872611	0.56342916	0.23032710
3.61000000	-0.62808668	-2.66436359	0.56406563	0.22856441
3.62000000	-0.62580976	-2.67000740	0.56469548	0.22682418
3.63000000	-0.62355012	-2.67565748	0.56531883	0.22510594
3.64000000	-0.62130756	-2.68131376	0.56593577	0.22340927
3.65000000	-0.61908187	-2.68697617	0.56654638	0.22173372
3.66000000	-0.61687282	-2.69264466	0.56715078	0.22007889
3.67000000	-0.61468022	-2.69831917	0.56774903	0.21844438
3.68000000	-0.61250387	-2.70399962	0.56834124	0.21682978
3.69000000	-0.61034356	-2.70968597	0.56892748	0.21523473
3.70000000	-0.60819911	-2.71537815	0.56950785	0.21365886
3.71000000	-0.60607032	-2.72107611	0.57008242	0.21210180
3.72000000	-0.60395701	-2.72677978	0.57065128	0.21056320
3.73000000	-0.60185900	-2.73248912	0.57121451	0.20904273
3.74000000	-0.59977610	-2.73820405	0.57177218	0.20754007
3.75000000	-0.59770814	-2.74392454	0.57232437	0.20605488
3.76000000	-0.59565494	-2.74965052	0.57287117	0.20458687
3.77000000	-0.59361634	-2.75538195	0.57341263	0.20313572
3.78000000	-0.59159217	-2.76111876	0.57394883	0.20170115
3.79000000	-0.58958227	-2.76686091	0.57447985	0.20028287
3.80000000	-0.58758646	-2.77260834	0.57500576	0.19888060
3.81000000	-0.58560460	-2.77836100	0.57552661	0.19749407
3.82000000	-0.58363653	-2.78411885	0.57604249	0.19612303
3.83000000	-0.58168209	-2.78988184	0.57655346	0.19476721
3.84000000	-0.57974113	-2.79564991	0.57705958	0.19342637
3.85000000	-0.57781351	-2.80142301	0.57756091	0.19210026
3.86000000	-0.57589908	-2.80720111	0.57805752	0.19078865
3.87000000	-0.57399769	-2.81298415	0.57854947	0.18949131
3.88000000	-0.57210921	-2.81877208	0.57903682	0.18820801
3.89000000	-0.57023349	-2.82456487	0.57951964	0.18693855
3.90000000	-0.56837039	-2.83036246	0.57999797	0.18568269
3.91000000	-0.56651979	-2.83616481	0.58047187	0.18444025
3.92000000	-0.56468154	-2.84197188	0.58094141	0.18321100
3.93000000	-0.56285552	-2.84778363	0.58140664	0.18199477
3.94000000	-0.56104160	-2.85360000	0.58186761	0.18079135
3.95000000	-0.55923966	-2.85942097	0.58232438	0.17960055
3.96000000	-0.55744955	-2.86524648	0.58277700	0.17842220
3.97000000	-0.55567117	-2.87107649	0.58322552	0.17725611
3.98000000	-0.55390439	-2.87691097	0.58367000	0.17610211
3.99000000	-0.55214909	-2.88274988	0.58411047	0.17496002
4.00000000	-0.55040515	-2.88859317	0.58454700	0.17382968
4.01000000	-0.54867246	-2.89444081	0.58497964	0.17271091
4.02000000	-0.54695089	-2.90029275	0.58540842	0.17160357
4.03000000	-0.54524035	-2.90614896	0.58583340	0.17050750
4.04000000	-0.54354071	-2.91200941	0.58625463	0.16942253
4.05000000	-0.54185186	-2.91787404	0.58667214	0.16834852
4.06000000	-0.54017370	-2.92374284	0.58708599	0.16728531
4.07000000	-0.53850612	-2.92961575	0.58749622	0.16623278
4.08000000	-0.53684901	-2.93549275	0.58790288	0.16519076
4.09000000	-0.53520227	-2.94137380	0.58830600	0.16415912
4.10000000	-0.53356579	-2.94725886	0.58870563	0.16313772
4.11000000	-0.53193948	-2.95314790	0.58910180	0.16212644
4.12000000	-0.53032323	-2.95904088	0.58949458	0.16112513
4.13000000	-0.52871695	-2.96493778	0.58988398	0.16013366
4.14000000	-0.52712053	-2.97083855	0.59027005	0.15915192
4.15000000	-0.52553388	-2.97674317	0.59065284	0.15817976
4.16000000	-0.52395690	-2.98265160	0.59103238	0.15721708
4.17000000	-0.52238950	-2.98856380	0.59140871	0.15626374
4.18000000	-0.52083159	-2.99447976	0.59178186	0.15531963
4.19000000	-0.51928308	-3.00039943	0.59215187	0.15438463
4.20000000	-0.51774387	-3.00632279	0.59251879	0.15345862
4.21000000	-0.51621388	-3.01224980	0.59288264	0.15254150
4.22000000	-0.51469301	-3.01818043	0.59324346	0.15163315
4.23000000	-0.51318119	-3.02411466	0.59360129	0.15073345
4.24000000	-0.51167831	-3.03005245	0.59395616	0.14984231
4.25000000	-0.51018431	-3.03599377	0.59430811	0.14895961
4.26000000	-0.50869909	-3.04193860	0.59465716	0.14808525
4.27000000	-0.50722258	-3.04788690	0.59500335	0.14721912
4.28000000	-0.50575468	-3.05383866	0.59534672	0.14636112
4.29000000	-0.50429533	-3.05979383	0.59568730	0.14551116
4.30000000	-0.50284444	-3.06575239	0.59602511	0.14466913
4.31000000	-0.50140192	-3.07171432	0.59636019	0.14383494
4.32000000	-0.49996771	-3.07767959	0.59669256	0.14300848
4.33000000	-0.49854173	-3.08364816	0.59702227	0.14218967
4.34000000	-0.49712389	-3.08962002	0.59734934	0.14137840
4.35000000	-0.49571413	-3.09559514	0.59767380	0.14057460
4.36000000	-0.49431238	-3.10157349	0.59799567	0.13977816
4.37000000	-0.49291855	-3.10755505	0.59831499	0.13898899
4.38000000	-0.49153257	-3.11353978	0.59863178	0.13820702
4.39000000	-0.49015438	-3.11952767	0.59894608	0.13743214
4.40000000	-0.48878391	-3.12551870	0.59925791	0.13666428
4.41000000	-0.48742107	-3.13151282	0.59956729	0.13590335
4.42000000	-0.48606582	-3.13751003	0.59987426	0.13514926
4.43000000	-0.48471807	-3.14351030	0.60017883	0.13440194
4.44000000	-0.48337775	-3.14951360	0.60048105	0.13366129
4.45000000	-0.48204482	-3.15551991	0.60078092	0.13292725
4.46000000	-0.48071919	-3.16152921	0.60107848	0.13219973
4.47000000	-0.47940080	-3.16754148	0.60137375	0.13147865
4.48000000	-0.47808959	-3.17355668	0.60166676	0.13076394
4.49000000	-0.47678550	-3.17957480	0.60195753	0.13005551
4.50000000	-0.47548846	-3.18559582	0.60224608	0.12935330
4.51000000	-0.47419842	-3.19161972	0.60253244	0.12865723
4.52000000	-0.47291530	-3.19764647	0.60281663	0.12796722
4.53000000	-0.47163905	-3.20367604	0.60309867	0.12728321
4.54000000	-0.47036961	-3.20970843	0.60337859	0.12660512
4.55000000	-0.46910693	-3.21574361	0.60365641	0.12593289
4.56000000	-0.46785094	-3.22178155	0.60393215	0.12526643
4.57000000	-0.46660158	-3.22782225	0.60420583	0.12460570
4.58000000	-0.46535880	-3.23386566	0.60447748	0.12395060
4.59000000	-0.46412255	-3.23991179	0.60474711	0.12330109
4.60000000	-0.46289276	-3.24596060	0.60501475	0.12265710
4.61000000	-0.46166939	-3.25201208	0.60528041	0.12201855
4.62000000	-0.46045238	-3.25806620	0.60554412	0.12138539
4.63000000	-0.45924167	-3.26412295	0.60580589	0.12075755
4.64000000	-0.45803721	-3.27018231	0.60606576	0.12013497
4.65000000	-0.45683895	-3.27624426	0.60632372	0.11951759
4.66000000	-0.45564684	-3.28230878	0.60657982	0.11890535
4.67000000	-0.45446082	-3.28837585	0.60683405	0.11829818
4.68000000	-0.45328086	-3.29444546	0.60708645	0.11769604
4.69000000	-0.45210689	-3.30051757	0.60733703	0.11709885
4.70000000	-0.45093886	-3.30659219	0.60758581	0.11650657
4.71000000	-0.44977674	-3.31266928	0.60783281	0.11591914
4.72000000	-0.44862047	-3.31874884	0.60807805	0.11533650
4.73000000	-0.44746999	-3.32483084	0.60832153	0.11475859
4.74000000	-0.44632528	-3.33091527	0.60856329	0.11418537
4.75000000	-0.44518627	-3.33700210	0.60880333	0.11361678
4.76000000	-0.44405293	-3.34309133	0.60904168	0.11305276
4.77000000	-0.44292520	-3.34918293	0.60927835	0.11249326
4.78000000	-0.44180305	-3.35527689	0.60951336	0.11193824
4.79000000	-0.44068642	-3.36137319	0.60974672	0.11138764
4.80000000	-0.43957528	-3.36747182	0.60997845	0.11084140
4.81000000	-0.43846958	-3.37357275	0.61020856	0.11029950
4.82000000	-0.43736928	-3.37967598	0.61043708	0.10976186
4.83000000	-0.43627433	-3.38578149	0.61066401	0.10922845
4.84000000	-0.43518469	-3.39188926	0.61088937	0.10869922
4.85000000	-0.43410033	-3.39799927	0.61111318	0.10817412
4.86000000	-0.43302120	-3.40411152	0.61133546	0.10765310
4.87000000	-0.43194725	-3.41022598	0.61155621	0.10713613
4.88000000	-0.43087846	-3.41634263	0.61177545	0.10662315
4.89000000	-0.42981478	-3.42246148	0.61199319	0.10611412
4.90000000	-0.42875617	-3.42858249	0.61220945	0.10560900
4.91000000	-0.42770258	-3.43470566	0.61242425	0.10510774
4.92000000	-0.42665400	-3.44083097	0.61263760	0.10461031
4.93000000	-0.42561037	-3.44695841	0.61284950	0.10411666
4.94000000	-0.42457165	-3.45308796	0.61305998	0.10362675
4.95000000	-0.42353782	-3.45921961	0.61326905	0.10314053
4.96000000	-0.42250883	-3.46535334	0.61347671	0.10265798
4.97000000	-0.42148465	-3.47148914	0.61368300	0.10217905
4.98000000	-0.42046524	-3.47762699	0.61388790	0.10170369
4.99000000	-0.41945056	-3.48376689	0.61409145	0.10123188
5.00000000	-0.41844059	-3.48990882	0.61429365	0.10076358
5.01000000	-0.41743528	-3.49605276	0.61449451	0.10029874
5.02000000	-0.41643460	-3.50219870	0.61469404	0.09983733
5.03000000	-0.41543852	-3.50834663	0.61489227	0.09937932
5.04000000	-0.41444700	-3.51449654	0.61508919	0.09892467
5.05000000	-0.41346002	-3.52064841	0.61528483	0.09847333
5.06000000	-0.41247753	-3.52680223	0.61547919	0.09802529
5.07000000	-0.41149950	-3.53295799	0.61567229	0.09758050
5.08000000	-0.41052590	-3.53911568	0.61586413	0.09713893
5.09000000	-0.40955671	-3.54527527	0.61605473	0.09670055
5.10000000	-0.40859188	-3.55143677	0.61624409	0.09626532
5.11000000	-0.40763139	-3.55760015	0.61643224	0.09583322
5.12000000	-0.40667521	-3.56376541	0.61661918	0.09540420
5.13000000	-0.40572330	-3.56993253	0.61680492	0.09497824
5.14000000	-0.40477563	-3.57610150	0.61698947	0.09455531
5.15000000	-0.40383218	-3.58227231	0.61717284	0.09413537
5.16000000	-0.40289292	-3.58844495	0.61735505	0.09371840
5.17000000	-0.40195780	-3.59461941	0.61753609	0.09330437
5.18000000	-0.40102682	-3.60079567	0.61771599	0.09289324
5.19000000	-0.40009993	-3.60697373	0.61789476	0.09248498
5.20000000	-0.39917711	-3.61315356	0.61807239	0.09207958
5.21000000	-0.39825833	-3.61933517	0.61824891	0.09167700
5.22000000	-0.39734356	-3.62551854	0.61842433	0.09127720
5.23000000	-0.39643278	-3.63170365	0.61859864	0.09088018
5.24000000	-0.39552595	-3.63789051	0.61877186	0.09048589
5.25000000	-0.39462305	-3.64407909	0.61894401	0.09009431
5.26000000	-0.39372405	-3.65026938	0.61911508	0.08970541
5.27000000	-0.39282893	-3.65646139	0.61928510	0.08931917
5.28000000	-0.39193766	-3.66265508	0.61945406	0.08893557
5.29000000	-0.39105021	-3.66885046	0.61962198	0.08855457
5.30000000	-0.39016656	-3.67504752	0.61978886	0.08817615
5.31000000	-0.38928668	-3.68124624	0.61995472	0.08780029
5.32000000	-0.38841055	-3.68744661	0.62011956	0.08742696
5.33000000	-0.38753813	-3.69364863	0.62028339	0.08705614
5.34000000	-0.38666942	-3.69985227	0.62044623	0.08668780
5.35000000	-0.38580437	-3.70605755	0.62060807	0.08632192
5.36000000	-0.38494297	-3.71226443	0.62076893	0.08595848
5.37000000	-0.38408519	-3.71847292	0.62092881	0.08559746
5.38000000	-0.38323101	-3.72468301	0.62108773	0.08523882
5.39000000	-0.38238041	-3.73089467	0.62124569	0.08488256
5.40000000	-0.38153335	-3.73710792	0.62140270	0.08452864
5.41000000	-0.38068983	-3.74332272	0.62155876	0.08417705
5.42000000	-0.37984980	-3.74953909	0.62171389	0.08382776
5.43000000	-0.37901326	-3.75575700	0.62186809	0.08348076
5.44000000	-0.37818018	-3.76197645	0.62202137	0.08313601
5.45000000	-0.37735054	-3.76819742	0.62217374	0.08279351
5.46000000	-0.37652430	-3.77441992	0.62232520	0.08245323
5.47000000	-0.37570146	-3.78064392	0.62247577	0.08211515
5.48000000	-0.37488199	-3.78686943	0.62262544	0.08177925
5.49000000	-0.37406587	-3.79309643	0.62277424	0.08144551
5.50000000	-0.37325308	-3.79932491	0.62292215	0.08111392
5.51000000	-0.37244359	-3.80555487	0.62306920	0.08078444
5.52000000	-0.37163738	-3.81178629	0.62321538	0.08045707
5.53000000	-0.37083444	-3.81801918	0.62336071	0.08013178
5.54000000	-0.37003474	-3.82425351	0.62350519	0.07980856
5.55000000	-0.36923826	-3.83048928	0.62364883	0.07948739
5.56000000	-0.36844498	-3.83672648	0.62379164	0.07916825
5.57000000	-0.36765489	-3.84296511	0.62393361	0.07885111
5.58000000	-0.36686795	-3.84920515	0.62407477	0.07853598
5.59000000	-0.36608416	-3.85544660	0.62421510	0.07822281
5.60000000	-0.36530349	-3.86168945	0.62435464	0.07791161
5.61000000	-0.36452592	-3.86793369	0.62449336	0.07760235
5.62000000	-0.36375144	-3.87417931	0.62463129	0.07729502
5.63000000	-0.36298002	-3.88042631	0.62476844	0.07698959
5.64000000	-0.36221164	-3.88667468	0.62490479	0.07668606
5.65000000	-0.36144629	-3.89292441	0.62504037	0.07638441
5.66000000	-0.36068395	-3.89917548	0.62517518	0.07608461
5.67000000	-0.35992459	-3.90542791	0.62530923	0.07578666
5.68000000	-0.35916821	-3.91168167	0.62544251	0.07549054
5.69000000	-0.35841477	-3.91793675	0.62557504	0.07519623
5.70000000	-0.35766428	-3.92419316	0.62570682	0.07490371
5.71000000	-0.35691669	-3.93045089	0.62583786	0.07461299
5.72000000	-0.35617201	-3.93670992	0.62596817	0.07432402
5.73000000	-0.35543021	-3.94297025	0.62609774	0.07403682
5.74000000	-0.35469127	-3.94923187	0.62622659	0.07375135
5.75000000	-0.35395517	-3.95549478	0.62635471	0.07346760
5.76000000	-0.35322191	-3.96175896	0.62648213	0.07318556
5.77000000	-0.35249146	-3.96802442	0.62660883	0.07290522
5.78000000	-0.35176380	-3.97429114	0.62673483	0.07262656
5.79000000	-0.35103892	-3.98055911	0.62686014	0.07234957
5.80000000	-0.35031680	-3.98682834	0.62698475	0.07207423
5.81000000	-0.34959743	-3.99309881	0.62710867	0.07180053
5.82000000	-0.34888079	-3.99937051	0.62723191	0.07152846
5.83000000	-0.34816686	-4.00564344	0.62735447	0.07125800
5.84000000	-0.34745562	-4.01191760	0.62747637	0.07098914
5.85000000	-0.34674707	-4.01819297	0.62759759	0.07072187
5.86000000	-0.34604118	-4.02446955	0.62771815	0.07045617
5.87000000	-0.34533794	-4.03074733	0.62783806	0.07019204
5.88000000	-0.34463733	-4.03702630	0.62795731	0.06992946
5.89000000	-0.34393935	-4.04330647	0.62807591	0.06966841
5.90000000	-0.34324396	-4.04958782	0.62819387	0.06940888
5.91000000	-0.34255116	-4.05587035	0.62831120	0.06915087
5.92000000	-0.34186094	-4.06215404	0.62842789	0.06889436
5.93000000	-0.34117327	-4.06843890	0.62854395	0.06863934
5.94000000	-0.34048815	-4.07472492	0.62865939	0.06838580
5.95000000	-0.33980555	-4.08101209	0.62877421	0.06813372
5.96000000	-0.33912547	-4.08730040	0.62888841	0.06788309
5.97000000	-0.33844788	-4.09358985	0.62900201	0.06763390
5.98000000	-0.33777278	-4.09988044	0.62911499	0.06738615
5.99000000	-0.33710016	-4.10617215	0.62922738	0.06713982
6.00000000	-0.33642998	-4.11246499	0.62933917	0.06689489
6.01000000	-0.33576225	-4.11875893	0.62945036	0.06665136
6.02000000	-0.33509695	-4.12505399	0.62956097	0.06640922
6.03000000	-0.33443406	-4.13135015	0.62967099	0.06616845
6.04000000	-0.33377358	-4.13764741	0.62978044	0.06592905
6.05000000	-0.33311548	-4.14394576	0.62988930	0.06569101
6.06000000	-0.33245975	-4.15024519	0.62999760	0.06545431
6.07000000	-0.33180639	-4.15654571	0.63010532	0.06521894
6.08000000	-0.33115537	-4.16284730	0.63021249	0.06498490
6.09000000	-0.33050669	-4.16914996	0.63031909	0.06475217
6.10000000	-0.32986032	-4.17545368	0.63042514	0.06452074
6.11000000	-0.32921627	-4.18175846	0.63053064	0.06429061
6.12000000	-0.32857451	-4.18806429	0.63063559	0.06406176
6.13000000	-0.32793503	-4.19437117	0.63073999	0.06383419
6.14000000	-0.32729782	-4.20067909	0.63084385	0.06360788
6.15000000	-0.32666287	-4.20698804	0.63094718	0.06338282
6.16000000	-0.32603016	-4.21329803	0.63104998	0.06315901
6.17000000	-0.32539968	-4.21960904	0.63115225	0.06293644
6.18000000	-0.32477142	-4.22592107	0.63125399	0.06271509
6.19000000	-0.32414537	-4.23223412	0.63135521	0.06249497
6.20000000	-0.32352152	-4.23854817	0.63145591	0.06227605
6.21000000	-0.32289985	-4.24486323	0.63155610	0.06205833
6.22000000	-0.32228035	-4.25117929	0.63165578	0.06184180
6.23000000	-0.32166301	-4.25749635	0.63175495	0.06162645
6.24000000	-0.32104782	-4.26381439	0.63185362	0.06141228
6.25000000	-0.32043476	-4.27013342	0.63195179	0.06119927
6.26000000	-0.31982383	-4.27645343	0.63204946	0.06098742
6.27000000	-0.31921501	-4.28277441	0.63214663	0.06077671
6.28000000	-0.31860829	-4.28909636	0.63224332	0.06056714
6.29000000	-0.31800366	-4.29541927	0.63233952	0.06035871
6.30000000	-0.31740111	-4.30174315	0.63243524	0.06015139
6.31000000	-0.31680063	-4.30806797	0.63253048	0.05994519
6.32000000	-0.31620220	-4.31439375	0.63262525	0.05974010
6.33000000	-0.31560582	-4.32072048	0.63271953	0.05953611
6.34000000	-0.31501148	-4.32704814	0.63281335	0.05933320
6.35000000	-0.31441916	-4.33337674	0.63290671	0.05913138
6.36000000	-0.31382885	-4.33970628	0.63299960	0.05893063
6.37000000	-0.31324054	-4.34603673	0.63309202	0.05873095
6.38000000	-0.31265423	-4.35236811	0.63318400	0.05853233
6.39000000	-0.31206989	-4.35870041	0.63327551	0.05833475
6.40000000	-0.31148753	-4.36503362	0.63336658	0.05813823
6.41000000	-0.31090712	-4.37136774	0.63345719	0.05794273
6.42000000	-0.31032867	-4.37770277	0.63354737	0.05774827
6.43000000	-0.30975215	-4.38403869	0.63363710	0.05755483
6.44000000	-0.30917757	-4.39037551	0.63372639	0.05736241
6.45000000	-0.30860490	-4.39671321	0.63381524	0.05717099
6.46000000	-0.30803415	-4.40305181	0.63390366	0.05698057
6.47000000	-0.30746529	-4.40939129	0.63399165	0.05679114
6.48000000	-0.30689832	-4.41573164	0.63407922	0.05660270
6.49000000	-0.30633323	-4.42207287	0.63416635	0.05641524
6.50000000	-0.30577001	-4.42841497	0.63425307	0.05622875
6.51000000	-0.30520865	-4.43475793	0.63433937	0.05604322
6.52000000	-0.30464914	-4.44110175	0.63442525	0.05585866
6.53000000	-0.30409148	-4.44744643	0.63451071	0.05567504
6.54000000	-0.30353564	-4.45379197	0.63459577	0.05549238
6.55000000	-0.30298163	-4.46013835	0.63468042	0.05531064
6.56000000	-0.30242942	-4.46648557	0.63476466	0.05512985
6.57000000	-0.30187903	-4.47283364	0.63484850	0.05494997
6.58000000	-0.30133042	-4.47918254	0.63493193	0.05477102
6.59000000	-0.30078360	-4.48553228	0.63501497	0.05459298
6.60000000	-0.30023856	-4.49188284	0.63509762	0.05441584
6.61000000	-0.29969528	-4.49823423	0.63517987	0.05423961
6.62000000	-0.29915376	-4.50458644	0.63526173	0.05406427
6.63000000	-0.29861399	-4.51093946	0.63534321	0.05388981
6.64000000	-0.29807596	-4.51729330	0.63542430	0.05371624
6.65000000	-0.29753967	-4.52364794	0.63550500	0.05354354
6.66000000	-0.29700509	-4.53000340	0.63558533	0.05337172
6.67000000	-0.29647223	-4.53635965	0.63566528	0.05320075
6.68000000	-0.29594107	-4.54271670	0.63574485	0.05303065
6.69000000	-0.29541161	-4.54907455	0.63582406	0.05286140
6.70000000	-0.29488384	-4.55543318	0.63590289	0.05269299
6.71000000	-0.29435775	-4.56179260	0.63598135	0.05252542
6.72000000	-0.29383333	-4.56815281	0.63605945	0.05235869
6.73000000	-0.29331057	-4.57451379	0.63613718	0.05219279
6.74000000	-0.29278947	-4.58087555	0.63621455	0.05202771
6.75000000	-0.29227002	-4.58723808	0.63629156	0.05186345
6.76000000	-0.29175220	-4.59360138	0.63636822	0.05170000
6.77000000	-0.29123601	-4.59996544	0.63644452	0.05153735
6.78000000	-0.29072145	-4.60633027	0.63652047	0.05137551
6.79000000	-0.29020850	-4.61269585	0.63659608	0.05121447
6.80000000	-0.28969716	-4.61906219	0.63667133	0.05105421
6.81000000	-0.28918741	-4.62542928	0.63674624	0.05089475
6.82000000	-0.28867926	-4.63179711	0.63682080	0.05073606
6.83000000	-0.28817269	-4.63816569	0.63689502	0.05057815
6.84000000	-0.28766770	-4.64453501	0.63696891	0.05042100
6.85000000	-0.28716427	-4.65090507	0.63704245	0.05026462
6.86000000	-0.28666240	-4.65727586	0.63711566	0.05010901
6.87000000	-0.28616209	-4.66364738	0.63718854	0.04995414
6.88000000	-0.28566332	-4.67001963	0.63726109	0.04980003
6.89000000	-0.28516608	-4.67639260	0.63733331	0.04964666
6.90000000	-0.28467038	-4.68276629	0.63740521	0.04949403
6.91000000	-0.28417620	-4.68914070	0.63747677	0.04934214
6.92000000	-0.28368353	-4.69551583	0.63754802	0.04919097
6.93000000	-0.28319238	-4.70189166	0.63761894	0.04904054
6.94000000	-0.28270272	-4.70826821	0.63768955	0.04889082
6.95000000	-0.28221456	-4.71464545	0.63775984	0.04874182
6.96000000	-0.28172788	-4.72102340	0.63782982	0.04859353
6.97000000	-0.28124269	-4.72740205	0.63789948	0.04844594
6.98000000	-0.28075896	-4.73378139	0.63796883	0.04829906
6.99000000	-0.28027670	-4.74016143	0.63803787	0.04815288
7.00000000	-0.27979590	-4.74654215	0.63810661	0.04800739
7.01000000	-0.27931655	-4.75292356	0.63817504	0.04786259
7.02000000	-0.27883865	-4.75930565	0.63824316	0.04771847
7.03000000	-0.27836218	-4.76568842	0.63831099	0.04757503
7.04000000	-0.27788714	-4.77207187	0.63837851	0.04743227
7.05000000	-0.27741353	-4.77845599	0.63844574	0.04729018
7.06000000	-0.27694134	-4.78484078	0.63851267	0.04714875
7.07000000	-0.27647056	-4.79122624	0.63857930	0.04700799
7.08000000	-0.27600118	-4.79761237	0.63864565	0.04686789
7.09000000	-0.27553320	-4.80399915	0.63871170	0.04672844
7.10000000	-0.27506661	-4.81038660	0.63877746	0.04658963
7.11000000	-0.27460140	-4.81677470	0.63884294	0.04645148
7.12000000	-0.27413757	-4.82316346	0.63890813	0.04631397
7.13000000	-0.27367512	-4.82955286	0.63897304	0.04617709
7.14000000	-0.27321403	-4.83594292	0.63903766	0.04604085
7.15000000	-0.27275430	-4.84233361	0.63910200	0.04590524
7.16000000	-0.27229592	-4.84872495	0.63916607	0.04577025
7.17000000	-0.27183889	-4.85511693	0.63922985	0.04563589
7.18000000	-0.27138320	-4.86150955	0.63929336	0.04550214
7.19000000	-0.27092885	-4.86790280	0.63935660	0.04536900
7.20000000	-0.27047582	-4.87429668	0.63941956	0.04523648
7.21000000	-0.27002412	-4.88069119	0.63948226	0.04510456
7.22000000	-0.26957373	-4.88708633	0.63954468	0.04497325
7.23000000	-0.26912465	-4.89348208	0.63960684	0.04484253
7.24000000	-0.26867688	-4.89987846	0.63966873	0.04471241
7.25000000	-0.26823040	-4.90627546	0.63973035	0.04458288
7.26000000	-0.26778522	-4.91267307	0.63979172	0.04445394
7.27000000	-0.26734132	-4.91907129	0.63985282	0.04432558
7.28000000	-0.26689870	-4.92547012	0.63991366	0.04419780
7.29000000	-0.26645736	-4.93186956	0.63997424	0.04407059
7.30000000	-0.26601729	-4.93826961	0.64003456	0.04394397
7.31000000	-0.26557848	-4.94467025	0.64009463	0.04381791
7.32000000	-0.26514093	-4.95107150	0.64015445	0.04369241
7.33000000	-0.26470463	-4.95747334	0.64021401	0.04356748
7.34000000	-0.26426958	-4.96387578	0.64027332	0.04344311
7.35000000	-0.26383577	-4.97027881	0.64033239	0.04331929
7.36000000	-0.26340319	-4.97668243	0.64039120	0.04319603
7.37000000	-0.26297184	-4.98308663	0.64044977	0.04307331
7.38000000	-0.26254172	-4.98949142	0.64050809	0.04295114
7.39000000	-0.26211282	-4.99589679	0.64056617	0.04282951
7.40000000	-0.26168513	-5.00230274	0.64062400	0.04270842
7.41000000	-0.26125865	-5.00870927	0.64068160	0.04258787
7.42000000	-0.26083337	-5.01511637	0.64073895	0.04246785
7.43000000	-0.26040929	-5.02152405	0.64079606	0.04234836
7.44000000	-0.25998640	-5.02793229	0.64085294	0.04222939
7.45000000	-0.25956470	-5.03434111	0.64090958	0.04211095
7.46000000	-0.25914418	-5.04075049	0.64096599	0.04199302
7.47000000	-0.25872484	-5.04716043	0.64102217	0.04187562
7.48000000	-0.25830667	-5.05357093	0.64107811	0.04175872
7.49000000	-0.25788966	-5.05998199	0.64113382	0.04164234
7.50000000	-0.25747382	-5.06639360	0.64118930	0.04152646
7.51000000	-0.25705913	-5.07280577	0.64124456	0.04141109
7.52000000	-0.25664560	-5.07921849	0.64129959	0.04129622
7.53000000	-0.25623321	-5.08563176	0.64135439	0.04118185
7.54000000	-0.25582196	-5.09204558	0.64140897	0.04106797
7.55000000	-0.25541184	-5.09845994	0.64146332	0.04095459
7.56000000	-0.25500286	-5.10487485	0.64151746	0.04084169
7.57000000	-0.25459501	-5.11129029	0.64157137	0.04072928
7.58000000	-0.25418828	-5.11770627	0.64162507	0.04061736
7.59000000	-0.25378266	-5.12412279	0.64167854	0.04050591
7.60000000	-0.25337816	-5.13053984	0.64173180	0.04039495
7.61000000	-0.25297476	-5.13695743	0.64178484	0.04028446
7.62000000	-0.25257247	-5.14337554	0.64183767	0.04017444
7.63000000	-0.25217127	-5.14979418	0.64189029	0.04006489
7.64000000	-0.25177117	-5.15621335	0.64194269	0.03995580
7.65000000	-0.25137215	-5.16263303	0.64199489	0.03984719
7.66000000	-0.25097422	-5.16905324	0.64204687	0.03973903
7.67000000	-0.25057737	-5.17547397	0.64209864	0.03963133
7.68000000	-0.25018159	-5.18189521	0.64215021	0.03952409
7.69000000	-0.24978689	-5.18831697	0.64220157	0.03941730
7.70000000	-0.24939325	-5.19473925	0.64225273	0.03931096
7.71000000	-0.24900067	-5.20116203	0.64230368	0.03920507
7.72000000	-0.24860914	-5.20758532	0.64235443	0.03909962
7.73000000	-0.24821867	-5.21400912	0.64240497	0.03899462
7.74000000	-0.24782925	-5.22043342	0.64245532	0.03889006
7.75000000	-0.24744087	-5.22685822	0.64250546	0.03878593
7.76000000	-0.24705353	-5.23328353	0.64255541	0.03868224
7.77000000	-0.24666722	-5.23970933	0.64260516	0.03857899
7.78000000	-0.24628195	-5.24613563	0.64265471	0.03847616
7.79000000	-0.24589770	-5.25256242	0.64270407	0.03837376
7.80000000	-0.24551447	-5.25898971	0.64275324	0.03827179
7.81000000	-0.24513226	-5.26541749	0.64280221	0.03817024
7.82000000	-0.24475106	-5.27184575	0.64285098	0.03806911
7.83000000	-0.24437088	-5.27827451	0.64289957	0.03796840
7.84000000	-0.24399169	-5.28470374	0.64294797	0.03786810
7.85000000	-0.24361351	-5.29113346	0.64299617	0.03776822
7.86000000	-0.24323633	-5.29756367	0.64304419	0.03766875
7.87000000	-0.24286014	-5.30399435	0.64309202	0.03756969
7.88000000	-0.24248493	-5.31042551	0.64313967	0.03747103
7.89000000	-0.24211072	-5.31685714	0.64318713	0.03737278
7.90000000	-0.24173748	-5.32328925	0.64323440	0.03727493
7.91000000	-0.24136522	-5.32972183	0.64328149	0.03717748
7.92000000	-0.24099393	-5.33615488	0.64332840	0.03708043
7.93000000	-0.24062361	-5.34258839	0.64337513	0.03698377
7.94000000	-0.24025425	-5.34902238	0.64342168	0.03688750
7.95000000	-0.23988585	-5.35545683	0.64346805	0.03679163
7.96000000	-0.23951842	-5.36189174	0.64351424	0.03669614
7.97000000	-0.23915193	-5.36832711	0.64356025	0.03660104
7.98000000	-0.23878639	-5.37476294	0.64360608	0.03650633
7.99000000	-0.23842180	-5.38119923	0.64365174	0.03641199
8.00000000	-0.23805815	-5.38763598	0.64369723	0.03631804
