T	Ut	Ft	St	Ct
0.01000000	-1.93750000	-83.00296875	8106.54687490	0.00000000
0.02000000	-1.93750000	-164.06843750	8106.54687490	0.00000000
0.03000000	-1.93750000	-245.13390625	8106.54687490	0.00000000
0.04000000	-1.93750000	-326.19937500	8106.54687490	0.00000000
0.05000000	-1.93750000	-407.26484375	8106.54687490	0.00000000
0.06000000	-1.93750000	-488.33031249	8106.54687490	0.00000000
0.07000000	-1.93750000	-569.39578124	8106.54687490	0.00000000
0.08000000	-1.93750000	-650.46124999	8106.54687490	0.00000000
0.09000000	-1.93750000	-731.52671874	8106.54687490	0.00000000
0.10000000	-1.93750000	-812.59218749	8106.54687490	0.00000000
0.11000000	-1.93750000	-893.65765624	8106.54687490	0.00000000
0.12000000	-1.93750000	-974.72312499	8106.54687490	0.00000000
0.13000000	-1.93750000	-1055.78859374	8106.54687490	0.00000000
0.14000000	-1.93750000	-1136.85406249	8106.54687490	0.00000000
0.15000000	-1.93750000	-1217.91953124	8106.54687490	0.00000000
0.16000000	-1.93750000	-1298.98499998	8106.54687490	0.00000000
0.17000000	-1.93750000	-1380.05046873	8106.54687490	0.00000000
0.18000000	-1.93750000	-1461.11593748	8106.54687490	0.00000001
0.19000000	-1.93750000	-1542.18140623	8106.54687490	0.00000004
0.20000000	-1.93750000	-1623.24687498	8106.54687491	0.00000010
0.21000000	-1.93750000	-1704.31234373	8106.54687492	0.00000022
0.22000000	-1.93749999	-1785.37781248	8106.54687493	0.00000048
0.23000000	-1.93749999	-1866.44328123	8106.54687496	0.00000098
0.24000000	-1.93749997	-1947.50874998	8106.54687502	0.00000185
0.25000000	-1.93749995	-2028.57421873	8106.54687512	0.00000333
0.26000000	-1.93749990	-2109.63968748	8106.54687530	0.00000569
0.27000000	-1.93749983	-2190.70515624	8106.54687558	0.00000933
0.28000000	-1.93749971	-2271.77062499	8106.54687601	0.00001473
0.29000000	-1.93749953	-2352.83609376	8106.54687665	0.00002248
0.30000000	-1.93749925	-2433.90156253	8106.54687758	0.00003327
0.31000000	-1.93749885	-2514.96703131	8106.54687890	0.00004793
0.32000000	-1.93749828	-2596.03250011	8106.54688072	0.00006740
0.33000000	-1.93749748	-2677.09796893	8106.54688316	0.00009284
0.34000000	-1.93749639	-2758.16343777	8106.54688641	0.00012658
0.35000000	-1.93749489	-2839.22890666	8106.54689075	0.00017780
0.36000000	-1.93749263	-2920.29437559	8106.54689711	0.00029546
0.37000000	-1.93748799	-3001.35984462	8106.54690981	0.00073791
0.38000000	-1.93747298	-3082.42531387	8106.54694973	0.00276501
0.39000000	-1.93741019	-3163.49078400	8106.54711232	0.01201872
0.40000000	-1.93713703	-3244.55625777	8106.54780185	0.05175280
0.41000000	-1.93600064	-3325.62174667	8106.55060008	0.21002646
0.42000000	-1.93160224	-3406.68729445	8106.56117194	0.78610412
0.43000000	-1.91623117	-3487.75305225	8106.59725831	2.60031958
0.44000000	-1.87150818	-3568.81946017	8106.69989088	6.73879437
0.45000000	-1.78082316	-3649.88740192	8106.90350835	10.81311695
0.46000000	-1.67650315	-3730.95762258	8107.13286832	9.00885708
0.47000000	-1.60959194	-3812.02975669	8107.27694628	4.48969944
0.48000000	-1.58008681	-3893.10288590	8107.33916478	1.76669291
0.49000000	-1.56888777	-3974.17641249	8107.36229536	0.65220363
0.50000000	-1.56475224	-4055.25008420	8107.37066393	0.24313784
0.51000000	-1.56318435	-4136.32380885	8107.37377353	0.09493712
0.52000000	-1.56255202	-4217.39755362	8107.37500308	0.04036871
0.53000000	-1.56226703	-4298.47130670	8107.37554654	0.01990263
0.54000000	-1.56211263	-4379.54506373	8107.37583537	0.01223391
0.55000000	-1.56200616	-4460.61882310	8107.37603080	0.00956617
0.56000000	-1.56191448	-4541.69258425	8107.37619601	0.00900134
0.57000000	-1.56182262	-4622.76634702	8107.37635860	0.00951830
0.58000000	-1.56172118	-4703.84011147	8107.37653498	0.01093412
0.59000000	-1.56159973	-4784.91387782	8107.37674252	0.01363154
0.60000000	-1.56144086	-4865.98764651	8107.37700942	0.01867007
0.61000000	-1.56121151	-4947.06141838	8107.37738831	0.02821887
0.62000000	-1.56084805	-5028.13519498	8107.37797891	0.04640962
0.63000000	-1.56022987	-5109.20897926	8107.37896730	0.08082574
0.64000000	-1.55913360	-5190.28277675	8107.38069243	0.14493623
0.65000000	-1.55715702	-5271.35659752	8107.38375461	0.26175920
0.66000000	-1.55360050	-5352.43045965	8107.38918052	0.46858366
0.67000000	-1.54730236	-5433.50439450	8107.39864498	0.82088516
0.68000000	-1.53646233	-5514.57845439	8107.41469421	1.38919031
0.69000000	-1.51858639	-5595.65272177	8107.44077591	2.23491465
0.70000000	-1.49085597	-5676.72731604	8107.48065725	3.34739913
0.71000000	-1.45130658	-5757.80238936	8107.53673630	4.55216067
0.72000000	-1.40071582	-5838.87810030	8107.60747845	5.48473424
0.73000000	-1.34382138	-5919.95456510	8107.68595030	5.76481338
0.74000000	-1.28797870	-6001.03181082	8107.76193530	5.29058418
0.75000000	-1.23969162	-6082.10976603	8107.82676588	4.31578163
0.76000000	-1.20205803	-6163.18829572	8107.87662854	3.21765481
0.77000000	-1.17485956	-6244.26725071	8107.91219630	2.25716516
0.78000000	-1.15613479	-6325.34650164	8107.93636775	1.52720621
0.79000000	-1.14358306	-6406.42595089	8107.95236434	1.01586805
0.80000000	-1.13525284	-6487.50553063	8107.96284724	0.67396169
0.81000000	-1.12970837	-6568.58519593	8107.96973772	0.45109110
0.82000000	-1.12596747	-6649.66491777	8107.97432963	0.30768832
0.83000000	-1.12338334	-6730.74467769	8107.97746308	0.21597657
0.84000000	-1.12153789	-6811.82446398	8107.97967392	0.15749554
0.85000000	-1.12016292	-6892.90426924	8107.98130155	0.12030637
0.86000000	-1.11908651	-6973.98408879	8107.98256079	0.09678318
0.87000000	-1.11819807	-7055.06391969	8107.98358807	0.08207433
0.88000000	-1.11742606	-7136.14376007	8107.98447047	0.07309008
0.89000000	-1.11672385	-7217.22360880	8107.98526400	0.06785492
0.90000000	-1.11606075	-7298.30346518	8107.98600492	0.06509838
0.91000000	-1.11541639	-7379.38332881	8107.98671694	0.06399771
0.92000000	-1.11477709	-7460.46319948	8107.98741564	0.06401595
0.93000000	-1.11413353	-7541.54307711	8107.98811137	0.06479964
0.94000000	-1.11347933	-7622.62296172	8107.98881105	0.06611398
0.95000000	-1.11281002	-7703.70285336	8107.98951931	0.06780140
0.96000000	-1.11212242	-7784.78275214	8107.99023929	0.06975491
0.97000000	-1.11141428	-7865.86265819	8107.99097311	0.07190086
0.98000000	-1.11068394	-7946.94257165	8107.99172216	0.07418773
0.99000000	-1.10993018	-8028.02249269	8107.99248738	0.07657874
1.00000000	-1.10915210	-8109.10242146	8107.99326935	0.07904699
1.01000000	-1.10834905	-8190.18235813	8107.99406840	0.08157218
1.02000000	-1.10752052	-8271.26230288	8107.99488467	0.08413850
1.03000000	-1.10666619	-8352.34225588	8107.99571815	0.08673315
1.04000000	-1.10578580	-8433.42221730	8107.99656875	0.08934535
1.05000000	-1.10487925	-8514.50218731	8107.99743625	0.09196570
1.06000000	-1.10394649	-8595.58216608	8107.99832037	0.09458573
1.07000000	-1.10298756	-8676.66215378	8107.99922076	0.09719758
1.08000000	-1.10200259	-8757.74215055	8108.00013700	0.09979386
1.09000000	-1.10099176	-8838.82215657	8108.00106863	0.10236744
1.10000000	-1.09995534	-8919.90217197	8108.00201512	0.10491145
1.11000000	-1.09889365	-9000.98219692	8108.00297591	0.10741921
1.12000000	-1.09780710	-9082.06223154	8108.00395039	0.10988420
1.13000000	-1.09669613	-9163.14227597	8108.00493791	0.11230005
1.14000000	-1.09556128	-9244.22233034	8108.00593777	0.11466059
1.15000000	-1.09440313	-9325.30239476	8108.00694925	0.11695982
1.16000000	-1.09322231	-9406.38246936	8108.00797159	0.11919197
1.17000000	-1.09201953	-9487.46255423	8108.00900402	0.12135150
1.18000000	-1.09079554	-9568.54264947	8108.01004570	0.12343311
1.19000000	-1.08955114	-9649.62275517	8108.01109582	0.12543182
1.20000000	-1.08828719	-9730.70287141	8108.01215351	0.12734294
1.21000000	-1.08700459	-9811.78299826	8108.01321791	0.12916214
1.22000000	-1.08570427	-9892.86313579	8108.01428813	0.13088542
1.23000000	-1.08438721	-9973.94328404	8108.01536327	0.13250918
1.24000000	-1.08305443	-10055.02344307	8108.01644245	0.13403020
1.25000000	-1.08170696	-10136.10361290	8108.01752475	0.13544567
1.26000000	-1.08034588	-10217.18379357	8108.01860928	0.13675322
1.27000000	-1.07897226	-10298.26398509	8108.01969514	0.13795085
1.28000000	-1.07758723	-10379.34418747	8108.02078144	0.13903705
1.29000000	-1.07619190	-10460.42440072	8108.02186730	0.14001068
1.30000000	-1.07478740	-10541.50462482	8108.02295186	0.14087105
1.31000000	-1.07337486	-10622.58485975	8108.02403427	0.14161790
1.32000000	-1.07195542	-10703.66510549	8108.02511369	0.14225134
1.33000000	-1.07053021	-10784.74536201	8108.02618933	0.14277189
1.34000000	-1.06910035	-10865.82562926	8108.02726038	0.14318046
1.35000000	-1.06766697	-10946.90590720	8108.02832610	0.14347830
1.36000000	-1.06623115	-11027.98619576	8108.02938575	0.14366702
1.37000000	-1.06479398	-11109.06649489	8108.03043862	0.14374855
1.38000000	-1.06335653	-11190.14680451	8108.03148405	0.14372509
1.39000000	-1.06191982	-11271.22712455	8108.03252138	0.14359916
1.40000000	-1.06048488	-11352.30745491	8108.03355002	0.14337349
1.41000000	-1.05905268	-11433.38779552	8108.03456939	0.14305106
1.42000000	-1.05762417	-11514.46814627	8108.03557894	0.14263505
1.43000000	-1.05620028	-11595.54850706	8108.03657817	0.14212881
1.44000000	-1.05478188	-11676.62887779	8108.03756661	0.14153585
1.45000000	-1.05336984	-11757.70925836	8108.03854381	0.14085978
1.46000000	-1.05196495	-11838.78964863	8108.03950937	0.14010435
1.47000000	-1.05056800	-11919.87004850	8108.04046293	0.13927336
1.48000000	-1.04917972	-12000.95045785	8108.04140414	0.13837069
1.49000000	-1.04780081	-12082.03087654	8108.04233271	0.13740025
1.50000000	-1.04643193	-12163.11130446	8108.04324835	0.13636595
1.51000000	-1.04507369	-12244.19174147	8108.04415084	0.13527173
1.52000000	-1.04372668	-12325.27218743	8108.04503997	0.13412149
1.53000000	-1.04239144	-12406.35264222	8108.04591554	0.13291911
1.54000000	-1.04106846	-12487.43310570	8108.04677743	0.13166839
1.55000000	-1.03975822	-12568.51357772	8108.04762549	0.13037310
1.56000000	-1.03846114	-12649.59405816	8108.04845963	0.12903693
1.57000000	-1.03717760	-12730.67454687	8108.04927979	0.12766348
1.58000000	-1.03590798	-12811.75504371	8108.05008591	0.12625625
1.59000000	-1.03465258	-12892.83554854	8108.05087796	0.12481865
1.60000000	-1.03341170	-12973.91606122	8108.05165595	0.12335396
1.61000000	-1.03218558	-13054.99658161	8108.05241990	0.12186539
1.62000000	-1.03097446	-13136.07710957	8108.05316982	0.12035598
1.63000000	-1.02977852	-13217.15764496	8108.05390579	0.11882868
1.64000000	-1.02859793	-13298.23818764	8108.05462787	0.11728631
1.65000000	-1.02743284	-13379.31873747	8108.05533614	0.11573154
1.66000000	-1.02628334	-13460.39929432	8108.05603071	0.11416695
1.67000000	-1.02514952	-13541.47985804	8108.05671169	0.11259497
1.68000000	-1.02403145	-13622.56042851	8108.05737920	0.11101791
1.69000000	-1.02292917	-13703.64100558	8108.05803338	0.10943794
1.70000000	-1.02184270	-13784.72158913	8108.05867437	0.10785713
1.71000000	-1.02077203	-13865.80217903	8108.05930234	0.10627741
1.72000000	-1.01971714	-13946.88277514	8108.05991744	0.10470059
1.73000000	-1.01867800	-14027.96337733	8108.06051985	0.10312837
1.74000000	-1.01765455	-14109.04398549	8108.06110974	0.10156233
1.75000000	-1.01664673	-14190.12459949	8108.06168729	0.10000396
1.76000000	-1.01565444	-14271.20521920	8108.06225270	0.09845461
1.77000000	-1.01467760	-14352.28584450	8108.06280616	0.09691556
1.78000000	-1.01371609	-14433.36647528	8108.06334786	0.09538796
1.79000000	-1.01276980	-14514.44711142	8108.06387800	0.09387289
1.80000000	-1.01183859	-14595.52775280	8108.06439679	0.09237133
1.81000000	-1.01092232	-14676.60839932	8108.06490442	0.09088416
1.82000000	-1.01002086	-14757.68905085	8108.06540110	0.08941221
1.83000000	-1.00913403	-14838.76970730	8108.06588704	0.08795620
1.84000000	-1.00826168	-14919.85036856	8108.06636244	0.08651678
1.85000000	-1.00740363	-15000.93103452	8108.06682750	0.08509454
1.86000000	-1.00655973	-15082.01170508	8108.06728245	0.08369000
1.87000000	-1.00572977	-15163.09238013	8108.06772747	0.08230361
1.88000000	-1.00491359	-15244.17305959	8108.06816277	0.08093577
1.89000000	-1.00411100	-15325.25374336	8108.06858855	0.07958681
1.90000000	-1.00332179	-15406.33443133	8108.06900502	0.07825702
1.91000000	-1.00254579	-15487.41512343	8108.06941238	0.07694664
1.92000000	-1.00178279	-15568.49581955	8108.06981081	0.07565585
1.93000000	-1.00103261	-15649.57651962	8108.07020052	0.07438481
1.94000000	-1.00029503	-15730.65722353	8108.07058170	0.07313362
1.95000000	-0.99956987	-15811.73793122	8108.07095454	0.07190236
1.96000000	-0.99885692	-15892.81864260	8108.07131922	0.07069104
1.97000000	-0.99815598	-15973.89935758	8108.07167594	0.06949969
1.98000000	-0.99746686	-16054.98007609	8108.07202486	0.06832827
1.99000000	-0.99678935	-16136.06079805	8108.07236618	0.06717673
2.00000000	-0.99612326	-16217.14152339	8108.07270007	0.06604499
2.01000000	-0.99546838	-16298.22225203	8108.07302669	0.06493294
2.02000000	-0.99482453	-16379.30298390	8108.07334622	0.06384048
2.03000000	-0.99419151	-16460.38371893	8108.07365883	0.06276744
2.04000000	-0.99356912	-16541.46445705	8108.07396467	0.06171369
2.05000000	-0.99295717	-16622.54519820	8108.07426392	0.06067903
2.06000000	-0.99235548	-16703.62594231	8108.07455671	0.05966328
2.07000000	-0.99176384	-16784.70668931	8108.07484322	0.05866625
2.08000000	-0.99118209	-16865.78743915	8108.07512359	0.05768771
2.09000000	-0.99061003	-16946.86819177	8108.07539796	0.05672744
2.10000000	-0.99004748	-17027.94894709	8108.07566648	0.05578522
2.11000000	-0.98949427	-17109.02970508	8108.07592929	0.05486079
2.12000000	-0.98895021	-17190.11046566	8108.07618653	0.05395392
2.13000000	-0.98841513	-17271.19122879	8108.07643834	0.05306436
2.14000000	-0.98788886	-17352.27199441	8108.07668483	0.05219184
2.15000000	-0.98737124	-17433.35276247	8108.07692615	0.05133611
2.16000000	-0.98686209	-17514.43353292	8108.07716242	0.05049689
2.17000000	-0.98636125	-17595.51430570	8108.07739376	0.04967393
2.18000000	-0.98586855	-17676.59508077	8108.07762028	0.04886696
2.19000000	-0.98538385	-17757.67585809	8108.07784212	0.04807569
2.20000000	-0.98490699	-17838.75663760	8108.07805937	0.04729987
2.21000000	-0.98443781	-17919.83741926	8108.07827215	0.04653923
2.22000000	-0.98397615	-18000.91820303	8108.07848057	0.04579348
2.23000000	-0.98352189	-18081.99898886	8108.07868474	0.04506236
2.24000000	-0.98307486	-18163.07977671	8108.07888476	0.04434560
2.25000000	-0.98263493	-18244.16056654	8108.07908072	0.04364294
2.26000000	-0.98220195	-18325.24135831	8108.07927272	0.04295410
2.27000000	-0.98177580	-18406.32215198	8108.07946087	0.04227882
2.28000000	-0.98135633	-18487.40294752	8108.07964526	0.04161684
2.29000000	-0.98094342	-18568.48374488	8108.07982596	0.04096791
2.30000000	-0.98053693	-18649.56454402	8108.08000308	0.04033176
2.31000000	-0.98013674	-18730.64534493	8108.08017670	0.03970813
2.32000000	-0.97974273	-18811.72614755	8108.08034690	0.03909679
2.33000000	-0.97935477	-18892.80695185	8108.08051377	0.03849748
2.34000000	-0.97897274	-18973.88775781	8108.08067738	0.03790995
2.35000000	-0.97859653	-19054.96856539	8108.08083781	0.03733397
2.36000000	-0.97822602	-19136.04937456	8108.08099514	0.03676930
2.37000000	-0.97786111	-19217.13018528	8108.08114944	0.03621570
2.38000000	-0.97750167	-19298.21099754	8108.08130078	0.03567295
2.39000000	-0.97714761	-19379.29181129	8108.08144924	0.03514082
2.40000000	-0.97679882	-19460.37262651	8108.08159487	0.03461908
2.41000000	-0.97645520	-19541.45344318	8108.08173775	0.03410753
2.42000000	-0.97611664	-19622.53426126	8108.08187794	0.03360593
2.43000000	-0.97578305	-19703.61508073	8108.08201551	0.03311409
2.44000000	-0.97545432	-19784.69590156	8108.08215051	0.03263179
2.45000000	-0.97513038	-19865.77672373	8108.08228300	0.03215884
2.46000000	-0.97481112	-19946.85754721	8108.08241305	0.03169503
2.47000000	-0.97449645	-20027.93837198	8108.08254070	0.03124016
2.48000000	-0.97418629	-20109.01919802	8108.08266602	0.03079405
2.49000000	-0.97388054	-20190.10002530	8108.08278906	0.03035651
2.50000000	-0.97357913	-20271.18085379	8108.08290987	0.02992735
2.51000000	-0.97328196	-20352.26168349	8108.08302849	0.02950640
2.52000000	-0.97298897	-20433.34251435	8108.08314499	0.02909347
2.53000000	-0.97270007	-20514.42334638	8108.08325941	0.02868840
2.54000000	-0.97241518	-20595.50417954	8108.08337179	0.02829101
2.55000000	-0.97213422	-20676.58501381	8108.08348219	0.02790113
2.56000000	-0.97185713	-20757.66584917	8108.08359064	0.02751862
2.57000000	-0.97158383	-20838.74668561	8108.08369719	0.02714330
2.58000000	-0.97131424	-20919.82752311	8108.08380189	0.02677503
2.59000000	-0.97104830	-21000.90836165	8108.08390477	0.02641364
2.60000000	-0.97078595	-21081.98920120	8108.08400587	0.02605900
2.61000000	-0.97052710	-21163.07004176	8108.08410523	0.02571095
2.62000000	-0.97027171	-21244.15088330	8108.08420290	0.02536936
2.63000000	-0.97001969	-21325.23172581	8108.08429890	0.02503408
2.64000000	-0.96977100	-21406.31256927	8108.08439328	0.02470498
2.65000000	-0.96952557	-21487.39341367	8108.08448607	0.02438192
2.66000000	-0.96928335	-21568.47425899	8108.08457731	0.02406478
2.67000000	-0.96904426	-21649.55510521	8108.08466702	0.02375343
2.68000000	-0.96880826	-21730.63595232	8108.08475525	0.02344775
2.69000000	-0.96857529	-21811.71680031	8108.08484202	0.02314761
2.70000000	-0.96834529	-21892.79764916	8108.08492736	0.02285289
2.71000000	-0.96811821	-21973.87849885	8108.08501131	0.02256349
2.72000000	-0.96789400	-22054.95934938	8108.08509389	0.02227927
2.73000000	-0.96767261	-22136.04020073	8108.08517514	0.02200015
2.74000000	-0.96745398	-22217.12105288	8108.08525507	0.02172600
2.75000000	-0.96723807	-22298.20190582	8108.08533373	0.02145672
2.76000000	-0.96702483	-22379.28275955	8108.08541113	0.02119221
2.77000000	-0.96681421	-22460.36361404	8108.08548730	0.02093237
2.78000000	-0.96660617	-22541.44446929	8108.08556227	0.02067710
2.79000000	-0.96640066	-22622.52532528	8108.08563607	0.02042630
2.80000000	-0.96619763	-22703.60618201	8108.08570871	0.02017987
2.81000000	-0.96599704	-22784.68703945	8108.08578022	0.01993774
2.82000000	-0.96579886	-22865.76789761	8108.08585062	0.01969980
2.83000000	-0.96560303	-22946.84875646	8108.08591994	0.01946597
2.84000000	-0.96540953	-23027.92961601	8108.08598820	0.01923616
2.85000000	-0.96521830	-23109.01047622	8108.08605541	0.01901030
2.86000000	-0.96502931	-23190.09133711	8108.08612161	0.01878829
2.87000000	-0.96484252	-23271.17219865	8108.08618681	0.01857006
2.88000000	-0.96465789	-23352.25306084	8108.08625102	0.01835553
2.89000000	-0.96447540	-23433.33392367	8108.08631428	0.01814463
2.90000000	-0.96429499	-23514.41478713	8108.08637660	0.01793727
2.91000000	-0.96411664	-23595.49565120	8108.08643799	0.01773340
2.92000000	-0.96394031	-23676.57651588	8108.08649848	0.01753292
2.93000000	-0.96376597	-23757.65738117	8108.08655809	0.01733579
2.94000000	-0.96359358	-23838.73824704	8108.08661682	0.01714192
2.95000000	-0.96342312	-23919.81911350	8108.08667470	0.01695126
2.96000000	-0.96325455	-24000.89998053	8108.08673175	0.01676373
2.97000000	-0.96308784	-24081.98084813	8108.08678798	0.01657928
2.98000000	-0.96292295	-24163.06171629	8108.08684340	0.01639784
2.99000000	-0.96275987	-24244.14258500	8108.08689804	0.01621935
3.00000000	-0.96259856	-24325.22345425	8108.08695190	0.01604375
3.01000000	-0.96243898	-24406.30432403	8108.08700500	0.01587099
3.02000000	-0.96228113	-24487.38519434	8108.08705736	0.01570101
3.03000000	-0.96212496	-24568.46606518	8108.08710898	0.01553375
3.04000000	-0.96197044	-24649.54693652	8108.08715989	0.01536917
3.05000000	-0.96181756	-24730.62780837	8108.08721010	0.01520720
3.06000000	-0.96166629	-24811.70868072	8108.08725962	0.01504779
3.07000000	-0.96151660	-24892.78955356	8108.08730846	0.01489091
3.08000000	-0.96136846	-24973.87042689	8108.08735663	0.01473649
3.09000000	-0.96122186	-25054.95130069	8108.08740415	0.01458448
3.10000000	-0.96107677	-25136.03217497	8108.08745103	0.01443485
3.11000000	-0.96093316	-25217.11304971	8108.08749728	0.01428755
3.12000000	-0.96079101	-25298.19392491	8108.08754292	0.01414252
3.13000000	-0.96065030	-25379.27480057	8108.08758795	0.01399974
3.14000000	-0.96051101	-25460.35567667	8108.08763238	0.01385915
3.15000000	-0.96037311	-25541.43655321	8108.08767622	0.01372071
3.16000000	-0.96023658	-25622.51743019	8108.08771950	0.01358438
3.17000000	-0.96010141	-25703.59830760	8108.08776220	0.01345012
3.18000000	-0.95996758	-25784.67918544	8108.08780436	0.01331789
3.19000000	-0.95983505	-25865.76006369	8108.08784597	0.01318766
3.20000000	-0.95970382	-25946.84094235	8108.08788704	0.01305939
3.21000000	-0.95957386	-26027.92182143	8108.08792759	0.01293303
3.22000000	-0.95944515	-26109.00270090	8108.08796763	0.01280856
3.23000000	-0.95931768	-26190.08358078	8108.08800715	0.01268594
3.24000000	-0.95919142	-26271.16446104	8108.08804618	0.01256513
3.25000000	-0.95906637	-26352.24534170	8108.08808472	0.01244610
3.26000000	-0.95894250	-26433.32622274	8108.08812277	0.01232882
3.27000000	-0.95881979	-26514.40710415	8108.08816036	0.01221326
3.28000000	-0.95869823	-26595.48798594	8108.08819747	0.01209938
3.29000000	-0.95857779	-26676.56886810	8108.08823414	0.01198716
3.30000000	-0.95845848	-26757.64975062	8108.08827035	0.01187656
3.31000000	-0.95834026	-26838.73063351	8108.08830612	0.01176755
3.32000000	-0.95822312	-26919.81151674	8108.08834145	0.01166011
3.33000000	-0.95810705	-27000.89240033	8108.08837636	0.01155421
3.34000000	-0.95799203	-27081.97328427	8108.08841085	0.01144982
3.35000000	-0.95787805	-27163.05416855	8108.08844493	0.01134691
3.36000000	-0.95776509	-27244.13505317	8108.08847860	0.01124546
3.37000000	-0.95765313	-27325.21593812	8108.08851187	0.01114544
3.38000000	-0.95754217	-27406.29682340	8108.08854474	0.01104682
3.39000000	-0.95743219	-27487.37770901	8108.08857723	0.01094959
3.40000000	-0.95732318	-27568.45859495	8108.08860934	0.01085371
3.41000000	-0.95721511	-27649.53948120	8108.08864108	0.01075917
3.42000000	-0.95710799	-27730.62036777	8108.08867245	0.01066594
3.43000000	-0.95700179	-27811.70125465	8108.08870346	0.01057399
3.44000000	-0.95689651	-27892.78214184	8108.08873411	0.01048331
3.45000000	-0.95679212	-27973.86302933	8108.08876441	0.01039387
3.46000000	-0.95668863	-28054.94391712	8108.08879436	0.01030565
3.47000000	-0.95658600	-28136.02480521	8108.08882398	0.01021864
3.48000000	-0.95648425	-28217.10569360	8108.08885326	0.01013280
3.49000000	-0.95638334	-28298.18658228	8108.08888222	0.01004813
3.50000000	-0.95628328	-28379.26747124	8108.08891085	0.00996459
3.51000000	-0.95618405	-28460.34836049	8108.08893916	0.00988218
3.52000000	-0.95608563	-28541.42925003	8108.08896716	0.00980087
3.53000000	-0.95598803	-28622.51013984	8108.08899485	0.00972065
3.54000000	-0.95589122	-28703.59102992	8108.08902223	0.00964149
3.55000000	-0.95579519	-28784.67192028	8108.08904932	0.00956338
3.56000000	-0.95569995	-28865.75281091	8108.08907611	0.00948630
3.57000000	-0.95560547	-28946.83370180	8108.08910262	0.00941024
3.58000000	-0.95551174	-29027.91459296	8108.08912883	0.00933518
3.59000000	-0.95541876	-29108.99548438	8108.08915477	0.00926109
3.60000000	-0.95532651	-29190.07637605	8108.08918043	0.00918798
3.61000000	-0.95523500	-29271.15726798	8108.08920581	0.00911581
3.62000000	-0.95514419	-29352.23816017	8108.08923093	0.00904458
3.63000000	-0.95505410	-29433.31905260	8108.08925579	0.00897427
3.64000000	-0.95496471	-29514.39994528	8108.08928038	0.00890486
3.65000000	-0.95487600	-29595.48083821	8108.08930471	0.00883634
3.66000000	-0.95478798	-29676.56173138	8108.08932880	0.00876871
3.67000000	-0.95470062	-29757.64262478	8108.08935263	0.00870193
3.68000000	-0.95461394	-29838.72351843	8108.08937622	0.00863600
3.69000000	-0.95452790	-29919.80441231	8108.08939957	0.00857091
3.70000000	-0.95444251	-30000.88530642	8108.08942268	0.00850664
3.71000000	-0.95435777	-30081.96620076	8108.08944555	0.00844319
3.72000000	-0.95427365	-30163.04709533	8108.08946819	0.00838053
3.73000000	-0.95419015	-30244.12799012	8108.08949061	0.00831865
3.74000000	-0.95410727	-30325.20888514	8108.08951280	0.00825755
3.75000000	-0.95402500	-30406.28978038	8108.08953477	0.00819721
3.76000000	-0.95394333	-30487.37067584	8108.08955652	0.00813762
3.77000000	-0.95386224	-30568.45157151	8108.08957805	0.00807877
3.78000000	-0.95378175	-30649.53246740	8108.08959938	0.00802065
3.79000000	-0.95370183	-30730.61336350	8108.08962049	0.00796324
3.80000000	-0.95362248	-30811.69425981	8108.08964140	0.00790655
3.81000000	-0.95354370	-30892.77515632	8108.08966211	0.00785054
3.82000000	-0.95346547	-30973.85605305	8108.08968261	0.00779523
3.83000000	-0.95338779	-31054.93694997	8108.08970292	0.00774058
3.84000000	-0.95331065	-31136.01784710	8108.08972303	0.00768661
3.85000000	-0.95323405	-31217.09874443	8108.08974296	0.00763329
3.86000000	-0.95315799	-31298.17964196	8108.08976269	0.00758061
3.87000000	-0.95308244	-31379.26053969	8108.08978223	0.00752858
3.88000000	-0.95300741	-31460.34143761	8108.08980160	0.00747717
3.89000000	-0.95293289	-31541.42233572	8108.08982078	0.00742638
3.90000000	-0.95285888	-31622.50323402	8108.08983978	0.00737620
3.91000000	-0.95278537	-31703.58413251	8108.08985861	0.00732663
3.92000000	-0.95271235	-31784.66503119	8108.08987726	0.00727764
3.93000000	-0.95263981	-31865.74593006	8108.08989574	0.00722925
3.94000000	-0.95256776	-31946.82682911	8108.08991405	0.00718143
3.95000000	-0.95249618	-32027.90772834	8108.08993219	0.00713418
3.96000000	-0.95242508	-32108.98862775	8108.08995017	0.00708749
3.97000000	-0.95235443	-32190.06952734	8108.08996799	0.00704135
3.98000000	-0.95228425	-32271.15042711	8108.08998564	0.00699577
3.99000000	-0.95221451	-32352.23132705	8108.09000314	0.00695072
4.00000000	-0.95214523	-32433.31222717	8108.09002049	0.00690620
4.01000000	-0.95207639	-32514.39312746	8108.09003767	0.00686221
4.02000000	-0.95200798	-32595.47402793	8108.09005471	0.00681874
4.03000000	-0.95194001	-32676.55492856	8108.09007160	0.00677578
4.04000000	-0.95187247	-32757.63582936	8108.09008834	0.00673332
4.05000000	-0.95180534	-32838.71673032	8108.09010493	0.00669137
4.06000000	-0.95173864	-32919.79763146	8108.09012138	0.00664990
4.07000000	-0.95167234	-33000.87853275	8108.09013769	0.00660892
4.08000000	-0.95160646	-33081.95943421	8108.09015386	0.00656843
4.09000000	-0.95154097	-33163.04033583	8108.09016989	0.00652840
4.10000000	-0.95147589	-33244.12123761	8108.09018578	0.00648885
4.11000000	-0.95141120	-33325.20213954	8108.09020154	0.00644975
4.12000000	-0.95134689	-33406.28304164	8108.09021717	0.00641112
4.13000000	-0.95128297	-33487.36394389	8108.09023267	0.00637293
4.14000000	-0.95121943	-33568.44484629	8108.09024803	0.00633520
4.15000000	-0.95115627	-33649.52574885	8108.09026327	0.00629790
4.16000000	-0.95109347	-33730.60665155	8108.09027839	0.00626104
4.17000000	-0.95103104	-33811.68755441	8108.09029337	0.00622461
4.18000000	-0.95096898	-33892.76845742	8108.09030824	0.00618861
4.19000000	-0.95090727	-33973.84936058	8108.09032298	0.00615303
4.20000000	-0.95084592	-34054.93026388	8108.09033761	0.00611786
4.21000000	-0.95078491	-34136.01116733	8108.09035212	0.00608311
4.22000000	-0.95072425	-34217.09207092	8108.09036651	0.00604877
4.23000000	-0.95066394	-34298.17297466	8108.09038079	0.00601483
4.24000000	-0.95060396	-34379.25387854	8108.09039495	0.00598129
4.25000000	-0.95054431	-34460.33478256	8108.09040900	0.00594815
4.26000000	-0.95048499	-34541.41568672	8108.09042294	0.00591539
4.27000000	-0.95042600	-34622.49659102	8108.09043677	0.00588303
4.28000000	-0.95036733	-34703.57749545	8108.09045050	0.00585105
4.29000000	-0.95030898	-34784.65840003	8108.09046411	0.00581944
4.30000000	-0.95025094	-34865.73930473	8108.09047763	0.00578822
4.31000000	-0.95019321	-34946.82020958	8108.09049104	0.00575737
4.32000000	-0.95013579	-35027.90111455	8108.09050434	0.00572689
4.33000000	-0.95007867	-35108.98201966	8108.09051755	0.00569677
4.34000000	-0.95002185	-35190.06292491	8108.09053066	0.00566702
4.35000000	-0.94996533	-35271.14383028	8108.09054367	0.00563763
4.36000000	-0.94990910	-35352.22473578	8108.09055658	0.00560859
4.37000000	-0.94985316	-35433.30564141	8108.09056939	0.00557991
4.38000000	-0.94979750	-35514.38654717	8108.09058212	0.00555158
4.39000000	-0.94974212	-35595.46745305	8108.09059474	0.00552360
4.40000000	-0.94968703	-35676.54835906	8108.09060728	0.00549597
4.41000000	-0.94963220	-35757.62926520	8108.09061973	0.00546868
4.42000000	-0.94957765	-35838.71017145	8108.09063208	0.00544174
4.43000000	-0.94952337	-35919.79107784	8108.09064435	0.00541513
4.44000000	-0.94946935	-36000.87198434	8108.09065653	0.00538886
4.45000000	-0.94941559	-36081.95289097	8108.09066862	0.00536292
4.46000000	-0.94936209	-36163.03379771	8108.09068063	0.00533732
4.47000000	-0.94930884	-36244.11470458	8108.09069256	0.00531205
4.48000000	-0.94925585	-36325.19561156	8108.09070440	0.00528710
4.49000000	-0.94920310	-36406.27651867	8108.09071616	0.00526249
4.50000000	-0.94915060	-36487.35742589	8108.09072784	0.00523820
4.51000000	-0.94909833	-36568.43833322	8108.09073944	0.00521424
4.52000000	-0.94904631	-36649.51924068	8108.09075097	0.00519060
4.53000000	-0.94899452	-36730.60014824	8108.09076241	0.00516728
4.54000000	-0.94894296	-36811.68105592	8108.09077378	0.00514428
4.55000000	-0.94889163	-36892.76196372	8108.09078507	0.00512161
4.56000000	-0.94884053	-36973.84287163	8108.09079629	0.00509925
4.57000000	-0.94878965	-37054.92377964	8108.09080744	0.00507721
4.58000000	-0.94873899	-37136.00468777	8108.09081851	0.00505549
4.59000000	-0.94868854	-37217.08559601	8108.09082952	0.00503408
4.60000000	-0.94863830	-37298.16650436	8108.09084045	0.00501299
4.61000000	-0.94858828	-37379.24741282	8108.09085131	0.00499222
4.62000000	-0.94853846	-37460.32832139	8108.09086211	0.00497176
4.63000000	-0.94848884	-37541.40923006	8108.09087283	0.00495162
4.64000000	-0.94843942	-37622.49013885	8108.09088350	0.00493179
4.65000000	-0.94839020	-37703.57104773	8108.09089409	0.00491228
4.66000000	-0.94834118	-37784.65195673	8108.09090462	0.00489308
4.67000000	-0.94829234	-37865.73286583	8108.09091509	0.00487420
4.68000000	-0.94824369	-37946.81377503	8108.09092550	0.00485563
4.69000000	-0.94819523	-38027.89468434	8108.09093584	0.00483739
4.70000000	-0.94814694	-38108.97559375	8108.09094613	0.00481946
4.71000000	-0.94809884	-38190.05650326	8108.09095635	0.00480185
4.72000000	-0.94805091	-38271.13741287	8108.09096652	0.00478455
4.73000000	-0.94800315	-38352.21832259	8108.09097663	0.00476758
4.74000000	-0.94795555	-38433.29923241	8108.09098668	0.00475093
4.75000000	-0.94790813	-38514.38014232	8108.09099667	0.00473460
4.76000000	-0.94786086	-38595.46105234	8108.09100661	0.00471859
4.77000000	-0.94781375	-38676.54196245	8108.09101650	0.00470291
4.78000000	-0.94776680	-38757.62287267	8108.09102633	0.00468756
4.79000000	-0.94772000	-38838.70378298	8108.09103611	0.00467254
4.80000000	-0.94767335	-38919.78469339	8108.09104584	0.00465785
4.81000000	-0.94762684	-39000.86560390	8108.09105552	0.00464349
4.82000000	-0.94758048	-39081.94651450	8108.09106515	0.00462947
4.83000000	-0.94753425	-39163.02742520	8108.09107473	0.00461578
4.84000000	-0.94748816	-39244.10833600	8108.09108426	0.00460244
4.85000000	-0.94744220	-39325.18924689	8108.09109375	0.00458943
4.86000000	-0.94739637	-39406.27015787	8108.09110319	0.00457678
4.87000000	-0.94735067	-39487.35106895	8108.09111258	0.00456447
4.88000000	-0.94730508	-39568.43198012	8108.09112193	0.00455252
4.89000000	-0.94725961	-39649.51289139	8108.09113124	0.00454092
4.90000000	-0.94721426	-39730.59380275	8108.09114051	0.00452968
4.91000000	-0.94716902	-39811.67471420	8108.09114973	0.00451880
4.92000000	-0.94712388	-39892.75562574	8108.09115891	0.00450829
4.93000000	-0.94707885	-39973.83653738	8108.09116806	0.00449816
4.94000000	-0.94703392	-40054.91744910	8108.09117716	0.00448839
4.95000000	-0.94698908	-40135.99836092	8108.09118623	0.00447901
4.96000000	-0.94694434	-40217.07927283	8108.09119526	0.00447001
4.97000000	-0.94689968	-40298.16018482	8108.09120425	0.00446140
4.98000000	-0.94685511	-40379.24109691	8108.09121321	0.00445319
4.99000000	-0.94681062	-40460.32200909	8108.09122214	0.00444537
5.00000000	-0.94676620	-40541.40292135	8108.09123103	0.00443796
5.01000000	-0.94672186	-40622.48383371	8108.09123989	0.00443096
5.02000000	-0.94667758	-40703.56474615	8108.09124872	0.00442437
5.03000000	-0.94663337	-40784.64565868	8108.09125752	0.00441821
5.04000000	-0.94658921	-40865.72657130	8108.09126629	0.00441247
5.05000000	-0.94654512	-40946.80748401	8108.09127503	0.00440717
5.06000000	-0.94650107	-41027.88839680	8108.09128374	0.00440232
5.07000000	-0.94645707	-41108.96930968	8108.09129243	0.00439791
5.08000000	-0.94641311	-41190.05022265	8108.09130109	0.00439395
5.09000000	-0.94636919	-41271.13113571	8108.09130973	0.00439046
5.10000000	-0.94632530	-41352.21204885	8108.09131834	0.00438744
5.11000000	-0.94628144	-41433.29296207	8108.09132693	0.00438490
5.12000000	-0.94623760	-41514.37387538	8108.09133551	0.00438285
5.13000000	-0.94619378	-41595.45478878	8108.09134406	0.00438129
5.14000000	-0.94614997	-41676.53570227	8108.09135259	0.00438024
5.15000000	-0.94610617	-41757.61661583	8108.09136110	0.00437969
5.16000000	-0.94606238	-41838.69752949	8108.09136960	0.00437968
5.17000000	-0.94601858	-41919.77844323	8108.09137808	0.00438019
5.18000000	-0.94597477	-42000.85935705	8108.09138654	0.00438124
5.19000000	-0.94593095	-42081.94027096	8108.09139499	0.00438285
5.20000000	-0.94588711	-42163.02118495	8108.09140343	0.00438501
5.21000000	-0.94584325	-42244.10209902	8108.09141186	0.00438775
5.22000000	-0.94579935	-42325.18301319	8108.09142027	0.00439108
5.23000000	-0.94575542	-42406.26392743	8108.09142868	0.00439499
5.24000000	-0.94571145	-42487.34484176	8108.09143708	0.00439952
5.25000000	-0.94566743	-42568.42575617	8108.09144547	0.00440466
5.26000000	-0.94562336	-42649.50667067	8108.09145386	0.00441043
5.27000000	-0.94557922	-42730.58758525	8108.09146224	0.00441685
5.28000000	-0.94553502	-42811.66849991	8108.09147062	0.00442392
5.29000000	-0.94549074	-42892.74941466	8108.09147900	0.00443166
5.30000000	-0.94544638	-42973.83032949	8108.09148738	0.00444008
5.31000000	-0.94540194	-43054.91124441	8108.09149576	0.00444920
5.32000000	-0.94535740	-43135.99215941	8108.09150414	0.00445903
5.33000000	-0.94531275	-43217.07307449	8108.09151252	0.00446959
5.34000000	-0.94526800	-43298.15398966	8108.09152091	0.00448089
5.35000000	-0.94522313	-43379.23490491	8108.09152930	0.00449294
5.36000000	-0.94517814	-43460.31582025	8108.09153771	0.00450577
5.37000000	-0.94513302	-43541.39673566	8108.09154612	0.00451938
5.38000000	-0.94508775	-43622.47765117	8108.09155454	0.00453380
5.39000000	-0.94504234	-43703.55856676	8108.09156297	0.00454904
5.40000000	-0.94499677	-43784.63948243	8108.09157142	0.00456512
5.41000000	-0.94495103	-43865.72039818	8108.09157988	0.00458205
5.42000000	-0.94490512	-43946.80131402	8108.09158836	0.00459986
5.43000000	-0.94485903	-44027.88222995	8108.09159685	0.00461857
5.44000000	-0.94481275	-44108.96314596	8108.09160537	0.00463819
5.45000000	-0.94476626	-44190.04406206	8108.09161391	0.00465874
5.46000000	-0.94471957	-44271.12497824	8108.09162247	0.00468025
5.47000000	-0.94467266	-44352.20589451	8108.09163105	0.00470273
5.48000000	-0.94462551	-44433.28681086	8108.09163966	0.00472620
5.49000000	-0.94457813	-44514.36772730	8108.09164830	0.00475069
5.50000000	-0.94453049	-44595.44864383	8108.09165697	0.00477622
5.51000000	-0.94448260	-44676.52956044	8108.09166567	0.00480281
5.52000000	-0.94443443	-44757.61047714	8108.09167440	0.00483049
5.53000000	-0.94438599	-44838.69139393	8108.09168317	0.00485927
5.54000000	-0.94433725	-44919.77231080	8108.09169198	0.00488918
5.55000000	-0.94428820	-45000.85322777	8108.09170082	0.00492025
5.56000000	-0.94423884	-45081.93414482	8108.09170971	0.00495250
5.57000000	-0.94418915	-45163.01506196	8108.09171864	0.00498596
5.58000000	-0.94413911	-45244.09597919	8108.09172761	0.00502066
5.59000000	-0.94408873	-45325.17689652	8108.09173663	0.00505661
5.60000000	-0.94403798	-45406.25781393	8108.09174571	0.00509385
5.61000000	-0.94398685	-45487.33873143	8108.09175483	0.00513241
5.62000000	-0.94393532	-45568.41964902	8108.09176400	0.00517231
5.63000000	-0.94388340	-45649.50056671	8108.09177324	0.00521359
5.64000000	-0.94383105	-45730.58148449	8108.09178253	0.00525627
5.65000000	-0.94377827	-45811.66240236	8108.09179188	0.00530038
5.66000000	-0.94372504	-45892.74332033	8108.09180129	0.00534596
5.67000000	-0.94367134	-45973.82423839	8108.09181077	0.00539304
5.68000000	-0.94361717	-46054.90515654	8108.09182031	0.00544164
5.69000000	-0.94356250	-46135.98607479	8108.09182993	0.00549181
5.70000000	-0.94350733	-46217.06699314	8108.09183962	0.00554358
5.71000000	-0.94345163	-46298.14791159	8108.09184938	0.00559698
5.72000000	-0.94339538	-46379.22883013	8108.09185922	0.00565204
5.73000000	-0.94333858	-46460.30974877	8108.09186914	0.00570881
5.74000000	-0.94328120	-46541.39066751	8108.09187915	0.00576731
5.75000000	-0.94322323	-46622.47158635	8108.09188924	0.00582759
5.76000000	-0.94316464	-46703.55250530	8108.09189942	0.00588969
5.77000000	-0.94310543	-46784.63342434	8108.09190969	0.00595364
5.78000000	-0.94304556	-46865.71434349	8108.09192006	0.00601947
5.79000000	-0.94298503	-46946.79526274	8108.09193052	0.00608725
5.80000000	-0.94292381	-47027.87618210	8108.09194108	0.00615699
5.81000000	-0.94286189	-47108.95710157	8108.09195175	0.00622876
5.82000000	-0.94279923	-47190.03802114	8108.09196253	0.00630258
5.83000000	-0.94273583	-47271.11894082	8108.09197341	0.00637850
5.84000000	-0.94267165	-47352.19986061	8108.09198441	0.00645657
5.85000000	-0.94260669	-47433.28078051	8108.09199552	0.00653683
5.86000000	-0.94254091	-47514.36170052	8108.09200676	0.00661933
5.87000000	-0.94247429	-47595.44262064	8108.09201812	0.00670411
5.88000000	-0.94240682	-47676.52354088	8108.09202960	0.00679122
5.89000000	-0.94233846	-47757.60446123	8108.09204122	0.00688072
5.90000000	-0.94226920	-47838.68538170	8108.09205297	0.00697264
5.91000000	-0.94219900	-47919.76630229	8108.09206486	0.00706705
5.92000000	-0.94212785	-48000.84722300	8108.09207688	0.00716399
5.93000000	-0.94205571	-48081.92814383	8108.09208906	0.00726351
5.94000000	-0.94198257	-48163.00906478	8108.09210138	0.00736567
5.95000000	-0.94190839	-48244.08998586	8108.09211386	0.00747052
5.96000000	-0.94183315	-48325.17090706	8108.09212650	0.00757812
5.97000000	-0.94175682	-48406.25182839	8108.09213929	0.00768852
5.98000000	-0.94167937	-48487.33274985	8108.09215225	0.00780178
5.99000000	-0.94160077	-48568.41367144	8108.09216539	0.00791795
6.00000000	-0.94152100	-48649.49459316	8108.09217869	0.00803711
6.01000000	-0.94144002	-48730.57551501	8108.09219218	0.00815930
6.02000000	-0.94135780	-48811.65643700	8108.09220585	0.00828459
6.03000000	-0.94127432	-48892.73735913	8108.09221970	0.00841303
6.04000000	-0.94118953	-48973.81828139	8108.09223375	0.00854470
6.05000000	-0.94110341	-49054.89920380	8108.09224800	0.00867966
6.06000000	-0.94101593	-49135.98012636	8108.09226245	0.00881797
6.07000000	-0.94092704	-49217.06104905	8108.09227710	0.00895971
6.08000000	-0.94083672	-49298.14197190	8108.09229197	0.00910492
6.09000000	-0.94074493	-49379.22289489	8108.09230705	0.00925369
6.10000000	-0.94065164	-49460.30381804	8108.09232236	0.00940609
6.11000000	-0.94055680	-49541.38474134	8108.09233790	0.00956218
6.12000000	-0.94046038	-49622.46566480	8108.09235366	0.00972204
6.13000000	-0.94036234	-49703.54658841	8108.09236967	0.00988575
6.14000000	-0.94026265	-49784.62751219	8108.09238592	0.01005336
6.15000000	-0.94016126	-49865.70843613	8108.09240242	0.01022497
6.16000000	-0.94005814	-49946.78936024	8108.09241917	0.01040065
6.17000000	-0.93995324	-50027.87028452	8108.09243619	0.01058047
6.18000000	-0.93984652	-50108.95120897	8108.09245347	0.01076451
6.19000000	-0.93973793	-50190.03213359	8108.09247103	0.01095286
6.20000000	-0.93962744	-50271.11305839	8108.09248886	0.01114560
6.21000000	-0.93951501	-50352.19398337	8108.09250698	0.01134280
6.22000000	-0.93940057	-50433.27490853	8108.09252539	0.01154456
6.23000000	-0.93928410	-50514.35583388	8108.09254411	0.01175096
6.24000000	-0.93916554	-50595.43675941	8108.09256312	0.01196209
6.25000000	-0.93904484	-50676.51768514	8108.09258245	0.01217802
6.26000000	-0.93892196	-50757.59861106	8108.09260209	0.01239886
6.27000000	-0.93879685	-50838.67953718	8108.09262206	0.01262469
6.28000000	-0.93866945	-50919.76046350	8108.09264237	0.01285561
6.29000000	-0.93853972	-51000.84139003	8108.09266301	0.01309171
6.30000000	-0.93840760	-51081.92231677	8108.09268399	0.01333307
6.31000000	-0.93827304	-51163.00324371	8108.09270534	0.01357981
6.32000000	-0.93813598	-51244.08417087	8108.09272704	0.01383201
6.33000000	-0.93799638	-51325.16509825	8108.09274911	0.01408978
6.34000000	-0.93785417	-51406.24602586	8108.09277156	0.01435321
6.35000000	-0.93770930	-51487.32695369	8108.09279439	0.01462241
6.36000000	-0.93756170	-51568.40788175	8108.09281762	0.01489748
6.37000000	-0.93741133	-51649.48881004	8108.09284124	0.01517851
6.38000000	-0.93725811	-51730.56973857	8108.09286528	0.01546563
6.39000000	-0.93710199	-51811.65066735	8108.09288973	0.01575893
6.40000000	-0.93694291	-51892.73159637	8108.09291460	0.01605853
6.41000000	-0.93678080	-51973.81252564	8108.09293991	0.01636453
6.42000000	-0.93661560	-52054.89345517	8108.09296567	0.01667704
6.43000000	-0.93644724	-52135.97438496	8108.09299187	0.01699618
6.44000000	-0.93627565	-52217.05531501	8108.09301853	0.01732207
6.45000000	-0.93610077	-52298.13624533	8108.09304567	0.01765481
6.46000000	-0.93592253	-52379.21717592	8108.09307328	0.01799452
6.47000000	-0.93574086	-52460.29810679	8108.09310138	0.01834133
6.48000000	-0.93555568	-52541.37903795	8108.09312998	0.01869536
6.49000000	-0.93536693	-52622.45996940	8108.09315909	0.01905671
6.50000000	-0.93517452	-52703.54090113	8108.09318871	0.01942553
6.51000000	-0.93497839	-52784.62183317	8108.09321886	0.01980193
6.52000000	-0.93477846	-52865.70276551	8108.09324955	0.02018603
6.53000000	-0.93457465	-52946.78369816	8108.09328078	0.02057798
6.54000000	-0.93436687	-53027.86463113	8108.09331258	0.02097788
6.55000000	-0.93415506	-53108.94556442	8108.09334494	0.02138589
6.56000000	-0.93393913	-53190.02649803	8108.09337788	0.02180212
6.57000000	-0.93371899	-53271.10743198	8108.09341141	0.02222671
6.58000000	-0.93349457	-53352.18836626	8108.09344555	0.02265980
6.59000000	-0.93326577	-53433.26930089	8108.09348029	0.02310152
6.60000000	-0.93303251	-53514.35023587	8108.09351566	0.02355202
6.61000000	-0.93279470	-53595.43117121	8108.09355167	0.02401142
6.62000000	-0.93255225	-53676.51210691	8108.09358832	0.02447987
6.63000000	-0.93230507	-53757.59304297	8108.09362563	0.02495752
6.64000000	-0.93205307	-53838.67397942	8108.09366361	0.02544451
6.65000000	-0.93179615	-53919.75491625	8108.09370227	0.02594098
6.66000000	-0.93153421	-54000.83585347	8108.09374163	0.02644708
6.67000000	-0.93126717	-54081.91679108	8108.09378170	0.02696296
6.68000000	-0.93099492	-54162.99772910	8108.09382248	0.02748877
6.69000000	-0.93071736	-54244.07866754	8108.09386400	0.02802465
6.70000000	-0.93043439	-54325.15960639	8108.09390627	0.02857078
6.71000000	-0.93014591	-54406.24054566	8108.09394929	0.02912728
6.72000000	-0.92985181	-54487.32148538	8108.09399309	0.02969434
6.73000000	-0.92955199	-54568.40242553	8108.09403767	0.03027209
6.74000000	-0.92924634	-54649.48336613	8108.09408306	0.03086070
6.75000000	-0.92893474	-54730.56430719	8108.09412925	0.03146033
6.76000000	-0.92861709	-54811.64524872	8108.09417628	0.03207115
6.77000000	-0.92829328	-54892.72619072	8108.09422414	0.03269330
6.78000000	-0.92796319	-54973.80713320	8108.09427286	0.03332697
6.79000000	-0.92762670	-55054.88807618	8108.09432246	0.03397230
6.80000000	-0.92728370	-55135.96901966	8108.09437293	0.03462948
6.81000000	-0.92693407	-55217.04996364	8108.09442431	0.03529866
6.82000000	-0.92657769	-55298.13090815	8108.09447661	0.03598003
6.83000000	-0.92621443	-55379.21185318	8108.09452983	0.03667374
6.84000000	-0.92584417	-55460.29279875	8108.09458400	0.03737997
6.85000000	-0.92546679	-55541.37374486	8108.09463913	0.03809889
6.86000000	-0.92508215	-55622.45469153	8108.09469525	0.03883069
6.87000000	-0.92469013	-55703.53563877	8108.09475235	0.03957552
6.88000000	-0.92429060	-55784.61658658	8108.09481046	0.04033358
6.89000000	-0.92388341	-55865.69753498	8108.09486960	0.04110504
6.90000000	-0.92346845	-55946.77848398	8108.09492979	0.04189007
6.91000000	-0.92304557	-56027.85943358	8108.09499103	0.04268887
6.92000000	-0.92261463	-56108.94038380	8108.09505335	0.04350160
6.93000000	-0.92217549	-56190.02133465	8108.09511676	0.04432846
6.94000000	-0.92172801	-56271.10228614	8108.09518129	0.04516961
6.95000000	-0.92127205	-56352.18323828	8108.09524694	0.04602526
6.96000000	-0.92080746	-56433.26419108	8108.09531374	0.04689559
6.97000000	-0.92033409	-56514.34514456	8108.09538170	0.04778077
6.98000000	-0.91985179	-56595.42609872	8108.09545085	0.04868100
6.99000000	-0.91936042	-56676.50705358	8108.09552120	0.04959647
7.00000000	-0.91885981	-56757.58800915	8108.09559276	0.05052735
7.01000000	-0.91834982	-56838.66896544	8108.09566557	0.05147386
7.02000000	-0.91783028	-56919.74992246	8108.09573963	0.05243616
7.03000000	-0.91730104	-57000.83088024	8108.09581496	0.05341446
7.04000000	-0.91676194	-57081.91183877	8108.09589160	0.05440894
7.05000000	-0.91621281	-57162.99279807	8108.09596954	0.05541979
7.06000000	-0.91565349	-57244.07375816	8108.09604882	0.05644722
7.07000000	-0.91508381	-57325.15471905	8108.09612946	0.05749140
7.08000000	-0.91450360	-57406.23568076	8108.09621146	0.05855254
7.09000000	-0.91391270	-57487.31664329	8108.09629486	0.05963082
7.10000000	-0.91331093	-57568.39760666	8108.09637968	0.06072645
7.11000000	-0.91269811	-57649.47857089	8108.09646593	0.06183960
7.12000000	-0.91207408	-57730.55953598	8108.09655364	0.06297049
7.13000000	-0.91143864	-57811.64050196	8108.09664282	0.06411929
7.14000000	-0.91079163	-57892.72146884	8108.09673350	0.06528621
7.15000000	-0.91013286	-57973.80243664	8108.09682570	0.06647144
7.16000000	-0.90946214	-58054.88340536	8108.09691944	0.06767517
7.17000000	-0.90877929	-58135.96437503	8108.09701475	0.06889760
7.18000000	-0.90808412	-58217.04534566	8108.09711164	0.07013892
7.19000000	-0.90737645	-58298.12631727	8108.09721013	0.07139932
7.20000000	-0.90665607	-58379.20728987	8108.09731025	0.07267900
7.21000000	-0.90592280	-58460.28826348	8108.09741202	0.07397814
7.22000000	-0.90517644	-58541.36923812	8108.09751547	0.07529694
7.23000000	-0.90441680	-58622.45021380	8108.09762061	0.07663559
7.24000000	-0.90364367	-58703.53119054	8108.09772747	0.07799429
7.25000000	-0.90285685	-58784.61216835	8108.09783607	0.07937321
7.26000000	-0.90205613	-58865.69314726	8108.09794644	0.08077255
7.27000000	-0.90124133	-58946.77412729	8108.09805859	0.08219249
7.28000000	-0.90041221	-59027.85510844	8108.09817256	0.08363323
7.29000000	-0.89956859	-59108.93609074	8108.09828836	0.08509494
7.30000000	-0.89871025	-59190.01707421	8108.09840602	0.08657781
7.31000000	-0.89783696	-59271.09805887	8108.09852557	0.08808203
7.32000000	-0.89694853	-59352.17904473	8108.09864702	0.08960777
7.33000000	-0.89604474	-59433.26003182	8108.09877041	0.09115521
7.34000000	-0.89512536	-59514.34102015	8108.09889575	0.09272454
7.35000000	-0.89419017	-59595.42200974	8108.09902307	0.09431592
7.36000000	-0.89323896	-59676.50300061	8108.09915240	0.09592954
7.37000000	-0.89227151	-59757.58399279	8108.09928376	0.09756556
7.38000000	-0.89128758	-59838.66498630	8108.09941717	0.09922415
7.39000000	-0.89028695	-59919.74598114	8108.09955267	0.10090548
7.40000000	-0.88926939	-60000.82697736	8108.09969027	0.10260973
7.41000000	-0.88823468	-60081.90797496	8108.09983000	0.10433704
7.42000000	-0.88718257	-60162.98897396	8108.09997189	0.10608759
7.43000000	-0.88611285	-60244.06997440	8108.10011596	0.10786152
7.44000000	-0.88502526	-60325.15097629	8108.10026223	0.10965900
7.45000000	-0.88391959	-60406.23197965	8108.10041075	0.11148018
7.46000000	-0.88279558	-60487.31298451	8108.10056152	0.11332520
7.47000000	-0.88165300	-60568.39399089	8108.10071458	0.11519422
7.48000000	-0.88049162	-60649.47499881	8108.10086995	0.11708737
7.49000000	-0.87931118	-60730.55600830	8108.10102765	0.11900479
7.50000000	-0.87811144	-60811.63701937	8108.10118772	0.12094663
7.51000000	-0.87689216	-60892.71803206	8108.10135019	0.12291300
7.52000000	-0.87565310	-60973.79904639	8108.10151507	0.12490405
7.53000000	-0.87439400	-61054.88006237	8108.10168239	0.12691989
7.54000000	-0.87311462	-61135.96108004	8108.10185218	0.12896065
7.55000000	-0.87181470	-61217.04209942	8108.10202447	0.13102644
7.56000000	-0.87049400	-61298.12312054	8108.10219928	0.13311738
7.57000000	-0.86915227	-61379.20414342	8108.10237664	0.13523356
7.58000000	-0.86778925	-61460.28516808	8108.10255657	0.13737510
7.59000000	-0.86640468	-61541.36619456	8108.10273911	0.13954210
7.60000000	-0.86499832	-61622.44722287	8108.10292428	0.14173463
7.61000000	-0.86356990	-61703.52825305	8108.10311211	0.14395280
7.62000000	-0.86211918	-61784.60928512	8108.10330262	0.14619669
7.63000000	-0.86064588	-61865.69031911	8108.10349584	0.14846637
7.64000000	-0.85914976	-61946.77135505	8108.10369179	0.15076192
7.65000000	-0.85763056	-62027.85239296	8108.10389051	0.15308340
7.66000000	-0.85608801	-62108.93343287	8108.10409202	0.15543088
7.67000000	-0.85452186	-62190.01447481	8108.10429634	0.15780441
7.68000000	-0.85293183	-62271.09551880	8108.10450351	0.16020404
7.69000000	-0.85131769	-62352.17656489	8108.10471355	0.16262981
7.70000000	-0.84967915	-62433.25761308	8108.10492648	0.16508176
7.71000000	-0.84801596	-62514.33866343	8108.10514234	0.16755992
7.72000000	-0.84632787	-62595.41971594	8108.10536115	0.17006432
7.73000000	-0.84461459	-62676.50077066	8108.10558293	0.17259497
7.74000000	-0.84287588	-62757.58182761	8108.10580772	0.17515189
7.75000000	-0.84111147	-62838.66288682	8108.10603553	0.17773507
7.76000000	-0.83932109	-62919.74394833	8108.10626640	0.18034452
7.77000000	-0.83750449	-63000.82501216	8108.10650034	0.18298022
7.78000000	-0.83566140	-63081.90607835	8108.10673740	0.18564217
7.79000000	-0.83379156	-63162.98714692	8108.10697758	0.18833033
7.80000000	-0.83189470	-63244.06821791	8108.10722092	0.19104467
7.81000000	-0.82997058	-63325.14929135	8108.10746745	0.19378515
7.82000000	-0.82801891	-63406.23036727	8108.10771718	0.19655173
7.83000000	-0.82603945	-63487.31144570	8108.10797015	0.19934436
7.84000000	-0.82403194	-63568.39252668	8108.10822637	0.20216296
7.85000000	-0.82199611	-63649.47361024	8108.10848588	0.20500747
7.86000000	-0.81993170	-63730.55469641	8108.10874869	0.20787782
7.87000000	-0.81783847	-63811.63578523	8108.10901484	0.21077390
7.88000000	-0.81571614	-63892.71687672	8108.10928434	0.21369564
7.89000000	-0.81356447	-63973.79797093	8108.10955722	0.21664293
7.90000000	-0.81138320	-64054.87906788	8108.10983350	0.21961565
7.91000000	-0.80917207	-64135.96016761	8108.11011322	0.22261369
7.92000000	-0.80693084	-64217.04127015	8108.11039638	0.22563692
7.93000000	-0.80465925	-64298.12237555	8108.11068301	0.22868520
7.94000000	-0.80235705	-64379.20348382	8108.11097315	0.23175840
7.95000000	-0.80002400	-64460.28459502	8108.11126680	0.23485635
7.96000000	-0.79765984	-64541.36570917	8108.11156399	0.23797890
7.97000000	-0.79526434	-64622.44682631	8108.11186474	0.24112588
7.98000000	-0.79283725	-64703.52794648	8108.11216908	0.24429710
7.99000000	-0.79037832	-64784.60906971	8108.11247702	0.24749239
8.00000000	-0.78788732	-64865.69019603	8108.11278859	0.25071154
