T	Ut	Ft	St	Ct
0.01000000	-1.81250000	-5.03665571	322.41557091	0.00000000
0.02000000	-1.81250000	-8.26081142	322.41557091	0.00000000
0.03000000	-1.81250000	-11.48496713	322.41557091	0.00000000
0.04000000	-1.81250000	-14.70912284	322.41557091	0.00000000
0.05000000	-1.81250000	-17.93327855	322.41557091	0.00000000
0.06000000	-1.81250000	-21.15743425	322.41557091	0.00000000
0.07000000	-1.81250000	-24.38158996	322.41557091	0.00000000
0.08000000	-1.81250000	-27.60574567	322.41557091	0.00000000
0.09000000	-1.81250000	-30.82990138	322.41557091	0.00000000
0.10000000	-1.81250000	-34.05405709	322.41557091	0.00000000
0.11000000	-1.81250000	-37.27821280	322.41557091	0.00000000
0.12000000	-1.81250000	-40.50236851	322.41557091	0.00000000
0.13000000	-1.81250000	-43.72652422	322.41557091	0.00000000
0.14000000	-1.81250000	-46.95067993	322.41557091	0.00000000
0.15000000	-1.81250000	-50.17483564	322.41557091	0.00000000
0.16000000	-1.81250000	-53.39899135	322.41557091	0.00000000
0.17000000	-1.81250000	-56.62314705	322.41557091	0.00000000
0.18000000	-1.81250000	-59.84730276	322.41557091	0.00000000
0.19000000	-1.81250000	-63.07145847	322.41557091	0.00000000
0.20000000	-1.81250000	-66.29561418	322.41557091	0.00000000
0.21000000	-1.81250000	-69.51976989	322.41557091	0.00000000
0.22000000	-1.81250000	-72.74392560	322.41557091	0.00000000
0.23000000	-1.81250000	-75.96808131	322.41557091	0.00000000
0.24000000	-1.81250000	-79.19223702	322.41557091	-0.00000000
0.25000000	-1.81250000	-82.41639273	322.41557091	0.00000000
0.26000000	-1.81250000	-85.64054844	322.41557091	0.00000000
0.27000000	-1.81250000	-88.86470415	322.41557091	0.00000000
0.28000000	-1.81250000	-92.08885985	322.41557091	0.00000000
0.29000000	-1.81250000	-95.31301556	322.41557091	0.00000000
0.30000000	-1.81250000	-98.53717127	322.41557091	0.00000000
0.31000000	-1.81250000	-101.76132698	322.41557091	0.00000000
0.32000000	-1.81250000	-104.98548269	322.41557091	0.00000000
0.33000000	-1.81250000	-108.20963840	322.41557091	0.00000000
0.34000000	-1.81250000	-111.43379411	322.41557091	0.00000000
0.35000000	-1.81250000	-114.65794982	322.41557091	0.00000000
0.36000000	-1.81250000	-117.88210553	322.41557091	0.00000001
0.37000000	-1.81250000	-121.10626124	322.41557091	0.00000001
0.38000000	-1.81250000	-124.33041695	322.41557091	0.00000002
0.39000000	-1.81250000	-127.55457265	322.41557091	0.00000003
0.40000000	-1.81250000	-130.77872836	322.41557091	0.00000004
0.41000000	-1.81250000	-134.00288407	322.41557091	0.00000006
0.42000000	-1.81250000	-137.22703978	322.41557091	0.00000009
0.43000000	-1.81250000	-140.45119549	322.41557092	0.00000014
0.44000000	-1.81250000	-143.67535120	322.41557092	0.00000021
0.45000000	-1.81249999	-146.89950691	322.41557093	0.00000030
0.46000000	-1.81249999	-150.12366262	322.41557093	0.00000042
0.47000000	-1.81249998	-153.34781833	322.41557094	0.00000058
0.48000000	-1.81249998	-156.57197404	322.41557096	0.00000081
0.49000000	-1.81249997	-159.79612975	322.41557098	0.00000110
0.50000000	-1.81249995	-163.02028546	322.41557100	0.00000147
0.51000000	-1.81249994	-166.24444117	322.41557104	0.00000196
0.52000000	-1.81249992	-169.46859688	322.41557108	0.00000257
0.53000000	-1.81249989	-172.69275259	322.41557114	0.00000336
0.54000000	-1.81249985	-175.91690830	322.41557121	0.00000434
0.55000000	-1.81249980	-179.14106401	322.41557130	0.00000556
0.56000000	-1.81249974	-182.36521973	322.41557141	0.00000707
0.57000000	-1.81249966	-185.58937544	322.41557155	0.00000893
0.58000000	-1.81249956	-188.81353116	322.41557173	0.00001120
0.59000000	-1.81249943	-192.03768688	322.41557194	0.00001395
0.60000000	-1.81249927	-195.26184260	322.41557220	0.00001729
0.61000000	-1.81249908	-198.48599832	322.41557252	0.00002130
0.62000000	-1.81249885	-201.71015405	322.41557291	0.00002610
0.63000000	-1.81249856	-204.93430978	322.41557337	0.00003183
0.64000000	-1.81249821	-208.15846551	322.41557392	0.00003862
0.65000000	-1.81249778	-211.38262126	322.41557458	0.00004666
0.66000000	-1.81249727	-214.60677701	322.41557536	0.00005612
0.67000000	-1.81249665	-217.83093277	322.41557629	0.00006722
0.68000000	-1.81249592	-221.05508853	322.41557738	0.00008019
0.69000000	-1.81249504	-224.27924431	322.41557865	0.00009530
0.70000000	-1.81249400	-227.50340011	322.41558015	0.00011283
0.71000000	-1.81249278	-230.72755592	322.41558189	0.00013312
0.72000000	-1.81249133	-233.95171175	322.41558391	0.00015651
0.73000000	-1.81248963	-237.17586760	322.41558625	0.00018339
0.74000000	-1.81248765	-240.40002347	322.41558895	0.00021417
0.75000000	-1.81248534	-243.62417938	322.41559205	0.00024934
0.76000000	-1.81248265	-246.84833531	322.41559562	0.00028937
0.77000000	-1.81247953	-250.07249129	322.41559969	0.00033482
0.78000000	-1.81247593	-253.29664731	322.41560433	0.00038626
0.79000000	-1.81247178	-256.52080338	322.41560961	0.00044432
0.80000000	-1.81246702	-259.74495950	322.41561561	0.00050966
0.81000000	-1.81246156	-262.96911569	322.41562238	0.00058301
0.82000000	-1.81245533	-266.19327196	322.41563003	0.00066511
0.83000000	-1.81244823	-269.41742830	322.41563864	0.00075677
0.84000000	-1.81244016	-272.64158473	322.41564830	0.00085884
0.85000000	-1.81243102	-275.86574127	322.41565912	0.00097222
0.86000000	-1.81242068	-279.08989792	322.41567121	0.00109785
0.87000000	-1.81240901	-282.31405470	322.41568469	0.00123670
0.88000000	-1.81239589	-285.53821162	322.41569969	0.00138982
0.89000000	-1.81238117	-288.76236870	322.41571633	0.00155827
0.90000000	-1.81236467	-291.98652595	322.41573475	0.00174317
0.91000000	-1.81234624	-295.21068340	322.41575511	0.00194567
0.92000000	-1.81232570	-298.43484106	322.41577757	0.00216697
0.93000000	-1.81230284	-301.65899896	322.41580228	0.00240830
0.94000000	-1.81227746	-304.88315711	322.41582942	0.00267091
0.95000000	-1.81224934	-308.10731555	322.41585917	0.00295611
0.96000000	-1.81221826	-311.33147431	322.41589172	0.00326521
0.97000000	-1.81218396	-314.55563340	322.41592726	0.00359956
0.98000000	-1.81214618	-317.77979286	322.41596600	0.00396054
0.99000000	-1.81210465	-321.00395273	322.41600816	0.00434953
1.00000000	-1.81205909	-324.22811304	322.41605395	0.00476792
1.01000000	-1.81200919	-327.45227382	322.41610359	0.00521713
1.02000000	-1.81195464	-330.67643512	322.41615734	0.00569858
1.03000000	-1.81189511	-333.90059698	322.41621541	0.00621368
1.04000000	-1.81183025	-337.12475945	322.41627807	0.00676383
1.05000000	-1.81175971	-340.34892256	322.41634557	0.00735045
1.06000000	-1.81168311	-343.57308637	322.41641817	0.00797492
1.07000000	-1.81160008	-346.79725094	322.41649613	0.00863860
1.08000000	-1.81151021	-350.02141632	322.41657973	0.00934283
1.09000000	-1.81141308	-353.24558256	322.41666924	0.01008891
1.10000000	-1.81130829	-356.46974972	322.41676494	0.01087811
1.11000000	-1.81119537	-359.69391788	322.41686712	0.01171166
1.12000000	-1.81107390	-362.91808709	322.41697606	0.01259071
1.13000000	-1.81094340	-366.14225742	322.41709205	0.01351638
1.14000000	-1.81080341	-369.36642895	322.41721538	0.01448971
1.15000000	-1.81065345	-372.59060175	322.41734635	0.01551167
1.16000000	-1.81049302	-375.81477590	322.41748525	0.01658316
1.17000000	-1.81032162	-379.03895149	322.41763237	0.01770499
1.18000000	-1.81013875	-382.26312858	322.41778800	0.01887786
1.19000000	-1.80994389	-385.48730727	322.41795243	0.02010239
1.20000000	-1.80973652	-388.71148766	322.41812595	0.02137910
1.21000000	-1.80951613	-391.93566983	322.41830884	0.02270837
1.22000000	-1.80928218	-395.15985387	322.41850138	0.02409049
1.23000000	-1.80903414	-398.38403989	322.41870386	0.02552560
1.24000000	-1.80877149	-401.60822798	322.41891652	0.02701373
1.25000000	-1.80849369	-404.83241825	322.41913965	0.02855475
1.26000000	-1.80820022	-408.05661081	322.41937348	0.03014842
1.27000000	-1.80789055	-411.28080576	322.41961827	0.03179431
1.28000000	-1.80756416	-414.50500321	322.41987426	0.03349188
1.29000000	-1.80722054	-417.72920328	322.42014166	0.03524041
1.30000000	-1.80685919	-420.95340608	322.42042069	0.03703902
1.31000000	-1.80647960	-424.17761173	322.42071155	0.03888668
1.32000000	-1.80608129	-427.40182035	322.42101444	0.04078219
1.33000000	-1.80566380	-430.62603206	322.42132952	0.04272418
1.34000000	-1.80522666	-433.85024699	322.42165696	0.04471111
1.35000000	-1.80476943	-437.07446524	322.42199690	0.04674129
1.36000000	-1.80429170	-440.29868697	322.42234946	0.04881285
1.37000000	-1.80379305	-443.52291228	322.42271477	0.05092375
1.38000000	-1.80327310	-446.74714130	322.42309290	0.05307180
1.39000000	-1.80273149	-449.97137418	322.42348394	0.05525463
1.40000000	-1.80216790	-453.19561103	322.42388795	0.05746975
1.41000000	-1.80158200	-456.41985198	322.42430495	0.05971449
1.42000000	-1.80097352	-459.64409717	322.42473496	0.06198603
1.43000000	-1.80034220	-462.86834672	322.42517799	0.06428144
1.44000000	-1.79968782	-466.09260077	322.42563399	0.06659763
1.45000000	-1.79901019	-469.31685944	322.42610294	0.06893142
1.46000000	-1.79830914	-472.54112287	322.42658474	0.07127948
1.47000000	-1.79758456	-475.76539118	322.42707933	0.07363840
1.48000000	-1.79683635	-478.98966450	322.42758659	0.07600469
1.49000000	-1.79606446	-482.21394296	322.42810638	0.07837474
1.50000000	-1.79526886	-485.43822667	322.42863854	0.08074492
1.51000000	-1.79444957	-488.66251577	322.42918291	0.08311150
1.52000000	-1.79360665	-491.88681037	322.42973929	0.08547075
1.53000000	-1.79274019	-495.11111059	322.43030745	0.08781887
1.54000000	-1.79185032	-498.33541656	322.43088716	0.09015209
1.55000000	-1.79093721	-501.55972837	322.43147817	0.09246660
1.56000000	-1.79000107	-504.78404616	322.43208019	0.09475863
1.57000000	-1.78904213	-508.00837001	322.43269292	0.09702444
1.58000000	-1.78806068	-511.23270005	322.43331606	0.09926033
1.59000000	-1.78705703	-514.45703637	322.43394927	0.10146265
1.60000000	-1.78603155	-517.68137907	322.43459220	0.10362783
1.61000000	-1.78498461	-520.90572824	322.43524449	0.10575241
1.62000000	-1.78391665	-524.13008399	322.43590577	0.10783299
1.63000000	-1.78282811	-527.35444639	322.43657563	0.10986631
1.64000000	-1.78171949	-530.57881553	322.43725368	0.11184924
1.65000000	-1.78059130	-533.80319149	322.43793950	0.11377878
1.66000000	-1.77944410	-537.02757434	322.43863267	0.11565209
1.67000000	-1.77827846	-540.25196416	322.43933276	0.11746648
1.68000000	-1.77709498	-543.47636102	322.44003931	0.11921943
1.69000000	-1.77589428	-546.70076497	322.44075189	0.12090862
1.70000000	-1.77467702	-549.92517607	322.44147003	0.12253188
1.71000000	-1.77344387	-553.14959439	322.44219328	0.12408728
1.72000000	-1.77219551	-556.37401996	322.44292119	0.12557304
1.73000000	-1.77093265	-559.59845282	322.44365328	0.12698763
1.74000000	-1.76965600	-562.82289303	322.44438910	0.12832969
1.75000000	-1.76836630	-566.04734062	322.44512818	0.12959810
1.76000000	-1.76706429	-569.27179561	322.44587007	0.13079193
1.77000000	-1.76575071	-572.49625803	322.44661430	0.13191047
1.78000000	-1.76442633	-575.72072790	322.44736043	0.13295322
1.79000000	-1.76309190	-578.94520524	322.44810801	0.13391989
1.80000000	-1.76174818	-582.16969006	322.44885660	0.13481041
1.81000000	-1.76039595	-585.39418237	322.44960576	0.13562489
1.82000000	-1.75903594	-588.61868218	322.45035508	0.13636366
1.83000000	-1.75766892	-591.84318947	322.45110413	0.13702724
1.84000000	-1.75629564	-595.06770426	322.45185251	0.13761633
1.85000000	-1.75491684	-598.29222652	322.45259983	0.13813182
1.86000000	-1.75353325	-601.51675625	322.45334570	0.13857479
1.87000000	-1.75214558	-604.74129343	322.45408976	0.13894647
1.88000000	-1.75075455	-607.96583804	322.45483164	0.13924826
1.89000000	-1.74936085	-611.19039005	322.45557101	0.13948172
1.90000000	-1.74796514	-614.41494945	322.45630753	0.13964855
1.91000000	-1.74656809	-617.63951619	322.45704089	0.13975057
1.92000000	-1.74517034	-620.86409025	322.45777079	0.13978976
1.93000000	-1.74377250	-624.08867160	322.45849694	0.13976821
1.94000000	-1.74237517	-627.31326018	322.45921908	0.13968811
1.95000000	-1.74097892	-630.53785596	322.45993694	0.13955176
1.96000000	-1.73958431	-633.76245890	322.46065030	0.13936156
1.97000000	-1.73819186	-636.98706895	322.46135893	0.13912000
1.98000000	-1.73680208	-640.21168607	322.46206262	0.13882963
1.99000000	-1.73541542	-643.43631019	322.46276119	0.13849308
2.00000000	-1.73403236	-646.66094127	322.46345446	0.13811306
2.01000000	-1.73265330	-649.88557926	322.46414227	0.13769232
2.02000000	-1.73127864	-653.11022410	322.46482449	0.13723366
2.03000000	-1.72990874	-656.33487573	322.46550098	0.13673995
2.04000000	-1.72854395	-659.55953410	322.46617164	0.13621406
2.05000000	-1.72718456	-662.78419914	322.46683638	0.13565893
2.06000000	-1.72583086	-666.00887081	322.46749512	0.13507751
2.07000000	-1.72448309	-669.23354903	322.46814780	0.13447279
2.08000000	-1.72314147	-672.45823374	322.46879436	0.13384779
2.09000000	-1.72180619	-675.68292489	322.46943479	0.13320553
2.10000000	-1.72047740	-678.90762242	322.47006905	0.13254908
2.11000000	-1.71915524	-682.13232625	322.47069716	0.13188150
2.12000000	-1.71783980	-685.35703634	322.47131912	0.13120591
2.13000000	-1.71653114	-688.58175262	322.47193496	0.13052541
2.14000000	-1.71522930	-691.80647502	322.47254473	0.12984315
2.15000000	-1.71393427	-695.03120349	322.47314847	0.12916232
2.16000000	-1.71264604	-698.25593797	322.47374626	0.12848610
2.17000000	-1.71136453	-701.48067840	322.47433819	0.12781775
2.18000000	-1.71008965	-704.70542471	322.47492434	0.12716054
2.19000000	-1.70882127	-707.93017686	322.47550484	0.12651782
2.20000000	-1.70755923	-711.15493479	322.47607980	0.12589297
2.21000000	-1.70630334	-714.37969844	322.47664937	0.12528947
2.22000000	-1.70505336	-717.60446776	322.47721370	0.12471085
2.23000000	-1.70380902	-720.82924270	322.47777295	0.12416076
2.24000000	-1.70257003	-724.05402320	322.47832731	0.12364295
2.25000000	-1.70133604	-727.27880923	322.47887697	0.12316132
2.26000000	-1.70010667	-730.50360073	322.47942215	0.12271990
2.27000000	-1.69888150	-733.72839766	322.47996307	0.12232289
2.28000000	-1.69766005	-736.95319998	322.48049997	0.12197473
2.29000000	-1.69644183	-740.17800765	322.48103311	0.12168006
2.30000000	-1.69522626	-743.40282063	322.48156277	0.12144379
2.31000000	-1.69401274	-746.62763889	322.48208924	0.12127115
2.32000000	-1.69280060	-749.85246240	322.48261284	0.12116772
2.33000000	-1.69158913	-753.07729114	322.48313391	0.12113949
2.34000000	-1.69037754	-756.30212507	322.48365279	0.12119290
2.35000000	-1.68916498	-759.52696419	322.48416988	0.12133493
2.36000000	-1.68795052	-762.75180847	322.48468557	0.12157316
2.37000000	-1.68673317	-765.97665790	322.48520031	0.12191589
2.38000000	-1.68551183	-769.20151247	322.48571456	0.12237217
2.39000000	-1.68428531	-772.42637219	322.48622882	0.12295199
2.40000000	-1.68305234	-775.65123705	322.48674363	0.12366639
2.41000000	-1.68181150	-778.87610706	322.48725957	0.12452757
2.42000000	-1.68056125	-782.10098225	322.48777727	0.12554912
2.43000000	-1.67929993	-785.32586262	322.48829740	0.12674618
2.44000000	-1.67802569	-788.55074820	322.48882070	0.12813571
2.45000000	-1.67673651	-791.77563904	322.48934797	0.12973671
2.46000000	-1.67543018	-795.00053518	322.48988008	0.13157055
2.47000000	-1.67410424	-798.22543667	322.49041798	0.13366132
2.48000000	-1.67275600	-801.45034356	322.49096273	0.13603627
2.49000000	-1.67138247	-804.67525595	322.49151545	0.13872622
2.50000000	-1.66998031	-807.90017390	322.49207744	0.14176618
2.51000000	-1.66854585	-811.12509753	322.49265007	0.14519592
2.52000000	-1.66707495	-814.35002694	322.49323492	0.14906077
2.53000000	-1.66556301	-817.57496228	322.49383370	0.15341243
2.54000000	-1.66400488	-820.79990367	322.49444834	0.15830998
2.55000000	-1.66239477	-824.02485130	322.49508100	0.16382104
2.56000000	-1.66072616	-827.24980536	322.49573406	0.17002311
2.57000000	-1.65899170	-830.47476606	322.49641026	0.17700511
2.58000000	-1.65718311	-833.69973365	322.49711261	0.18486919
2.59000000	-1.65529099	-836.92470841	322.49784456	0.19373285
2.60000000	-1.65330468	-840.14969065	322.49860999	0.20373135
2.61000000	-1.65121206	-843.37468074	322.49941328	0.21502053
2.62000000	-1.64899937	-846.59967906	322.50025943	0.22778009
2.63000000	-1.64665087	-849.82468609	322.50115407	0.24221740
2.64000000	-1.64414863	-853.04970233	322.50210367	0.25857183
2.65000000	-1.64147213	-856.27472837	322.50311556	0.27711984
2.66000000	-1.63859787	-859.49976487	322.50419812	0.29818077
2.67000000	-1.63549891	-862.72481260	322.50536093	0.32212351
2.68000000	-1.63214438	-865.94987240	322.50661493	0.34937417
2.69000000	-1.62849877	-869.17494524	322.50797267	0.38042472
2.70000000	-1.62452133	-872.40003224	322.50944849	0.41584283
2.71000000	-1.62016519	-875.62513466	322.51105885	0.45628298
2.72000000	-1.61537643	-878.85025393	322.51282261	0.50249872
2.73000000	-1.61009309	-882.07539170	322.51476140	0.55535634
2.74000000	-1.60424387	-885.30054983	322.51689998	0.61584956
2.75000000	-1.59774687	-888.52573046	322.51926676	0.68511538
2.76000000	-1.59050802	-891.75093603	322.52189421	0.76445041
2.77000000	-1.58241941	-894.97616933	322.52481947	0.85532732
2.78000000	-1.57335748	-898.20143355	322.52808492	0.95941047
2.79000000	-1.56318097	-901.42673232	322.53173884	1.07856931
2.80000000	-1.55172891	-904.65206980	322.53583603	1.21488788
2.81000000	-1.53881837	-907.87745073	322.54043856	1.37066788
2.82000000	-1.52424233	-911.10288049	322.54561637	1.54842197
2.83000000	-1.50776769	-914.32836523	322.55144790	1.75085319
2.84000000	-1.48913351	-917.55391192	322.55802057	1.98081527
2.85000000	-1.46804982	-920.77952844	322.56543110	2.24124765
2.86000000	-1.44419721	-924.00522369	322.57378548	2.53507817
2.87000000	-1.41722762	-927.23100768	322.58319862	2.86508613
2.88000000	-1.38676668	-930.45689160	322.59379338	3.23371888
2.89000000	-1.35241814	-933.68288791	322.60569888	3.64285673
2.90000000	-1.31377098	-936.90901039	322.61904807	4.09352518
2.91000000	-1.27040957	-940.13527413	322.63397407	4.58555906
2.92000000	-1.22192744	-943.36169556	322.65060552	5.11723333
2.93000000	-1.16794472	-946.58829232	322.66906061	5.68488651
2.94000000	-1.10812930	-949.81508318	322.68944010	6.28257770
2.95000000	-1.04222100	-953.04208779	322.71181925	6.90183185
2.96000000	-0.97005754	-956.26932638	322.73623947	7.53153881
2.97000000	-0.89160055	-959.49681939	322.76269994	8.15807399
2.98000000	-0.80695894	-962.72458702	322.79115036	8.76569803
2.99000000	-0.71640674	-965.95264868	322.82148560	9.33726499
3.00000000	-0.62039242	-969.18102248	322.85354335	9.85522453
3.01000000	-0.51953694	-972.40972457	322.88710553	10.30284717
3.02000000	-0.41461894	-975.63876871	322.92190390	10.66554577
3.03000000	-0.30654692	-978.86816574	322.95762998	10.93212461
3.04000000	-0.19632010	-982.09792329	322.99394842	11.09577582
3.05000000	-0.08498116	-985.32804553	323.03051291	11.15466940
3.06000000	0.02643437	-988.55853323	323.06698288	11.11204458
3.07000000	0.13694722	-991.78938381	323.10303942	10.97579493
3.08000000	0.24567690	-995.02059169	323.13839889	10.75762376
3.09000000	0.35187440	-998.25214866	323.17282300	10.47191135
3.10000000	0.45494266	-1001.48404440	323.20612486	10.13446564
3.11000000	0.55444481	-1004.71626697	323.23817099	9.76132151
3.12000000	0.65010107	-1007.94880336	323.26887962	9.36771791
3.13000000	0.74177679	-1011.18163998	323.29821622	8.96733075
3.14000000	0.82946409	-1014.41476312	323.32618701	8.57178688
3.15000000	0.91326011	-1017.64815930	323.35283156	8.19044162
3.16000000	0.99334408	-1020.88181555	323.37821507	7.83037418
3.17000000	1.06995525	-1024.11571967	323.40242111	7.49654276
3.18000000	1.14337287	-1027.34986037	323.42554504	7.19204042
3.19000000	1.21389907	-1030.58422731	323.44768852	6.91840083
3.20000000	1.28184484	-1033.81881121	323.46895502	6.67591439
3.21000000	1.34751910	-1037.05360382	323.48944639	6.46392726
3.22000000	1.41122066	-1040.28859788	323.50926042	6.28110721
3.23000000	1.47323255	-1043.52378708	323.52848905	6.12566821
3.24000000	1.53381845	-1046.75916600	323.54721742	5.99555255
3.25000000	1.59322072	-1049.99473002	323.56552330	5.88857258
3.26000000	1.65165964	-1053.23047529	323.58347697	5.80251693
3.27000000	1.70933360	-1056.46639860	323.60114134	5.73522665
3.28000000	1.76641986	-1059.70249734	323.61857232	5.68464686
3.29000000	1.82307582	-1062.93876943	323.63581923	5.64885937
3.30000000	1.87944046	-1066.17521326	323.65292537	5.62610060
3.31000000	1.93563591	-1069.41182760	323.66992855	5.61476889
3.32000000	1.99176911	-1072.64861159	323.68686166	5.61342401
3.33000000	2.04793338	-1075.88556469	323.70375317	5.62078170
3.34000000	2.10420994	-1079.12268660	323.72062771	5.63570470
3.35000000	2.16066934	-1082.35997726	323.73750645	5.65719194
3.36000000	2.21737273	-1085.59743680	323.75440760	5.68436688
3.37000000	2.27437308	-1088.83506554	323.77134677	5.71646552
3.38000000	2.33171623	-1092.07286391	323.78833732	5.75282476
3.39000000	2.38944186	-1095.31083250	323.80539066	5.79287141
3.40000000	2.44758430	-1098.54897197	323.82251655	5.83611186
3.41000000	2.50617332	-1101.78728310	323.83972329	5.88212269
3.42000000	2.56523477	-1105.02576673	323.85701798	5.93054215
3.43000000	2.62479116	-1108.26442377	323.87440669	5.98106249
3.44000000	2.68486215	-1111.50325519	323.89189458	6.03342311
3.45000000	2.74546502	-1114.74226201	323.90948610	6.08740446
3.46000000	2.80661503	-1117.98144527	323.92718506	6.14282264
3.47000000	2.86832575	-1121.22080608	323.94499476	6.19952458
3.48000000	2.93060938	-1124.46034554	323.96291808	6.25738372
3.49000000	2.99347694	-1127.70006482	323.98095752	6.31629622
3.50000000	3.05693853	-1130.93996509	323.99911532	6.37617752
3.51000000	3.12100349	-1134.18004753	324.01739345	6.43695924
3.52000000	3.18568053	-1137.42031337	324.03579372	6.49858643
3.53000000	3.25097789	-1140.66076382	324.05431776	6.56101507
3.54000000	3.31690338	-1143.90140014	324.07296710	6.62420979
3.55000000	3.38346454	-1147.14222358	324.09174313	6.68814183
3.56000000	3.45066860	-1150.38323543	324.11064720	6.75278727
3.57000000	3.51852259	-1153.62443696	324.12968055	6.81812537
3.58000000	3.58703335	-1156.86582947	324.14884436	6.88413717
3.59000000	3.65620752	-1160.10741428	324.16813978	6.95080431
3.60000000	3.72605156	-1163.34919271	324.18756785	7.01810803
3.61000000	3.79657174	-1166.59116609	324.20712959	7.08602840
3.62000000	3.86777411	-1169.83333575	324.22682593	7.15454373
3.63000000	3.93966452	-1173.07570306	324.24665773	7.22363027
3.64000000	4.01224853	-1176.31826936	324.26662580	7.29326204
3.65000000	4.08553148	-1179.56103603	324.28673082	7.36341095
3.66000000	4.15951838	-1182.80400444	324.30697345	7.43404703
3.67000000	4.23421394	-1186.04717596	324.32735420	7.50513895
3.68000000	4.30962257	-1189.29055198	324.34787352	7.57665462
3.69000000	4.38574834	-1192.53413389	324.36853177	7.64856199
3.70000000	4.46259501	-1195.77792308	324.38932921	7.72082994
3.71000000	4.54016604	-1199.02192094	324.41026603	7.79342925
3.72000000	4.61846461	-1202.26612887	324.43134233	7.86633365
3.73000000	4.69749366	-1205.51054825	324.45255815	7.93952084
3.74000000	4.77725591	-1208.75518050	324.47391348	8.01297352
3.75000000	4.85775397	-1212.00002699	324.49540826	8.08668035
3.76000000	4.93899035	-1215.24508913	324.51704241	8.16063681
3.77000000	5.02096755	-1218.49036830	324.53881588	8.23484588
3.78000000	5.10368815	-1221.73586591	324.56072859	8.30931866
3.79000000	5.18715487	-1224.98158334	324.58278053	8.38407471
3.80000000	5.27137068	-1228.22752198	324.60497175	8.45914223
3.81000000	5.35633887	-1231.47368324	324.62730239	8.53455801
3.82000000	5.44206315	-1234.72006849	324.64977268	8.61036724
3.83000000	5.52854770	-1237.96667916	324.67238299	8.68662296
3.84000000	5.61579730	-1241.21351662	324.69513383	8.76338549
3.85000000	5.70381732	-1244.46058230	324.71802588	8.84072162
3.86000000	5.79261388	-1247.70787761	324.74105997	8.91870363
3.87000000	5.88219381	-1250.95540398	324.76423715	8.99740830
3.88000000	5.97256472	-1254.20316284	324.78755865	9.07691581
3.89000000	6.06373507	-1257.45115564	324.81102589	9.15730871
3.90000000	6.15571413	-1260.69938385	324.83464051	9.23867089
3.91000000	6.24851200	-1263.94784895	324.85840433	9.32108671
3.92000000	6.34213966	-1267.19655244	324.88231941	9.40464033
3.93000000	6.43660888	-1270.44549585	324.90638797	9.48941518
3.94000000	6.53193231	-1273.69468072	324.93061244	9.57549381
3.95000000	6.62812338	-1276.94410862	324.95499544	9.66295804
3.96000000	6.72519636	-1280.19378116	324.97953978	9.75188939
3.97000000	6.82316633	-1283.44369997	325.00424844	9.84237000
3.98000000	6.92204920	-1286.69386669	325.02912460	9.93448380
3.99000000	7.02186174	-1289.94428303	325.05417162	10.02831815
4.00000000	7.12262161	-1293.19495070	325.07939308	10.12396569
4.01000000	7.22434743	-1296.44587148	325.10479275	10.22152653
4.02000000	7.32705888	-1299.69704717	325.13037464	10.32111049
4.03000000	7.43077679	-1302.94847960	325.15614302	10.42283951
4.04000000	7.53552327	-1306.20017066	325.18210246	10.52684978
4.05000000	7.64132189	-1309.45212230	325.20825783	10.63329367
4.06000000	7.74819782	-1312.70433649	325.23461436	10.74234109
4.07000000	7.85617802	-1315.95681528	325.26117771	10.85418008
4.08000000	7.96529141	-1319.20956076	325.28795396	10.96901632
4.09000000	8.07556907	-1322.46257509	325.31494967	11.08707132
4.10000000	8.18704435	-1325.71586050	325.34217191	11.20857893
4.11000000	8.29975296	-1328.96941931	325.36962829	11.33377990
4.12000000	8.41373306	-1332.22325388	325.39732693	11.46291424
4.13000000	8.52902512	-1335.47736668	325.42527647	11.59621091
4.14000000	8.64567184	-1338.73176027	325.45348602	11.73387499
4.15000000	8.76371774	-1341.98643730	325.48196507	11.87607191
4.16000000	8.88320875	-1345.24140051	325.51072338	12.02290881
4.17000000	9.00419149	-1348.49665273	325.53977080	12.17441326
4.18000000	9.12671234	-1351.75219692	325.56911705	12.33050954
4.19000000	9.25081632	-1355.00803610	325.59877146	12.49099302
4.20000000	9.37654564	-1358.26417340	325.62874263	12.65550343
4.21000000	9.50393802	-1361.52061203	325.65903802	12.82349796
4.22000000	9.63302474	-1364.77735526	325.68966351	12.99422553
4.23000000	9.76382840	-1368.03440642	325.72062289	13.16670367
4.24000000	9.89636056	-1371.29176884	325.75191731	13.33969977
4.25000000	10.03061916	-1374.54944587	325.78354471	13.51171862
4.26000000	10.16658583	-1377.80744082	325.81549922	13.68099805
4.27000000	10.30422328	-1381.06575691	325.84777054	13.84551463
4.28000000	10.44347272	-1384.32439724	325.88034345	14.00300093
4.29000000	10.58425161	-1387.58336472	325.91319728	14.15097568
4.30000000	10.72645170	-1390.84266203	325.94630552	14.28678721
4.31000000	10.86993760	-1394.10229157	325.97963554	14.40767017
4.32000000	11.01454597	-1397.36225536	326.01314845	14.51081440
4.33000000	11.16008549	-1400.62255500	326.04679919	14.59344382
4.34000000	11.30633759	-1403.88319163	326.08053669	14.65290238
4.35000000	11.45305811	-1407.14416583	326.11430436	14.68674325
4.36000000	11.59997985	-1410.40547761	326.14804070	14.69281662
4.37000000	11.74681593	-1413.66712633	326.18168015	14.66935148
4.38000000	11.89326396	-1416.92911066	326.21515402	14.61502642
4.39000000	12.03901081	-1420.19142862	326.24839167	14.52902523
4.40000000	12.18373790	-1423.45407747	326.28132168	14.41107393
4.41000000	12.32712668	-1426.71705379	326.31387312	14.26145668
4.42000000	12.46886421	-1429.98035344	326.34597684	14.08100994
4.43000000	12.60864859	-1433.24397161	326.37756664	13.87109517
4.44000000	12.74619397	-1436.50790285	326.40858037	13.63355218
4.45000000	12.88123502	-1439.77214111	326.43896093	13.37063605
4.46000000	13.01353074	-1443.03667979	326.46865707	13.08494173
4.47000000	13.14286742	-1446.30151182	326.49762399	12.77932079
4.48000000	13.26906079	-1449.56662971	326.52582377	12.45679485
4.49000000	13.39195732	-1452.83202563	326.55322560	12.12047015
4.50000000	13.51143458	-1456.09769148	326.57980579	11.77345696
4.51000000	13.62740098	-1459.36361895	326.60554766	11.41879705
4.52000000	13.73979475	-1462.62979961	326.63044123	11.05940136
4.53000000	13.84858235	-1465.89622494	326.65448284	10.69799915
4.54000000	13.95375644	-1469.16288643	326.67767464	10.33709929
4.55000000	14.05533357	-1472.42977562	326.70002400	9.97896327
4.56000000	14.15335161	-1475.69688414	326.72154293	9.62558942
4.57000000	14.24786703	-1478.96420377	326.74224744	9.27870678
4.58000000	14.33895228	-1482.23172644	326.76215693	8.93977753
4.59000000	14.42669313	-1485.49944433	326.78129356	8.61000617
4.60000000	14.51118616	-1488.76734982	326.79968173	8.29035397
4.61000000	14.59253642	-1492.03543556	326.81734750	7.98155723
4.62000000	14.67085528	-1495.30369445	326.83431812	7.68414793
4.63000000	14.74625852	-1498.57211969	326.85062164	7.39847571
4.64000000	14.81886457	-1501.84070475	326.86628649	7.12473022
4.65000000	14.88879307	-1505.10944339	326.88134117	6.86296300
4.66000000	14.95616355	-1508.37832964	326.89581399	6.61310847
4.67000000	15.02109441	-1511.64735782	326.90973281	6.37500344
4.68000000	15.08370198	-1514.91652254	326.92312490	6.14840514
4.69000000	15.14409985	-1518.18581865	326.93601674	5.93300731
4.70000000	15.20239828	-1521.45524129	326.94843395	5.72845463
4.71000000	15.25870379	-1524.72478583	326.96040119	5.53435522
4.72000000	15.31311884	-1527.99444790	326.97194211	5.35029152
4.73000000	15.36574163	-1531.26422333	326.98307927	5.17582947
4.74000000	15.41666596	-1534.53410821	326.99383421	5.01052635
4.75000000	15.46598120	-1537.80409881	327.00422737	4.85393710
4.76000000	15.51377227	-1541.07419161	327.01427813	4.70561963
4.77000000	15.56011971	-1544.34438329	327.02400482	4.56513896
4.78000000	15.60509976	-1547.61467069	327.03342478	4.43207057
4.79000000	15.64878446	-1550.88505082	327.04255434	4.30600284
4.80000000	15.69124183	-1554.15552086	327.05140889	4.18653898
4.81000000	15.73253598	-1557.42607813	327.06000293	4.07329828
4.82000000	15.77272732	-1560.69672009	327.06835009	3.96591699
4.83000000	15.81187270	-1563.96744435	327.07646316	3.86404876
4.84000000	15.85002558	-1567.23824862	327.08435417	3.76736484
4.85000000	15.88723623	-1570.50913073	327.09203443	3.67555397
4.86000000	15.92355192	-1573.78008864	327.09951452	3.58832212
4.87000000	15.95901701	-1577.05112039	327.10680439	3.50539209
4.88000000	15.99367323	-1580.32222412	327.11391339	3.42650291
4.89000000	16.02755972	-1583.59339808	327.12085027	3.35140933
4.90000000	16.06071330	-1586.86464058	327.12762324	3.27988108
4.91000000	16.09316851	-1590.13595002	327.13424003	3.21170217
4.92000000	16.12495783	-1593.40732489	327.14070787	3.14667023
4.93000000	16.15611177	-1596.67876371	327.14703357	3.08459573
4.94000000	16.18665901	-1599.95026510	327.15322350	3.02530127
4.95000000	16.21662651	-1603.22182775	327.15928369	2.96862089
4.96000000	16.24603962	-1606.49345036	327.16521976	2.91439939
4.97000000	16.27492221	-1609.76513175	327.17103701	2.86249164
4.98000000	16.30329671	-1613.03687073	327.17674045	2.81276197
4.99000000	16.33118428	-1616.30866619	327.18233476	2.76508355
5.00000000	16.35860483	-1619.58051707	327.18782438	2.71933783
5.01000000	16.38557711	-1622.85242234	327.19321346	2.67541397
5.02000000	16.41211883	-1626.12438102	327.19850595	2.63320835
5.03000000	16.43824668	-1629.39639215	327.20370553	2.59262406
5.04000000	16.46397641	-1632.66845483	327.20881572	2.55357049
5.05000000	16.48932291	-1635.94056818	327.21383982	2.51596283
5.06000000	16.51430023	-1639.21273135	327.21878094	2.47972177
5.07000000	16.53892165	-1642.48494353	327.22364205	2.44477301
5.08000000	16.56319976	-1645.75720393	327.22842592	2.41104704
5.09000000	16.58714645	-1649.02951180	327.23313522	2.37847870
5.10000000	16.61077299	-1652.30186640	327.23777243	2.34700696
5.11000000	16.63409006	-1655.57426702	327.24233994	2.31657460
5.12000000	16.65710777	-1658.84671297	327.24683999	2.28712795
5.13000000	16.67983573	-1662.11920360	327.25127472	2.25861667
5.14000000	16.70228306	-1665.39173826	327.25564617	2.23099350
5.15000000	16.72445841	-1668.66431632	327.25995626	2.20421406
5.16000000	16.74637002	-1671.93693718	327.26420682	2.17823668
5.17000000	16.76802569	-1675.20960026	327.26839960	2.15302215
5.18000000	16.78943288	-1678.48230499	327.27253627	2.12853364
5.19000000	16.81059867	-1681.75505081	327.27661840	2.10473648
5.20000000	16.83152980	-1685.02783718	327.28064750	2.08159805
5.21000000	16.85223272	-1688.30066358	327.28462501	2.05908761
5.22000000	16.87271355	-1691.57352951	327.28855231	2.03717624
5.23000000	16.89297815	-1694.84643447	327.29243071	2.01583664
5.24000000	16.91303211	-1698.11937797	327.29626146	1.99504309
5.25000000	16.93288075	-1701.39235954	327.30004577	1.97477132
5.26000000	16.95252920	-1704.66537873	327.30378478	1.95499843
5.27000000	16.97198231	-1707.93843509	327.30747958	1.93570278
5.28000000	16.99124477	-1711.21152818	327.31113124	1.91686393
5.29000000	17.01032105	-1714.48465757	327.31474076	1.89846257
5.30000000	17.02921542	-1717.75782286	327.31830911	1.88048045
5.31000000	17.04793200	-1721.03102362	327.32183722	1.86290027
5.32000000	17.06647471	-1724.30425947	327.32532597	1.84570569
5.33000000	17.08484735	-1727.57753001	327.32877624	1.82888124
5.34000000	17.10305352	-1730.85083487	327.33218884	1.81241224
5.35000000	17.12109673	-1734.12417367	327.33556456	1.79628480
5.36000000	17.13898031	-1737.39754604	327.33890417	1.78048574
5.37000000	17.15670750	-1740.67095163	327.34220840	1.76500259
5.38000000	17.17428138	-1743.94439009	327.34547797	1.74982347
5.39000000	17.19170494	-1747.21786108	327.34871355	1.73493715
5.40000000	17.20898106	-1750.49136425	327.35191580	1.72033294
5.41000000	17.22611251	-1753.76489929	327.35508536	1.70600069
5.42000000	17.24310195	-1757.03846585	327.35822284	1.69193077
5.43000000	17.25995197	-1760.31206364	327.36132884	1.67811400
5.44000000	17.27666504	-1763.58569233	327.36440393	1.66454167
5.45000000	17.29324359	-1766.85935162	327.36744866	1.65120549
5.46000000	17.30968991	-1770.13304120	327.37046357	1.63809757
5.47000000	17.32600627	-1773.40676079	327.37344919	1.62521038
5.48000000	17.34219483	-1776.68051009	327.37640601	1.61253678
5.49000000	17.35825770	-1779.95428882	327.37933452	1.60006995
5.50000000	17.37419690	-1783.22809669	327.38223520	1.58780340
5.51000000	17.39001441	-1786.50193343	327.38510850	1.57573092
5.52000000	17.40571215	-1789.77579877	327.38795488	1.56384660
5.53000000	17.42129195	-1793.04969244	327.39077475	1.55214482
5.54000000	17.43675563	-1796.32361418	327.39356856	1.54062018
5.55000000	17.45210493	-1799.59756372	327.39633669	1.52926755
5.56000000	17.46734154	-1802.87154082	327.39907956	1.51808203
5.57000000	17.48246711	-1806.14554523	327.40179755	1.50705891
5.58000000	17.49748325	-1809.41957669	327.40449103	1.49619373
5.59000000	17.51239150	-1812.69363497	327.40716037	1.48548218
5.60000000	17.52719339	-1815.96771982	327.40980593	1.47492018
5.61000000	17.54189039	-1819.24183101	327.41242806	1.46450379
5.62000000	17.55648394	-1822.51596831	327.41502709	1.45422926
5.63000000	17.57097543	-1825.79013148	327.41760336	1.44409299
5.64000000	17.58536625	-1829.06432030	327.42015719	1.43409153
5.65000000	17.59965770	-1832.33853455	327.42268889	1.42422157
5.66000000	17.61385111	-1835.61277400	327.42519878	1.41447995
5.67000000	17.62794772	-1838.88703845	327.42768716	1.40486362
5.68000000	17.64194879	-1842.16132768	327.43015431	1.39536967
5.69000000	17.65585551	-1845.43564147	327.43260052	1.38599530
5.70000000	17.66966908	-1848.70997962	327.43502609	1.37673780
5.71000000	17.68339065	-1851.98434192	327.43743127	1.36759460
5.72000000	17.69702135	-1855.25872818	327.43981635	1.35856321
5.73000000	17.71056228	-1858.53313818	327.44218158	1.34964123
5.74000000	17.72401453	-1861.80757174	327.44452722	1.34082637
5.75000000	17.73737915	-1865.08202866	327.44685353	1.33211640
5.76000000	17.75065720	-1868.35650875	327.44916075	1.32350919
5.77000000	17.76384967	-1871.63101181	327.45144913	1.31500268
5.78000000	17.77695758	-1874.90553767	327.45371890	1.30659489
5.79000000	17.78998189	-1878.18008613	327.45597030	1.29828391
5.80000000	17.80292358	-1881.45465702	327.45820355	1.29006787
5.81000000	17.81578356	-1884.72925014	327.46041888	1.28194501
5.82000000	17.82856278	-1888.00386533	327.46261651	1.27391360
5.83000000	17.84126213	-1891.27850241	327.46479666	1.26597196
5.84000000	17.85388251	-1894.55316121	327.46695954	1.25811849
5.85000000	17.86642479	-1897.82784155	327.46910536	1.25035162
5.86000000	17.87888983	-1901.10254326	327.47123432	1.24266985
5.87000000	17.89127847	-1904.37726618	327.47334662	1.23507170
5.88000000	17.90359154	-1907.65201014	327.47544246	1.22755577
5.89000000	17.91582985	-1910.92677497	327.47752204	1.22012068
5.90000000	17.92799422	-1914.20156053	327.47958555	1.21276508
5.91000000	17.94008542	-1917.47636663	327.48163317	1.20548768
5.92000000	17.95210423	-1920.75119314	327.48366510	1.19828723
5.93000000	17.96405141	-1924.02603988	327.48568150	1.19116250
5.94000000	17.97592772	-1927.30090672	327.48768257	1.18411229
5.95000000	17.98773390	-1930.57579348	327.48966847	1.17713545
5.96000000	17.99947067	-1933.85070004	327.49163938	1.17023086
5.97000000	18.01113876	-1937.12562622	327.49359547	1.16339740
5.98000000	18.02273886	-1940.40057190	327.49553692	1.15663402
5.99000000	18.03427167	-1943.67553691	327.49746387	1.14993967
6.00000000	18.04573788	-1946.95052113	327.49937650	1.14331333
6.01000000	18.05713816	-1950.22552439	327.50127497	1.13675400
6.02000000	18.06847318	-1953.50054658	327.50315943	1.13026072
6.03000000	18.07974359	-1956.77558754	327.50503004	1.12383253
6.04000000	18.09095004	-1960.05064713	327.50688695	1.11746852
6.05000000	18.10209317	-1963.32572523	327.50873031	1.11116777
6.06000000	18.11317360	-1966.60082170	327.51056028	1.10492940
6.07000000	18.12419196	-1969.87593639	327.51237699	1.09875254
6.08000000	18.13514886	-1973.15106919	327.51418060	1.09263634
6.09000000	18.14604489	-1976.42621996	327.51597124	1.08657997
6.10000000	18.15688065	-1979.70138857	327.51774905	1.08058261
6.11000000	18.16765674	-1982.97657490	327.51951418	1.07464347
6.12000000	18.17837371	-1986.25177882	327.52126675	1.06876176
6.13000000	18.18903216	-1989.52700019	327.52300691	1.06293671
6.14000000	18.19963263	-1992.80223891	327.52473478	1.05716756
6.15000000	18.21017569	-1996.07749485	327.52645049	1.05145359
6.16000000	18.22066189	-1999.35276788	327.52815418	1.04579405
6.17000000	18.23109175	-2002.62805789	327.52984597	1.04018823
6.18000000	18.24146583	-2005.90336476	327.53152599	1.03463543
6.19000000	18.25178464	-2009.17868837	327.53319435	1.02913497
6.20000000	18.26204870	-2012.45402861	327.53485118	1.02368616
6.21000000	18.27225853	-2015.72938536	327.53649660	1.01828833
6.22000000	18.28241464	-2019.00475851	327.53813073	1.01294083
6.23000000	18.29251751	-2022.28014794	327.53975368	1.00764302
6.24000000	18.30256766	-2025.55555354	327.54136558	1.00239425
6.25000000	18.31256556	-2028.83097521	327.54296652	0.99719390
6.26000000	18.32251170	-2032.10641284	327.54455663	0.99204136
6.27000000	18.33240654	-2035.38186631	327.54613602	0.98693602
6.28000000	18.34225057	-2038.65733552	327.54770479	0.98187728
6.29000000	18.35204424	-2041.93282037	327.54926305	0.97686455
6.30000000	18.36178801	-2045.20832075	327.55081091	0.97189725
6.31000000	18.37148234	-2048.48383655	327.55234848	0.96697482
6.32000000	18.38112766	-2051.75936768	327.55387585	0.96209668
6.33000000	18.39072442	-2055.03491404	327.55539312	0.95726229
6.34000000	18.40027305	-2058.31047551	327.55690040	0.95247109
6.35000000	18.40977398	-2061.58605201	327.55839779	0.94772256
6.36000000	18.41922764	-2064.86164344	327.55988539	0.94301615
6.37000000	18.42863444	-2068.13724969	327.56136329	0.93835134
6.38000000	18.43799480	-2071.41287067	327.56283158	0.93372762
6.39000000	18.44730913	-2074.68850629	327.56429036	0.92914447
6.40000000	18.45657783	-2077.96415645	327.56573973	0.92460140
6.41000000	18.46580129	-2081.23982105	327.56717977	0.92009791
6.42000000	18.47497991	-2084.51550001	327.56861058	0.91563350
6.43000000	18.48411409	-2087.79119323	327.57003224	0.91120770
6.44000000	18.49320420	-2091.06690062	327.57144485	0.90682003
6.45000000	18.50225062	-2094.34262210	327.57284848	0.90247003
6.46000000	18.51125372	-2097.61835756	327.57424323	0.89815722
6.47000000	18.52021388	-2100.89410693	327.57562918	0.89388116
6.48000000	18.52913146	-2104.16987012	327.57700642	0.88964138
6.49000000	18.53800683	-2107.44564703	327.57837502	0.88543746
6.50000000	18.54684033	-2110.72143759	327.57973507	0.88126894
6.51000000	18.55563232	-2113.99724171	327.58108664	0.87713541
6.52000000	18.56438316	-2117.27305930	327.58242982	0.87303642
6.53000000	18.57309317	-2120.54889028	327.58376469	0.86897156
6.54000000	18.58176270	-2123.82473456	327.58509132	0.86494041
6.55000000	18.59039209	-2127.10059207	327.58640980	0.86094257
6.56000000	18.59898166	-2130.37646273	327.58772018	0.85697763
6.57000000	18.60753175	-2133.65234645	327.58902256	0.85304519
6.58000000	18.61604267	-2136.92824316	327.59031699	0.84914486
6.59000000	18.62451475	-2140.20415277	327.59160357	0.84527625
6.60000000	18.63294830	-2143.48007520	327.59288235	0.84143897
6.61000000	18.64134363	-2146.75601039	327.59415341	0.83763266
6.62000000	18.64970106	-2150.03195824	327.59541681	0.83385694
6.63000000	18.65802087	-2153.30791870	327.59667263	0.83011143
6.64000000	18.66630338	-2156.58389167	327.59792094	0.82639579
6.65000000	18.67454889	-2159.85987709	327.59916180	0.82270964
6.66000000	18.68275767	-2163.13587488	327.60039528	0.81905265
6.67000000	18.69093004	-2166.41188497	327.60162144	0.81542445
6.68000000	18.69906626	-2169.68790729	327.60284035	0.81182472
6.69000000	18.70716662	-2172.96394176	327.60405207	0.80825310
6.70000000	18.71523141	-2176.23998831	327.60525667	0.80470928
6.71000000	18.72326090	-2179.51604687	327.60645421	0.80119291
6.72000000	18.73125536	-2182.79211737	327.60764475	0.79770367
6.73000000	18.73921506	-2186.06819974	327.60882835	0.79424126
6.74000000	18.74714027	-2189.34429391	327.61000507	0.79080534
6.75000000	18.75503126	-2192.62039982	327.61117497	0.78739561
6.76000000	18.76288827	-2195.89651739	327.61233812	0.78401176
6.77000000	18.77071158	-2199.17264656	327.61349455	0.78065349
6.78000000	18.77850143	-2202.44878726	327.61464435	0.77732051
6.79000000	18.78625807	-2205.72493942	327.61578755	0.77401252
6.80000000	18.79398176	-2209.00110299	327.61692423	0.77072922
6.81000000	18.80167274	-2212.27727788	327.61805442	0.76747035
6.82000000	18.80933125	-2215.55346405	327.61917820	0.76423560
6.83000000	18.81695753	-2218.82966143	327.62029560	0.76102472
6.84000000	18.82455182	-2222.10586994	327.62140669	0.75783741
6.85000000	18.83211435	-2225.38208954	327.62251152	0.75467342
6.86000000	18.83964537	-2228.65832015	327.62361013	0.75153248
6.87000000	18.84714508	-2231.93456172	327.62470259	0.74841433
6.88000000	18.85461373	-2235.21081418	327.62578894	0.74531871
6.89000000	18.86205153	-2238.48707748	327.62686923	0.74224536
6.90000000	18.86945871	-2241.76335155	327.62794352	0.73919403
6.91000000	18.87683548	-2245.03963633	327.62901184	0.73616449
6.92000000	18.88418207	-2248.31593177	327.63007425	0.73315648
6.93000000	18.89149868	-2251.59223780	327.63113081	0.73016976
6.94000000	18.89878553	-2254.86855436	327.63218154	0.72720411
6.95000000	18.90604283	-2258.14488141	327.63322651	0.72425928
6.96000000	18.91327079	-2261.42121887	327.63426576	0.72133504
6.97000000	18.92046960	-2264.69756670	327.63529933	0.71843118
6.98000000	18.92763948	-2267.97392484	327.63632727	0.71554747
6.99000000	18.93478062	-2271.25029323	327.63734962	0.71268368
7.00000000	18.94189322	-2274.52667182	327.63836643	0.70983961
7.01000000	18.94897748	-2277.80306054	327.63937775	0.70701504
7.02000000	18.95603358	-2281.07945935	327.64038361	0.70420976
7.03000000	18.96306173	-2284.35586820	327.64138406	0.70142356
7.04000000	18.97006212	-2287.63228702	327.64237914	0.69865623
7.05000000	18.97703492	-2290.90871576	327.64336889	0.69590759
7.06000000	18.98398033	-2294.18515438	327.64435336	0.69317743
7.07000000	18.99089853	-2297.46160281	327.64533258	0.69046555
7.08000000	18.99778970	-2300.73806101	327.64630660	0.68777177
7.09000000	19.00465403	-2304.01452893	327.64727545	0.68509589
7.10000000	19.01149168	-2307.29100650	327.64823918	0.68243772
7.11000000	19.01830284	-2310.56749369	327.64919782	0.67979709
7.12000000	19.02508768	-2313.84399044	327.65015142	0.67717382
7.13000000	19.03184637	-2317.12049670	327.65110001	0.67456771
7.14000000	19.03857909	-2320.39701243	327.65204363	0.67197861
7.15000000	19.04528600	-2323.67353756	327.65298232	0.66940633
7.16000000	19.05196727	-2326.95007206	327.65391611	0.66685070
7.17000000	19.05862307	-2330.22661587	327.65484504	0.66431156
7.18000000	19.06525356	-2333.50316894	327.65576915	0.66178874
7.19000000	19.07185890	-2336.77973123	327.65668847	0.65928207
7.20000000	19.07843925	-2340.05630269	327.65760305	0.65679140
7.21000000	19.08499478	-2343.33288328	327.65851291	0.65431657
7.22000000	19.09152564	-2346.60947294	327.65941808	0.65185742
7.23000000	19.09803198	-2349.88607162	327.66031862	0.64941379
7.24000000	19.10451396	-2353.16267929	327.66121454	0.64698554
7.25000000	19.11097174	-2356.43929590	327.66210588	0.64457252
7.26000000	19.11740546	-2359.71592140	327.66299268	0.64217457
7.27000000	19.12381528	-2362.99255574	327.66387497	0.63979155
7.28000000	19.13020134	-2366.26919888	327.66475278	0.63742332
7.29000000	19.13656380	-2369.54585078	327.66562614	0.63506974
7.30000000	19.14290279	-2372.82251139	327.66649509	0.63273066
7.31000000	19.14921846	-2376.09918067	327.66735966	0.63040596
7.32000000	19.15551095	-2379.37585857	327.66821988	0.62809549
7.33000000	19.16178041	-2382.65254505	327.66907578	0.62579912
7.34000000	19.16802698	-2385.92924007	327.66992739	0.62351672
7.35000000	19.17425080	-2389.20594358	327.67077475	0.62124816
7.36000000	19.18045199	-2392.48265555	327.67161787	0.61899332
7.37000000	19.18663071	-2395.75937593	327.67245680	0.61675206
7.38000000	19.19278708	-2399.03610467	327.67329156	0.61452426
7.39000000	19.19892124	-2402.31284174	327.67412219	0.61230980
7.40000000	19.20503332	-2405.58958710	327.67494871	0.61010855
7.41000000	19.21112345	-2408.86634070	327.67577114	0.60792041
7.42000000	19.21719177	-2412.14310251	327.67658953	0.60574524
7.43000000	19.22323840	-2415.41987248	327.67740389	0.60358295
7.44000000	19.22926347	-2418.69665058	327.67821425	0.60143340
7.45000000	19.23526711	-2421.97343675	327.67902065	0.59929648
7.46000000	19.24124944	-2425.25023098	327.67982311	0.59717210
7.47000000	19.24721059	-2428.52703320	327.68062166	0.59506012
7.48000000	19.25315069	-2431.80384340	327.68141632	0.59296046
7.49000000	19.25906984	-2435.08066152	327.68220712	0.59087300
7.50000000	19.26496819	-2438.35748753	327.68299409	0.58879763
7.51000000	19.27084583	-2441.63432139	327.68377726	0.58673425
7.52000000	19.27670291	-2444.91116306	327.68455664	0.58468275
7.53000000	19.28253953	-2448.18801251	327.68533228	0.58264305
7.54000000	19.28835581	-2451.46486969	327.68610418	0.58061503
7.55000000	19.29415187	-2454.74173458	327.68687238	0.57859859
7.56000000	19.29992782	-2458.01860713	327.68763690	0.57659364
7.57000000	19.30568378	-2461.29548730	327.68839777	0.57460009
7.58000000	19.31141986	-2464.57237507	327.68915500	0.57261783
7.59000000	19.31713617	-2467.84927039	327.68990864	0.57064678
7.60000000	19.32283283	-2471.12617323	327.69065869	0.56868684
7.61000000	19.32850995	-2474.40308355	327.69140519	0.56673792
7.62000000	19.33416763	-2477.68000132	327.69214816	0.56479992
7.63000000	19.33980598	-2480.95692650	327.69288761	0.56287277
7.64000000	19.34542512	-2484.23385906	327.69362358	0.56095636
7.65000000	19.35102514	-2487.51079896	327.69435609	0.55905062
7.66000000	19.35660617	-2490.78774617	327.69508516	0.55715546
7.67000000	19.36216829	-2494.06470066	327.69581081	0.55527078
7.68000000	19.36771162	-2497.34166238	327.69653307	0.55339652
7.69000000	19.37323625	-2500.61863131	327.69725196	0.55153258
7.70000000	19.37874230	-2503.89560741	327.69796749	0.54967889
7.71000000	19.38422986	-2507.17259065	327.69867970	0.54783536
7.72000000	19.38969904	-2510.44958099	327.69938861	0.54600191
7.73000000	19.39514994	-2513.72657841	327.70009422	0.54417846
7.74000000	19.40058265	-2517.00358286	327.70079658	0.54236494
7.75000000	19.40599727	-2520.28059433	327.70149569	0.54056126
7.76000000	19.41139390	-2523.55761277	327.70219158	0.53876736
7.77000000	19.41677265	-2526.83463815	327.70288427	0.53698315
7.78000000	19.42213360	-2530.11167044	327.70357378	0.53520856
7.79000000	19.42747685	-2533.38870961	327.70426014	0.53344352
7.80000000	19.43280250	-2536.66575563	327.70494335	0.53168795
7.81000000	19.43811064	-2539.94280847	327.70562345	0.52994178
7.82000000	19.44340137	-2543.21986809	327.70630044	0.52820495
7.83000000	19.44867477	-2546.49693447	327.70697436	0.52647737
7.84000000	19.45393094	-2549.77400757	327.70764522	0.52475898
7.85000000	19.45916998	-2553.05108736	327.70831304	0.52304971
7.86000000	19.46439197	-2556.32817382	327.70897784	0.52134949
7.87000000	19.46959700	-2559.60526691	327.70963963	0.51965826
7.88000000	19.47478516	-2562.88236660	327.71029845	0.51797595
7.89000000	19.47995655	-2566.15947287	327.71095430	0.51630248
7.90000000	19.48511124	-2569.43658568	327.71160721	0.51463780
7.91000000	19.49024933	-2572.71370500	327.71225719	0.51298184
7.92000000	19.49537091	-2575.99083081	327.71290426	0.51133454
7.93000000	19.50047605	-2579.26796308	327.71354844	0.50969583
7.94000000	19.50556485	-2582.54510177	327.71418975	0.50806565
7.95000000	19.51063739	-2585.82224686	327.71482821	0.50644394
7.96000000	19.51569376	-2589.09939833	327.71546383	0.50483064
7.97000000	19.52073404	-2592.37655613	327.71609663	0.50322568
7.98000000	19.52575830	-2595.65372025	327.71672664	0.50162901
7.99000000	19.53076664	-2598.93089065	327.71735385	0.50004056
8.00000000	19.53575914	-2602.20806732	327.71797831	0.49846028
