T	Ut	Ft	St	Ct
0.01000000	-1.95918367	-2.96187958	100.26959036	0.00000000
0.02000000	-1.95918367	-3.96457548	100.26959036	0.00000000
0.03000000	-1.95918367	-4.96727138	100.26959036	0.00000000
0.04000000	-1.95918367	-5.96996729	100.26959036	0.00000000
0.05000000	-1.95918367	-6.97266319	100.26959036	0.00000000
0.06000000	-1.95918367	-7.97535909	100.26959036	0.00000000
0.07000000	-1.95918367	-8.97805500	100.26959036	0.00000000
0.08000000	-1.95918367	-9.98075090	100.26959036	0.00000000
0.09000000	-1.95918367	-10.98344681	100.26959036	0.00000000
0.10000000	-1.95918367	-11.98614271	100.26959036	0.00000000
0.11000000	-1.95918367	-12.98883861	100.26959036	-0.00000000
0.12000000	-1.95918367	-13.99153452	100.26959036	-0.00000000
0.13000000	-1.95918367	-14.99423042	100.26959036	0.00000000
0.14000000	-1.95918367	-15.99692632	100.26959036	0.00000000
0.15000000	-1.95918367	-16.99962223	100.26959036	0.00000000
0.16000000	-1.95918367	-18.00231813	100.26959036	0.00000000
0.17000000	-1.95918367	-19.00501403	100.26959036	0.00000000
0.18000000	-1.95918367	-20.00770994	100.26959036	0.00000000
0.19000000	-1.95918367	-21.01040584	100.26959036	0.00000000
0.20000000	-1.95918367	-22.01310174	100.26959036	0.00000001
0.21000000	-1.95918367	-23.01579765	100.26959036	0.00000001
0.22000000	-1.95918367	-24.01849355	100.26959036	0.00000003
0.23000000	-1.95918367	-25.02118946	100.26959036	0.00000006
0.24000000	-1.95918367	-26.02388536	100.26959036	0.00000012
0.25000000	-1.95918367	-27.02658126	100.26959037	0.00000022
0.26000000	-1.95918367	-28.02927717	100.26959038	0.00000037
0.27000000	-1.95918366	-29.03197307	100.26959040	0.00000061
0.28000000	-1.95918365	-30.03466897	100.26959043	0.00000096
0.29000000	-1.95918364	-31.03736488	100.26959047	0.00000147
0.30000000	-1.95918362	-32.04006078	100.26959053	0.00000217
0.31000000	-1.95918360	-33.04275669	100.26959062	0.00000313
0.32000000	-1.95918356	-34.04545260	100.26959074	0.00000440
0.33000000	-1.95918351	-35.04814850	100.26959090	0.00000604
0.34000000	-1.95918344	-36.05084441	100.26959111	0.00000813
0.35000000	-1.95918334	-37.05354033	100.26959138	0.00001075
0.36000000	-1.95918322	-38.05623624	100.26959172	0.00001397
0.37000000	-1.95918306	-39.05893216	100.26959216	0.00001789
0.38000000	-1.95918286	-40.06162809	100.26959270	0.00002258
0.39000000	-1.95918261	-41.06432402	100.26959335	0.00002815
0.40000000	-1.95918230	-42.06701995	100.26959415	0.00003468
0.41000000	-1.95918191	-43.06971590	100.26959509	0.00004227
0.42000000	-1.95918145	-44.07241186	100.26959621	0.00005103
0.43000000	-1.95918089	-45.07510782	100.26959753	0.00006106
0.44000000	-1.95918022	-46.07780381	100.26959906	0.00007247
0.45000000	-1.95917943	-47.08049981	100.26960083	0.00008539
0.46000000	-1.95917851	-48.08319582	100.26960287	0.00009992
0.47000000	-1.95917743	-49.08589186	100.26960519	0.00011623
0.48000000	-1.95917618	-50.08858793	100.26960782	0.00013444
0.49000000	-1.95917473	-51.09128402	100.26961080	0.00015472
0.50000000	-1.95917307	-52.09398015	100.26961415	0.00017725
0.51000000	-1.95917118	-53.09667631	100.26961790	0.00020223
0.52000000	-1.95916902	-54.09937251	100.26962209	0.00022986
0.53000000	-1.95916657	-55.10206875	100.26962675	0.00026037
0.54000000	-1.95916380	-56.10476504	100.26963193	0.00029403
0.55000000	-1.95916068	-57.10746139	100.26963766	0.00033111
0.56000000	-1.95915717	-58.11015780	100.26964398	0.00037192
0.57000000	-1.95915323	-59.11285427	100.26965095	0.00041677
0.58000000	-1.95914882	-60.11555082	100.26965862	0.00046602
0.59000000	-1.95914389	-61.11824745	100.26966704	0.00052004
0.60000000	-1.95913840	-62.12094416	100.26967627	0.00057925
0.61000000	-1.95913229	-63.12364098	100.26968637	0.00064405
0.62000000	-1.95912550	-64.12633789	100.26969741	0.00071490
0.63000000	-1.95911797	-65.12903493	100.26970946	0.00079227
0.64000000	-1.95910963	-66.13173209	100.26972259	0.00087665
0.65000000	-1.95910041	-67.13442938	100.26973688	0.00096853
0.66000000	-1.95909023	-68.13712683	100.26975242	0.00106845
0.67000000	-1.95907901	-69.13982444	100.26976929	0.00117694
0.68000000	-1.95906666	-70.14252222	100.26978758	0.00129453
0.69000000	-1.95905309	-71.14522019	100.26980739	0.00142179
0.70000000	-1.95903819	-72.14791837	100.26982883	0.00155926
0.71000000	-1.95902187	-73.15061677	100.26985198	0.00170751
0.72000000	-1.95900401	-74.15331542	100.26987696	0.00186708
0.73000000	-1.95898449	-75.15601432	100.26990388	0.00203851
0.74000000	-1.95896319	-76.15871350	100.26993285	0.00222233
0.75000000	-1.95894000	-77.16141298	100.26996398	0.00241907
0.76000000	-1.95891477	-78.16411279	100.26999740	0.00262922
0.77000000	-1.95888737	-79.16681294	100.27003321	0.00285324
0.78000000	-1.95885766	-80.16951346	100.27007155	0.00309160
0.79000000	-1.95882549	-81.17221438	100.27011252	0.00334469
0.80000000	-1.95879071	-82.17491572	100.27015626	0.00361290
0.81000000	-1.95875318	-83.17761751	100.27020289	0.00389656
0.82000000	-1.95871273	-84.18031979	100.27025251	0.00419597
0.83000000	-1.95866920	-85.18302258	100.27030527	0.00451138
0.84000000	-1.95862245	-86.18572591	100.27036126	0.00484297
0.85000000	-1.95857229	-87.18842981	100.27042061	0.00519090
0.86000000	-1.95851857	-88.19113433	100.27048344	0.00555523
0.87000000	-1.95846113	-89.19383949	100.27054984	0.00593601
0.88000000	-1.95839980	-90.19654534	100.27061993	0.00633318
0.89000000	-1.95833441	-91.19925190	100.27069381	0.00674663
0.90000000	-1.95826481	-92.20195923	100.27077157	0.00717621
0.91000000	-1.95819084	-93.20466735	100.27085331	0.00762165
0.92000000	-1.95811233	-94.20737631	100.27093911	0.00808266
0.93000000	-1.95802913	-95.21008614	100.27102905	0.00855885
0.94000000	-1.95794110	-96.21279690	100.27112319	0.00904975
0.95000000	-1.95784809	-97.21550862	100.27122161	0.00955485
0.96000000	-1.95774996	-98.21822135	100.27132436	0.01007354
0.97000000	-1.95764658	-99.22093512	100.27143149	0.01060516
0.98000000	-1.95753781	-100.22364999	100.27154304	0.01114896
0.99000000	-1.95742356	-101.22636600	100.27165903	0.01170415
1.00000000	-1.95730370	-102.22908319	100.27177949	0.01226985
1.01000000	-1.95717813	-103.23180160	100.27190443	0.01284513
1.02000000	-1.95704677	-104.23452129	100.27203385	0.01342900
1.03000000	-1.95690952	-105.23724230	100.27216774	0.01402042
1.04000000	-1.95676634	-106.23996466	100.27230608	0.01461828
1.05000000	-1.95661714	-107.24268843	100.27244885	0.01522146
1.06000000	-1.95646189	-108.24541365	100.27259600	0.01582876
1.07000000	-1.95630056	-109.24814037	100.27274749	0.01643897
1.08000000	-1.95613311	-110.25086862	100.27290325	0.01705084
1.09000000	-1.95595954	-111.25359845	100.27306322	0.01766310
1.10000000	-1.95577985	-112.25632990	100.27322732	0.01827446
1.11000000	-1.95559406	-113.25906301	100.27339545	0.01888361
1.12000000	-1.95540219	-114.26179782	100.27356753	0.01948925
1.13000000	-1.95520429	-115.26453437	100.27374344	0.02009007
1.14000000	-1.95500041	-116.26727270	100.27392306	0.02068477
1.15000000	-1.95479062	-117.27001284	100.27410628	0.02127207
1.16000000	-1.95457499	-118.27275484	100.27429297	0.02185070
1.17000000	-1.95435364	-119.27549871	100.27448297	0.02241943
1.18000000	-1.95412664	-120.27824451	100.27467616	0.02297705
1.19000000	-1.95389414	-121.28099225	100.27487236	0.02352239
1.20000000	-1.95365624	-122.28374196	100.27507144	0.02405434
1.21000000	-1.95341310	-123.28649368	100.27527321	0.02457181
1.22000000	-1.95316486	-124.28924744	100.27547752	0.02507380
1.23000000	-1.95291168	-125.29200324	100.27568420	0.02555933
1.24000000	-1.95265373	-126.29476113	100.27589306	0.02602751
1.25000000	-1.95239119	-127.29752111	100.27610394	0.02647750
1.26000000	-1.95212424	-128.30028321	100.27631664	0.02690854
1.27000000	-1.95185308	-129.30304745	100.27653100	0.02731993
1.28000000	-1.95157791	-130.30581384	100.27674682	0.02771105
1.29000000	-1.95129893	-131.30858239	100.27696392	0.02808135
1.30000000	-1.95101635	-132.31135312	100.27718213	0.02843036
1.31000000	-1.95073039	-133.31412604	100.27740125	0.02875768
1.32000000	-1.95044127	-134.31690115	100.27762112	0.02906298
1.33000000	-1.95014921	-135.31967846	100.27784154	0.02934601
1.34000000	-1.94985443	-136.32245798	100.27806235	0.02960661
1.35000000	-1.94955715	-137.32523971	100.27828337	0.02984467
1.36000000	-1.94925761	-138.32802365	100.27850444	0.03006015
1.37000000	-1.94895602	-139.33080980	100.27872538	0.03025309
1.38000000	-1.94865262	-140.33359815	100.27894604	0.03042360
1.39000000	-1.94834763	-141.33638871	100.27916625	0.03057184
1.40000000	-1.94804126	-142.33918148	100.27938587	0.03069803
1.41000000	-1.94773374	-143.34197643	100.27960475	0.03080246
1.42000000	-1.94742528	-144.34477357	100.27982274	0.03088546
1.43000000	-1.94711610	-145.34757288	100.28003971	0.03094741
1.44000000	-1.94680640	-146.35037436	100.28025553	0.03098876
1.45000000	-1.94649639	-147.35317799	100.28047007	0.03100996
1.46000000	-1.94618627	-148.35598375	100.28068321	0.03101155
1.47000000	-1.94587622	-149.35879165	100.28089485	0.03099406
1.48000000	-1.94556645	-150.36160165	100.28110486	0.03095807
1.49000000	-1.94525712	-151.36441374	100.28131316	0.03090419
1.50000000	-1.94494842	-152.36722790	100.28151965	0.03083305
1.51000000	-1.94464052	-153.37004412	100.28172424	0.03074531
1.52000000	-1.94433357	-154.37286238	100.28192685	0.03064163
1.53000000	-1.94402774	-155.37568265	100.28212740	0.03052269
1.54000000	-1.94372316	-156.37850492	100.28232582	0.03038919
1.55000000	-1.94342000	-157.38132916	100.28252204	0.03024183
1.56000000	-1.94311837	-158.38415536	100.28271602	0.03008132
1.57000000	-1.94281841	-159.38698348	100.28290768	0.02990836
1.58000000	-1.94252024	-160.38981350	100.28309700	0.02972367
1.59000000	-1.94222398	-161.39264541	100.28328392	0.02952794
1.60000000	-1.94192972	-162.39547917	100.28346841	0.02932189
1.61000000	-1.94163757	-163.39831477	100.28365043	0.02910621
1.62000000	-1.94134762	-164.40115217	100.28382997	0.02888159
1.63000000	-1.94105997	-165.40399136	100.28400699	0.02864870
1.64000000	-1.94077468	-166.40683230	100.28418148	0.02840823
1.65000000	-1.94049182	-167.40967498	100.28435343	0.02816082
1.66000000	-1.94021148	-168.41251936	100.28452282	0.02790713
1.67000000	-1.93993370	-169.41536543	100.28468966	0.02764779
1.68000000	-1.93965854	-170.41821315	100.28485393	0.02738343
1.69000000	-1.93938605	-171.42106250	100.28501565	0.02711466
1.70000000	-1.93911626	-172.42391345	100.28517482	0.02684207
1.71000000	-1.93884922	-173.42676599	100.28533144	0.02656626
1.72000000	-1.93858494	-174.42962007	100.28548554	0.02628779
1.73000000	-1.93832347	-175.43247569	100.28563712	0.02600723
1.74000000	-1.93806480	-176.43533281	100.28578621	0.02572515
1.75000000	-1.93780897	-177.43819141	100.28593282	0.02544209
1.76000000	-1.93755596	-178.44105146	100.28607698	0.02515859
1.77000000	-1.93730580	-179.44391294	100.28621872	0.02487520
1.78000000	-1.93705846	-180.44677582	100.28635807	0.02459246
1.79000000	-1.93681394	-181.44964009	100.28649505	0.02431092
1.80000000	-1.93657223	-182.45250572	100.28662971	0.02403113
1.81000000	-1.93633331	-183.45537268	100.28676208	0.02375366
1.82000000	-1.93609715	-184.45824095	100.28689220	0.02347910
1.83000000	-1.93586372	-185.46111051	100.28702011	0.02320805
1.84000000	-1.93563298	-186.46398134	100.28714585	0.02294117
1.85000000	-1.93540488	-187.46685342	100.28726948	0.02267914
1.86000000	-1.93517937	-188.46972673	100.28739105	0.02242272
1.87000000	-1.93495640	-189.47260124	100.28751061	0.02217272
1.88000000	-1.93473590	-190.47547693	100.28762821	0.02193004
1.89000000	-1.93451777	-191.47835380	100.28774393	0.02169569
1.90000000	-1.93430195	-192.48123181	100.28785782	0.02147082
1.91000000	-1.93408832	-193.48411095	100.28796996	0.02125672
1.92000000	-1.93387677	-194.48699120	100.28808043	0.02105490
1.93000000	-1.93366718	-195.48987255	100.28818931	0.02086710
1.94000000	-1.93345938	-196.49275498	100.28829670	0.02069535
1.95000000	-1.93325321	-197.49563848	100.28840270	0.02054203
1.96000000	-1.93304847	-198.49852303	100.28850743	0.02040999
1.97000000	-1.93284493	-199.50140862	100.28861101	0.02030257
1.98000000	-1.93264232	-200.50429525	100.28871360	0.02022381
1.99000000	-1.93244034	-201.50718289	100.28881535	0.02017851
2.00000000	-1.93223862	-202.51007155	100.28891647	0.02017251
2.01000000	-1.93203674	-203.51296122	100.28901716	0.02021282
2.02000000	-1.93183418	-204.51585190	100.28911768	0.02030799
2.03000000	-1.93163036	-205.51874357	100.28921833	0.02046840
2.04000000	-1.93142455	-206.52163626	100.28931947	0.02070676
2.05000000	-1.93121591	-207.52452997	100.28942149	0.02103863
2.06000000	-1.93100341	-208.52742470	100.28952490	0.02148315
2.07000000	-1.93078580	-209.53032047	100.28963028	0.02206390
2.08000000	-1.93056158	-210.53321731	100.28973833	0.02281006
2.09000000	-1.93032892	-211.53611525	100.28984992	0.02375775
2.10000000	-1.93008560	-212.53901433	100.28996606	0.02495192
2.11000000	-1.92982888	-213.54191459	100.29008802	0.02644853
2.12000000	-1.92955539	-214.54481611	100.29021732	0.02831751
2.13000000	-1.92926100	-215.54771897	100.29035585	0.03064638
2.14000000	-1.92894057	-216.55062327	100.29050593	0.03354497
2.15000000	-1.92858774	-217.55352913	100.29067041	0.03715133
2.16000000	-1.92819461	-218.55643673	100.29085284	0.04163936
2.17000000	-1.92775129	-219.55934627	100.29105759	0.04722842
2.18000000	-1.92724545	-220.56225798	100.29129015	0.05419561
2.19000000	-1.92666163	-221.56517218	100.29155733	0.06289133
2.20000000	-1.92598040	-222.56808927	100.29186767	0.07375892
2.21000000	-1.92517736	-223.57100972	100.29223184	0.08735944
2.22000000	-1.92422176	-224.57393413	100.29266323	0.10440260
2.23000000	-1.92307487	-225.57686326	100.29317865	0.12578515
2.24000000	-1.92168785	-226.57979805	100.29379920	0.15263783
2.25000000	-1.91999918	-227.58273968	100.29455134	0.18638199
2.26000000	-1.91793136	-228.58568963	100.29546826	0.22879600
2.27000000	-1.91538705	-229.58864973	100.29659149	0.28209069
2.28000000	-1.91224426	-230.59162232	100.29797283	0.34899012
2.29000000	-1.90835091	-231.59461026	100.29967657	0.43281019
2.30000000	-1.90351850	-232.59761718	100.30178204	0.53752060
2.31000000	-1.89751546	-233.60064756	100.30438619	0.66776579
2.32000000	-1.89006058	-234.60370696	100.30760620	0.82880618
2.33000000	-1.88081775	-235.60680220	100.31158131	1.02632338
2.34000000	-1.86939347	-236.60994164	100.31647358	1.26601416
2.35000000	-1.85534001	-237.61313534	100.32246610	1.55288542
2.36000000	-1.83816735	-238.61639529	100.32975760	1.89017044
2.37000000	-1.81736809	-239.61973550	100.33855165	2.27783755
2.38000000	-1.79245890	-240.62317197	100.34903911	2.71078407
2.39000000	-1.76304054	-241.62672245	100.36137318	3.17701456
2.40000000	-1.72887394	-242.63040588	100.37563831	3.65636768
2.41000000	-1.68996299	-243.63424161	100.39181685	4.12057179
2.42000000	-1.64662696	-244.63824812	100.40976081	4.53538315
2.43000000	-1.59953951	-245.64244175	100.42917787	4.86509695
2.44000000	-1.54971296	-246.64683518	100.44964025	5.07880700
2.45000000	-1.49841763	-247.65143628	100.47061986	5.15677103
2.46000000	-1.44704603	-248.65624739	100.49154527	5.09474673
2.47000000	-1.39695097	-249.66126517	100.51186810	4.90468675
2.48000000	-1.34929659	-250.66648118	100.53112282	4.61158195
2.49000000	-1.30495522	-251.67188291	100.54896694	4.24774126
2.50000000	-1.26446580	-252.67745512	100.56519573	3.84655170
2.51000000	-1.22804962	-253.68318117	100.57973369	3.43749640
2.52000000	-1.19566547	-254.68904425	100.59261063	3.04330541
2.53000000	-1.16708251	-255.69502819	100.60393110	2.67918675
2.54000000	-1.14195292	-256.70111818	100.61384459	2.35353395
2.55000000	-1.11987308	-257.70730096	100.62252074	2.06938163
2.56000000	-1.10042904	-258.71356504	100.63013125	1.82602832
2.57000000	-1.08322638	-259.71990058	100.63683821	1.62047863
2.58000000	-1.06790732	-260.72629928	100.64278758	1.44856000
2.59000000	-1.05415833	-261.73275423	100.64810653	1.30570044
2.60000000	-1.04171143	-262.73925967	100.65290317	1.18741887
2.61000000	-1.03034180	-263.74581085	100.65726784	1.08959978
2.62000000	-1.01986336	-264.75240384	100.66127499	1.00861983
2.63000000	-1.01012365	-265.75903537	100.66498544	0.94138089
2.64000000	-1.00099864	-266.76570272	100.66844852	0.88528879
2.65000000	-0.99238789	-267.77240365	100.67170406	0.83820450
2.66000000	-0.98421037	-268.77913622	100.67478415	0.79838413
2.67000000	-0.97640073	-269.78589883	100.67771464	0.76441794
2.68000000	-0.96890630	-270.79269008	100.68051634	0.73517324
2.69000000	-0.96168457	-271.79950878	100.68320603	0.70974400
2.70000000	-0.95470113	-272.80635388	100.68579732	0.68740762
2.71000000	-0.94792803	-273.81322444	100.68830126	0.66758879
2.72000000	-0.94134249	-274.82011964	100.69072689	0.64982979
2.73000000	-0.93492580	-275.82703874	100.69308167	0.63376637
2.74000000	-0.92866249	-276.83398106	100.69537174	0.61910832
2.75000000	-0.92253972	-277.84094598	100.69760227	0.60562399
2.76000000	-0.91654672	-278.84793292	100.69977761	0.59312795
2.77000000	-0.91067437	-279.85494136	100.70190144	0.58147122
2.78000000	-0.90491490	-280.86197079	100.70397694	0.57053363
2.79000000	-0.89926163	-281.86902075	100.70600685	0.56021774
2.80000000	-0.89370874	-282.87609078	100.70799359	0.55044409
2.81000000	-0.88825115	-283.88318048	100.70993926	0.54114749
2.82000000	-0.88288438	-284.89028944	100.71184577	0.53227405
2.83000000	-0.87760441	-285.89741727	100.71371479	0.52377897
2.84000000	-0.87240766	-286.90456361	100.71554787	0.51562464
2.85000000	-0.86729089	-287.91172811	100.71734639	0.50777931
2.86000000	-0.86225114	-288.91891043	100.71911164	0.50021592
2.87000000	-0.85728571	-289.92611024	100.72084478	0.49291127
2.88000000	-0.85239212	-290.93332722	100.72254691	0.48584528
2.89000000	-0.84756807	-291.94056108	100.72421903	0.47900048
2.90000000	-0.84281142	-292.94781151	100.72586210	0.47236153
2.91000000	-0.83812020	-293.95507822	100.72747699	0.46591491
2.92000000	-0.83349252	-294.96236095	100.72906453	0.45964862
2.93000000	-0.82892666	-295.96965943	100.73062552	0.45355193
2.94000000	-0.82442095	-296.97697338	100.73216069	0.44761525
2.95000000	-0.81997385	-297.98430256	100.73367075	0.44182990
2.96000000	-0.81558388	-298.99164671	100.73515636	0.43618806
2.97000000	-0.81124963	-299.99900560	100.73661817	0.43068261
2.98000000	-0.80696979	-301.00637900	100.73805678	0.42530706
2.99000000	-0.80274308	-302.01376666	100.73947277	0.42005550
3.00000000	-0.79856829	-303.02116838	100.74086670	0.41492248
3.01000000	-0.79444425	-304.02858393	100.74223910	0.40990302
3.02000000	-0.79036986	-305.03601309	100.74359047	0.40499251
3.03000000	-0.78634405	-306.04345567	100.74492133	0.40018670
3.04000000	-0.78236579	-307.05091145	100.74623212	0.39548164
3.05000000	-0.77843410	-308.05838025	100.74752333	0.39087368
3.06000000	-0.77454801	-309.06586185	100.74879538	0.38635942
3.07000000	-0.77070661	-310.07335609	100.75004869	0.38193568
3.08000000	-0.76690900	-311.08086277	100.75128369	0.37759949
3.09000000	-0.76315433	-312.08838170	100.75250077	0.37334807
3.10000000	-0.75944177	-313.09591272	100.75370031	0.36917881
3.11000000	-0.75577049	-314.10345565	100.75488269	0.36508925
3.12000000	-0.75213972	-315.11101032	100.75604827	0.36107707
3.13000000	-0.74854870	-316.11857656	100.75719740	0.35714007
3.14000000	-0.74499668	-317.12615422	100.75833043	0.35327618
3.15000000	-0.74148294	-318.13374312	100.75944768	0.34948342
3.16000000	-0.73800678	-319.14134312	100.76054947	0.34575991
3.17000000	-0.73456752	-320.14895406	100.76163613	0.34210386
3.18000000	-0.73116448	-321.15657579	100.76270796	0.33851356
3.19000000	-0.72779703	-322.16420817	100.76376525	0.33498735
3.20000000	-0.72446453	-323.17185105	100.76480829	0.33152367
3.21000000	-0.72116635	-324.17950429	100.76583736	0.32812101
3.22000000	-0.71790191	-325.18716775	100.76685275	0.32477789
3.23000000	-0.71467060	-326.19484130	100.76785471	0.32149291
3.24000000	-0.71147186	-327.20252480	100.76884350	0.31826472
3.25000000	-0.70830512	-328.21021813	100.76981939	0.31509199
3.26000000	-0.70516984	-329.21792115	100.77078261	0.31197346
3.27000000	-0.70206548	-330.22563374	100.77173341	0.30890788
3.28000000	-0.69899151	-331.23335577	100.77267203	0.30589406
3.29000000	-0.69594743	-332.24108714	100.77359870	0.30293082
3.30000000	-0.69293273	-333.24882771	100.77451363	0.30001703
3.31000000	-0.68994693	-334.25657737	100.77541705	0.29715159
3.32000000	-0.68698954	-335.26433601	100.77630918	0.29433341
3.33000000	-0.68406010	-336.27210352	100.77719021	0.29156145
3.34000000	-0.68115816	-337.27987978	100.77806037	0.28883469
3.35000000	-0.67828326	-338.28766469	100.77891983	0.28615212
3.36000000	-0.67543497	-339.29545814	100.77976880	0.28351277
3.37000000	-0.67261287	-340.30326003	100.78060747	0.28091568
3.38000000	-0.66981652	-341.31107026	100.78143602	0.27835993
3.39000000	-0.66704553	-342.31888872	100.78225463	0.27584460
3.40000000	-0.66429950	-343.32671532	100.78306348	0.27336880
3.41000000	-0.66157803	-344.33454996	100.78386274	0.27093168
3.42000000	-0.65888074	-345.34239254	100.78465257	0.26853238
3.43000000	-0.65620726	-346.35024298	100.78543315	0.26617007
3.44000000	-0.65355722	-347.35810117	100.78620464	0.26384394
3.45000000	-0.65093026	-348.36596704	100.78696718	0.26155320
3.46000000	-0.64832604	-349.37384049	100.78772094	0.25929708
3.47000000	-0.64574421	-350.38172143	100.78846606	0.25707483
3.48000000	-0.64318443	-351.38960978	100.78920269	0.25488570
3.49000000	-0.64064638	-352.39750546	100.78993097	0.25272897
3.50000000	-0.63812975	-353.40540837	100.79065104	0.25060395
3.51000000	-0.63563420	-354.41331845	100.79136303	0.24850995
3.52000000	-0.63315945	-355.42123561	100.79206709	0.24644629
3.53000000	-0.63070518	-356.42915977	100.79276334	0.24441232
3.54000000	-0.62827110	-357.43709085	100.79345191	0.24240741
3.55000000	-0.62585693	-358.44502878	100.79413291	0.24043093
3.56000000	-0.62346239	-359.45297348	100.79480649	0.23848227
3.57000000	-0.62108720	-360.46092488	100.79547274	0.23656085
3.58000000	-0.61873108	-361.46888291	100.79613180	0.23466608
3.59000000	-0.61639379	-362.47684750	100.79678376	0.23279740
3.60000000	-0.61407505	-363.48481856	100.79742875	0.23095426
3.61000000	-0.61177462	-364.49279605	100.79806688	0.22913614
3.62000000	-0.60949225	-365.50077988	100.79869824	0.22734250
3.63000000	-0.60722769	-366.50876999	100.79932295	0.22557283
3.64000000	-0.60498071	-367.51676632	100.79994110	0.22382666
3.65000000	-0.60275108	-368.52476879	100.80055280	0.22210348
3.66000000	-0.60053857	-369.53277735	100.80115814	0.22040284
3.67000000	-0.59834295	-370.54079193	100.80175722	0.21872427
3.68000000	-0.59616401	-371.54881248	100.80235013	0.21706734
3.69000000	-0.59400153	-372.55683892	100.80293696	0.21543160
3.70000000	-0.59185531	-373.56487119	100.80351781	0.21381664
3.71000000	-0.58972513	-374.57290925	100.80409275	0.21222205
3.72000000	-0.58761080	-375.58095303	100.80466189	0.21064743
3.73000000	-0.58551212	-376.58900247	100.80522530	0.20909238
3.74000000	-0.58342889	-377.59705752	100.80578306	0.20755653
3.75000000	-0.58136092	-378.60511811	100.80633525	0.20603952
3.76000000	-0.57930804	-379.61318420	100.80688196	0.20454097
3.77000000	-0.57727004	-380.62125573	100.80742326	0.20306055
3.78000000	-0.57524677	-381.62933265	100.80795923	0.20159791
3.79000000	-0.57323803	-382.63741490	100.80848994	0.20015273
3.80000000	-0.57124366	-383.64550243	100.80901547	0.19872467
3.81000000	-0.56926348	-384.65359519	100.80953588	0.19731344
3.82000000	-0.56729733	-385.66169313	100.81005126	0.19591871
3.83000000	-0.56534505	-386.66979620	100.81056166	0.19454021
3.84000000	-0.56340647	-387.67790435	100.81106716	0.19317763
3.85000000	-0.56148145	-388.68601753	100.81156781	0.19183069
3.86000000	-0.55956981	-389.69413569	100.81206370	0.19049913
3.87000000	-0.55767141	-390.70225879	100.81255488	0.18918266
3.88000000	-0.55578611	-391.71038677	100.81304141	0.18788105
3.89000000	-0.55391374	-392.71851960	100.81352336	0.18659402
3.90000000	-0.55205418	-393.72665723	100.81400078	0.18532134
3.91000000	-0.55020727	-394.73479960	100.81447374	0.18406276
3.92000000	-0.54837288	-395.74294669	100.81494230	0.18281805
3.93000000	-0.54655086	-396.75109843	100.81540651	0.18158698
3.94000000	-0.54474109	-397.75925480	100.81586642	0.18036932
3.95000000	-0.54294343	-398.76741575	100.81632210	0.17916487
3.96000000	-0.54115775	-399.77558123	100.81677361	0.17797340
3.97000000	-0.53938392	-400.78375121	100.81722098	0.17679471
3.98000000	-0.53762182	-401.79192564	100.81766428	0.17562860
3.99000000	-0.53587131	-402.80010448	100.81810355	0.17447488
4.00000000	-0.53413228	-403.80828769	100.81853885	0.17333334
4.01000000	-0.53240460	-404.81647524	100.81897023	0.17220380
4.02000000	-0.53068816	-405.82466708	100.81939774	0.17108608
4.03000000	-0.52898284	-406.83286318	100.81982142	0.16998000
4.04000000	-0.52728852	-407.84106350	100.82024133	0.16888539
4.05000000	-0.52560510	-408.84926800	100.82065751	0.16780207
4.06000000	-0.52393245	-409.85747664	100.82107000	0.16672987
4.07000000	-0.52227046	-410.86568939	100.82147885	0.16566863
4.08000000	-0.52061904	-411.87390620	100.82188411	0.16461820
4.09000000	-0.51897806	-412.88212706	100.82228582	0.16357841
4.10000000	-0.51734743	-413.89035191	100.82268402	0.16254912
4.11000000	-0.51572705	-414.89858073	100.82307875	0.16153017
4.12000000	-0.51411680	-415.90681347	100.82347007	0.16052141
4.13000000	-0.51251658	-416.91505012	100.82385800	0.15952271
4.14000000	-0.51092631	-417.92329062	100.82424259	0.15853391
4.15000000	-0.50934587	-418.93153496	100.82462388	0.15755489
4.16000000	-0.50777518	-419.93978309	100.82500190	0.15658551
4.17000000	-0.50621413	-420.94803498	100.82537670	0.15562564
4.18000000	-0.50466264	-421.95629061	100.82574832	0.15467514
4.19000000	-0.50312060	-422.96454994	100.82611679	0.15373389
4.20000000	-0.50158793	-423.97281294	100.82648215	0.15280177
4.21000000	-0.50006453	-424.98107957	100.82684443	0.15187865
4.22000000	-0.49855032	-425.98934981	100.82720367	0.15096441
4.23000000	-0.49704522	-426.99762364	100.82755991	0.15005893
4.24000000	-0.49554912	-428.00590100	100.82791318	0.14916210
4.25000000	-0.49406194	-429.01418189	100.82826352	0.14827381
4.26000000	-0.49258361	-430.02246626	100.82861095	0.14739394
4.27000000	-0.49111404	-431.03075410	100.82895552	0.14652238
4.28000000	-0.48965314	-432.03904536	100.82929725	0.14565903
4.29000000	-0.48820083	-433.04734003	100.82963618	0.14480378
4.30000000	-0.48675704	-434.05563808	100.82997234	0.14395653
4.31000000	-0.48532167	-435.06393947	100.83030575	0.14311717
4.32000000	-0.48389467	-436.07224418	100.83063646	0.14228560
4.33000000	-0.48247594	-437.08055219	100.83096449	0.14146173
4.34000000	-0.48106541	-438.08886347	100.83128988	0.14064545
4.35000000	-0.47966300	-439.09717798	100.83161264	0.13983668
4.36000000	-0.47826865	-440.10549571	100.83193281	0.13903532
4.37000000	-0.47688227	-441.11381663	100.83225042	0.13824128
4.38000000	-0.47550380	-442.12214071	100.83256550	0.13745445
4.39000000	-0.47413316	-443.13046793	100.83287808	0.13667477
4.40000000	-0.47277028	-444.13879826	100.83318818	0.13590213
4.41000000	-0.47141509	-445.14713169	100.83349583	0.13513645
4.42000000	-0.47006753	-446.15546817	100.83380105	0.13437765
4.43000000	-0.46872752	-447.16380770	100.83410388	0.13362564
4.44000000	-0.46739499	-448.17215024	100.83440434	0.13288034
4.45000000	-0.46606989	-449.18049578	100.83470245	0.13214167
4.46000000	-0.46475214	-450.18884428	100.83499824	0.13140955
4.47000000	-0.46344168	-451.19719573	100.83529174	0.13068389
4.48000000	-0.46213844	-452.20555011	100.83558296	0.12996463
4.49000000	-0.46084236	-453.21390739	100.83587194	0.12925167
4.50000000	-0.45955338	-454.22226754	100.83615870	0.12854496
4.51000000	-0.45827144	-455.23063055	100.83644326	0.12784441
4.52000000	-0.45699648	-456.23899640	100.83672565	0.12714995
4.53000000	-0.45572842	-457.24736506	100.83700588	0.12646151
4.54000000	-0.45446723	-458.25573651	100.83728398	0.12577902
4.55000000	-0.45321282	-459.26411073	100.83755998	0.12510241
4.56000000	-0.45196516	-460.27248770	100.83783389	0.12443160
4.57000000	-0.45072417	-461.28086740	100.83810574	0.12376653
4.58000000	-0.44948981	-462.28924981	100.83837555	0.12310714
4.59000000	-0.44826201	-463.29763491	100.83864333	0.12245335
4.60000000	-0.44704072	-464.30602267	100.83890912	0.12180510
4.61000000	-0.44582589	-465.31441308	100.83917293	0.12116233
4.62000000	-0.44461746	-466.32280612	100.83943478	0.12052498
4.63000000	-0.44341537	-467.33120177	100.83969469	0.11989297
4.64000000	-0.44221958	-468.33960001	100.83995268	0.11926626
4.65000000	-0.44103003	-469.34800082	100.84020877	0.11864477
4.66000000	-0.43984667	-470.35640418	100.84046299	0.11802845
4.67000000	-0.43866944	-471.36481007	100.84071534	0.11741724
4.68000000	-0.43749831	-472.37321848	100.84096585	0.11681108
4.69000000	-0.43633321	-473.38162938	100.84121454	0.11620991
4.70000000	-0.43517409	-474.39004276	100.84146142	0.11561368
4.71000000	-0.43402092	-475.39845861	100.84170652	0.11502233
4.72000000	-0.43287363	-476.40687689	100.84194984	0.11443581
4.73000000	-0.43173218	-477.41529760	100.84219142	0.11385406
4.74000000	-0.43059653	-478.42372071	100.84243126	0.11327702
4.75000000	-0.42946663	-479.43214622	100.84266939	0.11270465
4.76000000	-0.42834242	-480.44057409	100.84290581	0.11213689
4.77000000	-0.42722388	-481.44900433	100.84314056	0.11157369
4.78000000	-0.42611094	-482.45743690	100.84337363	0.11101500
4.79000000	-0.42500356	-483.46587179	100.84360506	0.11046077
4.80000000	-0.42390171	-484.47430899	100.84383485	0.10991096
4.81000000	-0.42280533	-485.48274849	100.84406303	0.10936550
4.82000000	-0.42171438	-486.49119025	100.84428960	0.10882435
4.83000000	-0.42062883	-487.49963427	100.84451459	0.10828747
4.84000000	-0.41954862	-488.50808054	100.84473800	0.10775481
4.85000000	-0.41847372	-489.51652903	100.84495986	0.10722633
4.86000000	-0.41740408	-490.52497973	100.84518018	0.10670196
4.87000000	-0.41633966	-491.53343263	100.84539897	0.10618169
4.88000000	-0.41528043	-492.54188770	100.84561624	0.10566544
4.89000000	-0.41422634	-493.55034495	100.84583203	0.10515320
4.90000000	-0.41317735	-494.55880434	100.84604632	0.10464490
4.91000000	-0.41213343	-495.56726587	100.84625915	0.10414051
4.92000000	-0.41109453	-496.57572952	100.84647053	0.10363999
4.93000000	-0.41006062	-497.58419527	100.84668046	0.10314329
4.94000000	-0.40903165	-498.59266312	100.84688896	0.10265037
4.95000000	-0.40800760	-499.60113305	100.84709605	0.10216120
4.96000000	-0.40698841	-500.60960504	100.84730174	0.10167573
4.97000000	-0.40597407	-501.61807908	100.84750604	0.10119393
4.98000000	-0.40496452	-502.62655515	100.84770896	0.10071575
4.99000000	-0.40395974	-503.63503325	100.84791052	0.10024115
5.00000000	-0.40295969	-504.64351336	100.84811073	0.09977011
5.01000000	-0.40196433	-505.65199546	100.84830961	0.09930257
5.02000000	-0.40097363	-506.66047955	100.84850716	0.09883852
5.03000000	-0.39998755	-507.66896560	100.84870339	0.09837789
5.04000000	-0.39900606	-508.67745361	100.84889832	0.09792068
5.05000000	-0.39802912	-509.68594356	100.84909197	0.09746682
5.06000000	-0.39705671	-510.69443545	100.84928434	0.09701631
5.07000000	-0.39608879	-511.70292925	100.84947544	0.09656908
5.08000000	-0.39512532	-512.71142495	100.84966528	0.09612513
5.09000000	-0.39416627	-513.71992255	100.84985389	0.09568440
5.10000000	-0.39321162	-514.72842202	100.85004126	0.09524687
5.11000000	-0.39226132	-515.73692337	100.85022741	0.09481250
5.12000000	-0.39131536	-516.74542657	100.85041235	0.09438126
5.13000000	-0.39037369	-517.75393161	100.85059609	0.09395313
5.14000000	-0.38943628	-518.76243849	100.85077864	0.09352806
5.15000000	-0.38850312	-519.77094718	100.85096001	0.09310603
5.16000000	-0.38757415	-520.77945768	100.85114022	0.09268701
5.17000000	-0.38664937	-521.78796998	100.85131927	0.09227097
5.18000000	-0.38572873	-522.79648406	100.85149717	0.09185787
5.19000000	-0.38481220	-523.80499992	100.85167393	0.09144769
5.20000000	-0.38389976	-524.81351754	100.85184957	0.09104039
5.21000000	-0.38299138	-525.82203691	100.85202409	0.09063596
5.22000000	-0.38208703	-526.83055802	100.85219751	0.09023436
5.23000000	-0.38118669	-527.83908085	100.85236982	0.08983556
5.24000000	-0.38029031	-528.84760541	100.85254105	0.08943953
5.25000000	-0.37939789	-529.85613167	100.85271120	0.08904625
5.26000000	-0.37850938	-530.86465963	100.85288028	0.08865570
5.27000000	-0.37762476	-531.87318927	100.85304829	0.08826784
5.28000000	-0.37674401	-532.88172059	100.85321526	0.08788265
5.29000000	-0.37586710	-533.89025358	100.85338119	0.08750010
5.30000000	-0.37499400	-534.89878821	100.85354608	0.08712016
5.31000000	-0.37412469	-535.90732449	100.85370994	0.08674282
5.32000000	-0.37325914	-536.91586241	100.85387280	0.08636805
5.33000000	-0.37239732	-537.92440195	100.85403464	0.08599581
5.34000000	-0.37153921	-538.93294310	100.85419548	0.08562610
5.35000000	-0.37068479	-539.94148585	100.85435534	0.08525887
5.36000000	-0.36983403	-540.95003020	100.85451421	0.08489412
5.37000000	-0.36898690	-541.95857613	100.85467211	0.08453181
5.38000000	-0.36814338	-542.96712364	100.85482904	0.08417193
5.39000000	-0.36730345	-543.97567271	100.85498502	0.08381445
5.40000000	-0.36646709	-544.98422334	100.85514005	0.08345934
5.41000000	-0.36563426	-545.99277551	100.85529413	0.08310659
5.42000000	-0.36480495	-547.00132922	100.85544728	0.08275617
5.43000000	-0.36397913	-548.00988445	100.85559951	0.08240807
5.44000000	-0.36315678	-549.01844120	100.85575081	0.08206225
5.45000000	-0.36233787	-550.02699946	100.85590121	0.08171871
5.46000000	-0.36152240	-551.03555922	100.85605070	0.08137741
5.47000000	-0.36071032	-552.04412048	100.85619930	0.08103833
5.48000000	-0.35990162	-553.05268321	100.85634700	0.08070147
5.49000000	-0.35909628	-554.06124741	100.85649383	0.08036679
5.50000000	-0.35829428	-555.06981308	100.85663978	0.08003428
5.51000000	-0.35749559	-556.07838021	100.85678487	0.07970391
5.52000000	-0.35670019	-557.08694878	100.85692909	0.07937567
5.53000000	-0.35590807	-558.09551878	100.85707246	0.07904954
5.54000000	-0.35511920	-559.10409022	100.85721499	0.07872550
5.55000000	-0.35433355	-560.11266308	100.85735667	0.07840353
5.56000000	-0.35355112	-561.12123735	100.85749752	0.07808361
5.57000000	-0.35277187	-562.12981303	100.85763755	0.07776572
5.58000000	-0.35199580	-563.13839010	100.85777676	0.07744985
5.59000000	-0.35122287	-564.14696856	100.85791515	0.07713597
5.60000000	-0.35045307	-565.15554840	100.85805274	0.07682408
5.61000000	-0.34968638	-566.16412961	100.85818952	0.07651414
5.62000000	-0.34892278	-567.17271219	100.85832552	0.07620615
5.63000000	-0.34816225	-568.18129612	100.85846072	0.07590009
5.64000000	-0.34740477	-569.18988140	100.85859515	0.07559594
5.65000000	-0.34665033	-570.19846802	100.85872880	0.07529368
5.66000000	-0.34589889	-571.20705597	100.85886168	0.07499330
5.67000000	-0.34515045	-572.21564525	100.85899379	0.07469478
5.68000000	-0.34440499	-573.22423585	100.85912515	0.07439811
5.69000000	-0.34366249	-574.23282775	100.85925576	0.07410326
5.70000000	-0.34292292	-575.24142096	100.85938562	0.07381023
5.71000000	-0.34218628	-576.25001546	100.85951474	0.07351899
5.72000000	-0.34145253	-577.25861125	100.85964313	0.07322953
5.73000000	-0.34072168	-578.26720832	100.85977079	0.07294185
5.74000000	-0.33999369	-579.27580667	100.85989773	0.07265591
5.75000000	-0.33926856	-580.28440628	100.86002395	0.07237171
5.76000000	-0.33854625	-581.29300714	100.86014946	0.07208924
5.77000000	-0.33782676	-582.30160926	100.86027426	0.07180847
5.78000000	-0.33711008	-583.31021263	100.86039836	0.07152939
5.79000000	-0.33639617	-584.31881723	100.86052177	0.07125199
5.80000000	-0.33568503	-585.32742306	100.86064449	0.07097626
5.81000000	-0.33497664	-586.33603012	100.86076652	0.07070218
5.82000000	-0.33427098	-587.34463839	100.86088787	0.07042974
5.83000000	-0.33356804	-588.35324787	100.86100855	0.07015892
5.84000000	-0.33286780	-589.36185856	100.86112855	0.06988970
5.85000000	-0.33217024	-590.37047044	100.86124790	0.06962209
5.86000000	-0.33147535	-591.37908351	100.86136658	0.06935606
5.87000000	-0.33078311	-592.38769777	100.86148461	0.06909160
5.88000000	-0.33009351	-593.39631320	100.86160199	0.06882870
5.89000000	-0.32940654	-594.40492981	100.86171872	0.06856734
5.90000000	-0.32872216	-595.41354757	100.86183482	0.06830752
5.91000000	-0.32804038	-596.42216650	100.86195027	0.06804921
5.92000000	-0.32736117	-597.43078658	100.86206510	0.06779241
5.93000000	-0.32668453	-598.43940780	100.86217930	0.06753711
5.94000000	-0.32601043	-599.44803016	100.86229288	0.06728329
5.95000000	-0.32533886	-600.45665366	100.86240585	0.06703094
5.96000000	-0.32466980	-601.46527828	100.86251820	0.06678005
5.97000000	-0.32400325	-602.47390402	100.86262994	0.06653061
5.98000000	-0.32333919	-603.48253087	100.86274108	0.06628261
5.99000000	-0.32267759	-604.49115884	100.86285163	0.06603603
6.00000000	-0.32201846	-605.49978790	100.86296157	0.06579086
6.01000000	-0.32136177	-606.50841807	100.86307093	0.06554710
6.02000000	-0.32070751	-607.51704932	100.86317970	0.06530473
6.03000000	-0.32005567	-608.52568166	100.86328789	0.06506373
6.04000000	-0.31940623	-609.53431508	100.86339550	0.06482411
6.05000000	-0.31875919	-610.54294957	100.86350254	0.06458584
6.06000000	-0.31811451	-611.55158513	100.86360901	0.06434893
6.07000000	-0.31747220	-612.56022175	100.86371492	0.06411335
6.08000000	-0.31683224	-613.56885942	100.86382026	0.06387909
6.09000000	-0.31619462	-614.57749815	100.86392505	0.06364616
6.10000000	-0.31555931	-615.58613792	100.86402928	0.06341453
6.11000000	-0.31492632	-616.59477873	100.86413296	0.06318419
6.12000000	-0.31429563	-617.60342058	100.86423610	0.06295515
6.13000000	-0.31366721	-618.61206345	100.86433870	0.06272738
6.14000000	-0.31304107	-619.62070735	100.86444076	0.06250087
6.15000000	-0.31241719	-620.62935227	100.86454229	0.06227563
6.16000000	-0.31179556	-621.63799819	100.86464329	0.06205163
6.17000000	-0.31117616	-622.64664513	100.86474376	0.06182886
6.18000000	-0.31055898	-623.65529307	100.86484370	0.06160733
6.19000000	-0.30994401	-624.66394200	100.86494313	0.06138702
6.20000000	-0.30933123	-625.67259193	100.86504205	0.06116791
6.21000000	-0.30872064	-626.68124284	100.86514045	0.06095001
6.22000000	-0.30811223	-627.68989474	100.86523835	0.06073330
6.23000000	-0.30750597	-628.69854761	100.86533574	0.06051777
6.24000000	-0.30690187	-629.70720145	100.86543263	0.06030342
6.25000000	-0.30629990	-630.71585626	100.86552902	0.06009023
6.26000000	-0.30570006	-631.72451203	100.86562492	0.05987819
6.27000000	-0.30510233	-632.73316875	100.86572032	0.05966731
6.28000000	-0.30450671	-633.74182643	100.86581524	0.05945756
6.29000000	-0.30391318	-634.75048506	100.86590968	0.05924895
6.30000000	-0.30332173	-635.75914463	100.86600363	0.05904145
6.31000000	-0.30273235	-636.76780513	100.86609711	0.05883508
6.32000000	-0.30214502	-637.77646657	100.86619012	0.05862980
6.33000000	-0.30155975	-638.78512893	100.86628265	0.05842563
6.34000000	-0.30097651	-639.79379222	100.86637472	0.05822254
6.35000000	-0.30039529	-640.80245642	100.86646632	0.05802054
6.36000000	-0.29981609	-641.81112154	100.86655746	0.05781961
6.37000000	-0.29923890	-642.81978757	100.86664814	0.05761975
6.38000000	-0.29866369	-643.82845450	100.86673837	0.05742095
6.39000000	-0.29809047	-644.83712234	100.86682815	0.05722320
6.40000000	-0.29751923	-645.84579106	100.86691747	0.05702649
6.41000000	-0.29694994	-646.85446068	100.86700636	0.05683081
6.42000000	-0.29638261	-647.86313119	100.86709480	0.05663617
6.43000000	-0.29581721	-648.87180258	100.86718279	0.05644254
6.44000000	-0.29525375	-649.88047484	100.86727036	0.05624993
6.45000000	-0.29469221	-650.88914798	100.86735748	0.05605833
6.46000000	-0.29413258	-651.89782199	100.86744418	0.05586772
6.47000000	-0.29357485	-652.90649687	100.86753045	0.05567811
6.48000000	-0.29301902	-653.91517260	100.86761629	0.05548948
6.49000000	-0.29246506	-654.92384919	100.86770172	0.05530183
6.50000000	-0.29191298	-655.93252663	100.86778672	0.05511515
6.51000000	-0.29136275	-656.94120492	100.86787130	0.05492944
6.52000000	-0.29081438	-657.94988406	100.86795547	0.05474468
6.53000000	-0.29026786	-658.95856403	100.86803923	0.05456087
6.54000000	-0.28972316	-659.96724484	100.86812258	0.05437801
6.55000000	-0.28918029	-660.97592648	100.86820552	0.05419609
6.56000000	-0.28863924	-661.98460895	100.86828807	0.05401509
6.57000000	-0.28809999	-662.99329224	100.86837021	0.05383502
6.58000000	-0.28756254	-664.00197635	100.86845195	0.05365587
6.59000000	-0.28702687	-665.01066128	100.86853329	0.05347763
6.60000000	-0.28649298	-666.01934702	100.86861425	0.05330030
6.61000000	-0.28596086	-667.02803356	100.86869481	0.05312386
6.62000000	-0.28543050	-668.03672091	100.86877499	0.05294832
6.63000000	-0.28490189	-669.04540906	100.86885478	0.05277366
6.64000000	-0.28437502	-670.05409801	100.86893418	0.05259989
6.65000000	-0.28384989	-671.06278774	100.86901321	0.05242699
6.66000000	-0.28332648	-672.07147827	100.86909186	0.05225496
6.67000000	-0.28280479	-673.08016958	100.86917013	0.05208379
6.68000000	-0.28228480	-674.08886167	100.86924803	0.05191347
6.69000000	-0.28176652	-675.09755454	100.86932556	0.05174401
6.70000000	-0.28124992	-676.10624818	100.86940273	0.05157539
6.71000000	-0.28073500	-677.11494259	100.86947952	0.05140762
6.72000000	-0.28022176	-678.12363777	100.86955595	0.05124067
6.73000000	-0.27971019	-679.13233371	100.86963202	0.05107456
6.74000000	-0.27920027	-680.14103041	100.86970774	0.05090927
6.75000000	-0.27869200	-681.14972786	100.86978309	0.05074479
6.76000000	-0.27818537	-682.15842607	100.86985809	0.05058113
6.77000000	-0.27768037	-683.16712503	100.86993274	0.05041827
6.78000000	-0.27717700	-684.17582472	100.87000704	0.05025621
6.79000000	-0.27667525	-685.18452517	100.87008099	0.05009495
6.80000000	-0.27617510	-686.19322634	100.87015459	0.04993448
6.81000000	-0.27567656	-687.20192826	100.87022786	0.04977479
6.82000000	-0.27517960	-688.21063090	100.87030078	0.04961588
6.83000000	-0.27468424	-689.21933427	100.87037336	0.04945775
6.84000000	-0.27419045	-690.22803837	100.87044560	0.04930039
6.85000000	-0.27369823	-691.23674318	100.87051751	0.04914379
6.86000000	-0.27320757	-692.24544871	100.87058909	0.04898795
6.87000000	-0.27271846	-693.25415496	100.87066033	0.04883286
6.88000000	-0.27223091	-694.26286192	100.87073125	0.04867853
6.89000000	-0.27174489	-695.27156959	100.87080184	0.04852493
6.90000000	-0.27126041	-696.28027796	100.87087211	0.04837208
6.91000000	-0.27077745	-697.28898703	100.87094205	0.04821996
6.92000000	-0.27029600	-698.29769680	100.87101168	0.04806858
6.93000000	-0.26981607	-699.30640726	100.87108098	0.04791791
6.94000000	-0.26933764	-700.31511841	100.87114997	0.04776797
6.95000000	-0.26886071	-701.32383026	100.87121864	0.04761874
6.96000000	-0.26838527	-702.33254279	100.87128700	0.04747023
6.97000000	-0.26791130	-703.34125600	100.87135505	0.04732242
6.98000000	-0.26743882	-704.34996989	100.87142279	0.04717531
6.99000000	-0.26696780	-705.35868445	100.87149022	0.04702890
7.00000000	-0.26649824	-706.36739969	100.87155735	0.04688319
7.01000000	-0.26603013	-707.37611560	100.87162418	0.04673816
7.02000000	-0.26556347	-708.38483217	100.87169070	0.04659382
7.03000000	-0.26509825	-709.39354941	100.87175692	0.04645015
7.04000000	-0.26463446	-710.40226731	100.87182285	0.04630716
7.05000000	-0.26417211	-711.41098587	100.87188848	0.04616485
7.06000000	-0.26371117	-712.41970508	100.87195381	0.04602320
7.07000000	-0.26325164	-713.42842494	100.87201885	0.04588221
7.08000000	-0.26279352	-714.43714545	100.87208361	0.04574188
7.09000000	-0.26233680	-715.44586661	100.87214807	0.04560221
7.10000000	-0.26188147	-716.45458841	100.87221225	0.04546318
7.11000000	-0.26142753	-717.46331086	100.87227614	0.04532480
7.12000000	-0.26097497	-718.47203394	100.87233974	0.04518707
7.13000000	-0.26052379	-719.48075765	100.87240307	0.04504997
7.14000000	-0.26007397	-720.48948200	100.87246611	0.04491350
7.15000000	-0.25962552	-721.49820697	100.87252887	0.04477767
7.16000000	-0.25917842	-722.50693257	100.87259136	0.04464246
7.17000000	-0.25873267	-723.51565880	100.87265357	0.04450788
7.18000000	-0.25828826	-724.52438564	100.87271551	0.04437391
7.19000000	-0.25784519	-725.53311311	100.87277718	0.04424056
7.20000000	-0.25740344	-726.54184119	100.87283858	0.04410781
7.21000000	-0.25696303	-727.55056988	100.87289970	0.04397568
7.22000000	-0.25652393	-728.55929918	100.87296056	0.04384415
7.23000000	-0.25608614	-729.56802909	100.87302115	0.04371321
7.24000000	-0.25564966	-730.57675960	100.87308148	0.04358288
7.25000000	-0.25521448	-731.58549072	100.87314155	0.04345313
7.26000000	-0.25478060	-732.59422243	100.87320135	0.04332397
7.27000000	-0.25434800	-733.60295474	100.87326090	0.04319540
7.28000000	-0.25391669	-734.61168765	100.87332019	0.04306741
7.29000000	-0.25348665	-735.62042115	100.87337922	0.04294000
7.30000000	-0.25305789	-736.62915523	100.87343799	0.04281316
7.31000000	-0.25263039	-737.63788991	100.87349651	0.04268689
7.32000000	-0.25220415	-738.64662516	100.87355478	0.04256119
7.33000000	-0.25177916	-739.65536100	100.87361280	0.04243605
7.34000000	-0.25135542	-740.66409742	100.87367057	0.04231148
7.35000000	-0.25093293	-741.67283441	100.87372809	0.04218746
7.36000000	-0.25051167	-742.68157198	100.87378537	0.04206399
7.37000000	-0.25009165	-743.69031012	100.87384240	0.04194108
7.38000000	-0.24967285	-744.69904883	100.87389918	0.04181871
7.39000000	-0.24925527	-745.70778810	100.87395573	0.04169688
7.40000000	-0.24883891	-746.71652794	100.87401203	0.04157560
7.41000000	-0.24842376	-747.72526834	100.87406809	0.04145485
7.42000000	-0.24800981	-748.73400930	100.87412392	0.04133464
7.43000000	-0.24759706	-749.74275082	100.87417951	0.04121495
7.44000000	-0.24718551	-750.75149289	100.87423486	0.04109580
7.45000000	-0.24677515	-751.76023551	100.87428998	0.04097717
7.46000000	-0.24636597	-752.76897869	100.87434487	0.04085906
7.47000000	-0.24595796	-753.77772241	100.87439952	0.04074147
7.48000000	-0.24555113	-754.78646668	100.87445395	0.04062439
7.49000000	-0.24514547	-755.79521149	100.87450815	0.04050783
7.50000000	-0.24474098	-756.80395684	100.87456212	0.04039177
7.51000000	-0.24433764	-757.81270273	100.87461586	0.04027622
7.52000000	-0.24393545	-758.82144916	100.87466938	0.04016118
7.53000000	-0.24353441	-759.83019612	100.87472267	0.04004663
7.54000000	-0.24313452	-760.83894361	100.87477574	0.03993258
7.55000000	-0.24273576	-761.84769163	100.87482859	0.03981903
7.56000000	-0.24233813	-762.85644018	100.87488122	0.03970597
7.57000000	-0.24194164	-763.86518926	100.87493364	0.03959339
7.58000000	-0.24154626	-764.87393885	100.87498583	0.03948130
7.59000000	-0.24115201	-765.88268897	100.87503781	0.03936970
7.60000000	-0.24075887	-766.89143961	100.87508957	0.03925857
7.61000000	-0.24036684	-767.90019076	100.87514112	0.03914793
7.62000000	-0.23997591	-768.90894243	100.87519246	0.03903775
7.63000000	-0.23958608	-769.91769461	100.87524358	0.03892805
7.64000000	-0.23919735	-770.92644730	100.87529450	0.03881882
7.65000000	-0.23880970	-771.93520050	100.87534520	0.03871005
7.66000000	-0.23842314	-772.94395420	100.87539570	0.03860175
7.67000000	-0.23803767	-773.95270841	100.87544599	0.03849391
7.68000000	-0.23765326	-774.96146312	100.87549608	0.03838652
7.69000000	-0.23726993	-775.97021833	100.87554596	0.03827959
7.70000000	-0.23688767	-776.97897404	100.87559563	0.03817312
7.71000000	-0.23650647	-777.98773025	100.87564511	0.03806710
7.72000000	-0.23612633	-778.99648694	100.87569438	0.03796152
7.73000000	-0.23574724	-780.00524413	100.87574345	0.03785639
7.74000000	-0.23536920	-781.01400181	100.87579233	0.03775170
7.75000000	-0.23499220	-782.02275998	100.87584100	0.03764745
7.76000000	-0.23461625	-783.03151863	100.87588948	0.03754364
7.77000000	-0.23424133	-784.04027777	100.87593777	0.03744027
7.78000000	-0.23386744	-785.04903739	100.87598585	0.03733733
7.79000000	-0.23349458	-786.05779748	100.87603375	0.03723482
7.80000000	-0.23312274	-787.06655806	100.87608145	0.03713273
7.81000000	-0.23275192	-788.07531911	100.87612896	0.03703107
7.82000000	-0.23238212	-789.08408064	100.87617628	0.03692984
7.83000000	-0.23201333	-790.09284264	100.87622341	0.03682903
7.84000000	-0.23164554	-791.10160511	100.87627035	0.03672863
7.85000000	-0.23127875	-792.11036804	100.87631711	0.03662865
7.86000000	-0.23091296	-793.11913145	100.87636367	0.03652909
7.87000000	-0.23054817	-794.12789532	100.87641006	0.03642993
7.88000000	-0.23018436	-795.13665965	100.87645625	0.03633119
7.89000000	-0.22982154	-796.14542444	100.87650227	0.03623285
7.90000000	-0.22945970	-797.15418969	100.87654810	0.03613492
7.91000000	-0.22909884	-798.16295540	100.87659375	0.03603739
7.92000000	-0.22873896	-799.17172157	100.87663922	0.03594026
7.93000000	-0.22838004	-800.18048819	100.87668451	0.03584353
7.94000000	-0.22802208	-801.18925526	100.87672962	0.03574719
7.95000000	-0.22766509	-802.19802278	100.87677455	0.03565125
7.96000000	-0.22730906	-803.20679075	100.87681931	0.03555569
7.97000000	-0.22695398	-804.21555916	100.87686389	0.03546053
7.98000000	-0.22659985	-805.22432802	100.87690829	0.03536576
7.99000000	-0.22624666	-806.23309733	100.87695252	0.03527137
8.00000000	-0.22589442	-807.24186707	100.87699658	0.03517736
