T	Ut	Ft	St	Ct
0.01000000	-1.96875000	-2.85277587	88.40258694	0.00000000
0.02000000	-1.96875000	-3.73680174	88.40258694	0.00000000
0.03000000	-1.96875000	-4.62082761	88.40258694	0.00000000
0.04000000	-1.96875000	-5.50485348	88.40258694	0.00000000
0.05000000	-1.96875000	-6.38887935	88.40258694	0.00000000
0.06000000	-1.96875000	-7.27290522	88.40258694	0.00000000
0.07000000	-1.96875000	-8.15693109	88.40258694	0.00000000
0.08000000	-1.96875000	-9.04095695	88.40258694	0.00000000
0.09000000	-1.96875000	-9.92498282	88.40258694	0.00000000
0.10000000	-1.96875000	-10.80900869	88.40258694	0.00000000
0.11000000	-1.96875000	-11.69303456	88.40258694	0.00000000
0.12000000	-1.96875000	-12.57706043	88.40258694	-0.00000000
0.13000000	-1.96875000	-13.46108630	88.40258694	-0.00000000
0.14000000	-1.96875000	-14.34511217	88.40258694	0.00000000
0.15000000	-1.96875000	-15.22913804	88.40258694	0.00000000
0.16000000	-1.96875000	-16.11316391	88.40258694	0.00000000
0.17000000	-1.96875000	-16.99718978	88.40258694	0.00000000
0.18000000	-1.96875000	-17.88121565	88.40258694	0.00000000
0.19000000	-1.96875000	-18.76524152	88.40258694	0.00000000
0.20000000	-1.96875000	-19.64926739	88.40258694	0.00000001
0.21000000	-1.96875000	-20.53329326	88.40258694	0.00000002
0.22000000	-1.96875000	-21.41731913	88.40258694	0.00000004
0.23000000	-1.96875000	-22.30134500	88.40258694	0.00000008
0.24000000	-1.96875000	-23.18537086	88.40258694	0.00000015
0.25000000	-1.96875000	-24.06939673	88.40258695	0.00000027
0.26000000	-1.96874999	-24.95342260	88.40258697	0.00000046
0.27000000	-1.96874999	-25.83744847	88.40258699	0.00000076
0.28000000	-1.96874998	-26.72147434	88.40258702	0.00000120
0.29000000	-1.96874996	-27.60550021	88.40258708	0.00000183
0.30000000	-1.96874994	-28.48952609	88.40258715	0.00000271
0.31000000	-1.96874991	-29.37355196	88.40258726	0.00000390
0.32000000	-1.96874986	-30.25757783	88.40258741	0.00000548
0.33000000	-1.96874980	-31.14160371	88.40258761	0.00000753
0.34000000	-1.96874971	-32.02562958	88.40258787	0.00001013
0.35000000	-1.96874959	-32.90965546	88.40258821	0.00001339
0.36000000	-1.96874944	-33.79368135	88.40258864	0.00001740
0.37000000	-1.96874924	-34.67770724	88.40258918	0.00002227
0.38000000	-1.96874899	-35.56173313	88.40258985	0.00002811
0.39000000	-1.96874867	-36.44575903	88.40259067	0.00003502
0.40000000	-1.96874828	-37.32978495	88.40259165	0.00004312
0.41000000	-1.96874781	-38.21381087	88.40259283	0.00005253
0.42000000	-1.96874723	-39.09783680	88.40259422	0.00006336
0.43000000	-1.96874653	-39.98186275	88.40259586	0.00007574
0.44000000	-1.96874571	-40.86588872	88.40259776	0.00008980
0.45000000	-1.96874473	-41.74991471	88.40259995	0.00010566
0.46000000	-1.96874359	-42.63394072	88.40260246	0.00012347
0.47000000	-1.96874226	-43.51796676	88.40260533	0.00014338
0.48000000	-1.96874071	-44.40199283	88.40260857	0.00016554
0.49000000	-1.96873894	-45.28601893	88.40261223	0.00019012
0.50000000	-1.96873690	-46.17004507	88.40261634	0.00021731
0.51000000	-1.96873458	-47.05407126	88.40262094	0.00024731
0.52000000	-1.96873195	-47.93809750	88.40262606	0.00028034
0.53000000	-1.96872896	-48.82212378	88.40263174	0.00031663
0.54000000	-1.96872560	-49.70615013	88.40263802	0.00035645
0.55000000	-1.96872182	-50.59017655	88.40264495	0.00040007
0.56000000	-1.96871759	-51.47420303	88.40265258	0.00044782
0.57000000	-1.96871285	-52.35822960	88.40266096	0.00050003
0.58000000	-1.96870757	-53.24225626	88.40267015	0.00055705
0.59000000	-1.96870169	-54.12628301	88.40268019	0.00061927
0.60000000	-1.96869517	-55.01030986	88.40269116	0.00068712
0.61000000	-1.96868793	-55.89433683	88.40270312	0.00076104
0.62000000	-1.96867992	-56.77836393	88.40271614	0.00084151
0.63000000	-1.96867108	-57.66239116	88.40273029	0.00092901
0.64000000	-1.96866132	-58.54641854	88.40274566	0.00102410
0.65000000	-1.96865057	-59.43044608	88.40276232	0.00112732
0.66000000	-1.96863874	-60.31447379	88.40278037	0.00123926
0.67000000	-1.96862575	-61.19850169	88.40279991	0.00136052
0.68000000	-1.96861150	-62.08252979	88.40282102	0.00149174
0.69000000	-1.96859588	-62.96655812	88.40284382	0.00163358
0.70000000	-1.96857879	-63.85058667	88.40286841	0.00178670
0.71000000	-1.96856011	-64.73461549	88.40289491	0.00195182
0.72000000	-1.96853971	-65.61864458	88.40292343	0.00212964
0.73000000	-1.96851747	-66.50267397	88.40295410	0.00232091
0.74000000	-1.96849324	-67.38670367	88.40298706	0.00252636
0.75000000	-1.96846689	-68.27073371	88.40302243	0.00274678
0.76000000	-1.96843826	-69.15476413	88.40306035	0.00298294
0.77000000	-1.96840718	-70.03879493	88.40310098	0.00323564
0.78000000	-1.96837349	-70.92282616	88.40314445	0.00350569
0.79000000	-1.96833700	-71.80685783	88.40319092	0.00379390
0.80000000	-1.96829754	-72.69088998	88.40324055	0.00410112
0.81000000	-1.96825492	-73.57492265	88.40329350	0.00442817
0.82000000	-1.96820891	-74.45895587	88.40334994	0.00477592
0.83000000	-1.96815932	-75.34298966	88.40341005	0.00514523
0.84000000	-1.96810593	-76.22702408	88.40347398	0.00553698
0.85000000	-1.96804851	-77.11105916	88.40354194	0.00595205
0.86000000	-1.96798681	-77.99509493	88.40361409	0.00639134
0.87000000	-1.96792060	-78.87913145	88.40369064	0.00685577
0.88000000	-1.96784961	-79.76316876	88.40377176	0.00734627
0.89000000	-1.96777358	-80.64720690	88.40385767	0.00786376
0.90000000	-1.96769224	-81.53124593	88.40394854	0.00840922
0.91000000	-1.96760530	-82.41528589	88.40404461	0.00898361
0.92000000	-1.96751247	-83.29932684	88.40414606	0.00958792
0.93000000	-1.96741344	-84.18336883	88.40425311	0.01022318
0.94000000	-1.96730790	-85.06741192	88.40436598	0.01089042
0.95000000	-1.96719552	-85.95145617	88.40448490	0.01159071
0.96000000	-1.96707597	-86.83550164	88.40461007	0.01232512
0.97000000	-1.96694890	-87.71954839	88.40474175	0.01309477
0.98000000	-1.96681395	-88.60359650	88.40488015	0.01390083
0.99000000	-1.96667076	-89.48764602	88.40502552	0.01474445
1.00000000	-1.96651894	-90.37169703	88.40517810	0.01562686
1.01000000	-1.96635809	-91.25574961	88.40533814	0.01654931
1.02000000	-1.96618781	-92.13980382	88.40550589	0.01751309
1.03000000	-1.96600768	-93.02385975	88.40568162	0.01851952
1.04000000	-1.96581727	-93.90791748	88.40586558	0.01956997
1.05000000	-1.96561613	-94.79197709	88.40605806	0.02066586
1.06000000	-1.96540380	-95.67603867	88.40625931	0.02180863
1.07000000	-1.96517980	-96.56010231	88.40646963	0.02299977
1.08000000	-1.96494364	-97.44416810	88.40668931	0.02424082
1.09000000	-1.96469481	-98.32823613	88.40691864	0.02553335
1.10000000	-1.96443280	-99.21230650	88.40715791	0.02687897
1.11000000	-1.96415705	-100.09637932	88.40740745	0.02827933
1.12000000	-1.96386702	-100.98045469	88.40766756	0.02973609
1.13000000	-1.96356213	-101.86453271	88.40793856	0.03125094
1.14000000	-1.96324180	-102.74861349	88.40822078	0.03282561
1.15000000	-1.96290542	-103.63269716	88.40851456	0.03446180
1.16000000	-1.96255236	-104.51678382	88.40882023	0.03616122
1.17000000	-1.96218198	-105.40087361	88.40913815	0.03792558
1.18000000	-1.96179362	-106.28496663	88.40946865	0.03975653
1.19000000	-1.96138662	-107.16906302	88.40981210	0.04165568
1.20000000	-1.96096028	-108.05316292	88.41016887	0.04362459
1.21000000	-1.96051389	-108.93726645	88.41053930	0.04566469
1.22000000	-1.96004674	-109.82137375	88.41092378	0.04777732
1.23000000	-1.95955810	-110.70548497	88.41132266	0.04996366
1.24000000	-1.95904722	-111.58960025	88.41173632	0.05222470
1.25000000	-1.95851335	-112.47371975	88.41216512	0.05456122
1.26000000	-1.95795574	-113.35784361	88.41260942	0.05697373
1.27000000	-1.95737362	-114.24197199	88.41306958	0.05946247
1.28000000	-1.95676624	-115.12610505	88.41354595	0.06202731
1.29000000	-1.95613282	-116.01024296	88.41403887	0.06466772
1.30000000	-1.95547263	-116.89438588	88.41454865	0.06738274
1.31000000	-1.95478493	-117.77853399	88.41507562	0.07017091
1.32000000	-1.95406898	-118.66268746	88.41562006	0.07303022
1.33000000	-1.95332409	-119.54684645	88.41618222	0.07595805
1.34000000	-1.95254960	-120.43101116	88.41676236	0.07895115
1.35000000	-1.95174487	-121.31518176	88.41736066	0.08200552
1.36000000	-1.95090930	-122.19935843	88.41797730	0.08511646
1.37000000	-1.95004237	-123.08354137	88.41861241	0.08827845
1.38000000	-1.94914358	-123.96773074	88.41926606	0.09148515
1.39000000	-1.94821254	-124.85192675	88.41993828	0.09472938
1.40000000	-1.94724890	-125.73612957	88.42062905	0.09800308
1.41000000	-1.94625241	-126.62033939	88.42133829	0.10129733
1.42000000	-1.94522291	-127.50455640	88.42206583	0.10460234
1.43000000	-1.94416036	-128.38878077	88.42281147	0.10790750
1.44000000	-1.94306480	-129.27301269	88.42357492	0.11120140
1.45000000	-1.94193641	-130.15725233	88.42435580	0.11447188
1.46000000	-1.94077548	-131.04149986	88.42515368	0.11770614
1.47000000	-1.93958245	-131.92575545	88.42596803	0.12089079
1.48000000	-1.93835788	-132.81001927	88.42679824	0.12401199
1.49000000	-1.93710247	-133.69429147	88.42764362	0.12705556
1.50000000	-1.93581708	-134.57857219	88.42850341	0.13000714
1.51000000	-1.93450268	-135.46286158	88.42937675	0.13285231
1.52000000	-1.93316043	-136.34715977	88.43026272	0.13557679
1.53000000	-1.93179160	-137.23146688	88.43116031	0.13816657
1.54000000	-1.93039759	-138.11578301	88.43206845	0.14060812
1.55000000	-1.92897997	-139.00010828	88.43298600	0.14288856
1.56000000	-1.92754040	-139.88444276	88.43391177	0.14499581
1.57000000	-1.92608067	-140.76878654	88.43484450	0.14691875
1.58000000	-1.92460267	-141.65313967	88.43578291	0.14864739
1.59000000	-1.92310840	-142.53750221	88.43672567	0.15017301
1.60000000	-1.92159991	-143.42187419	88.43767142	0.15148824
1.61000000	-1.92007936	-144.30625564	88.43861881	0.15258719
1.62000000	-1.91854891	-145.19064657	88.43956646	0.15346549
1.63000000	-1.91701079	-146.07504697	88.44051299	0.15412036
1.64000000	-1.91546725	-146.95945682	88.44145706	0.15455064
1.65000000	-1.91392053	-147.84387610	88.44239732	0.15475674
1.66000000	-1.91237285	-148.72830475	88.44333247	0.15474065
1.67000000	-1.91082644	-149.61274272	88.44426125	0.15450585
1.68000000	-1.90928345	-150.49718995	88.44518244	0.15405728
1.69000000	-1.90774599	-151.38164634	88.44609489	0.15340119
1.70000000	-1.90621609	-152.26611181	88.44699748	0.15254508
1.71000000	-1.90469572	-153.15058626	88.44788920	0.15149753
1.72000000	-1.90318675	-154.03506956	88.44876908	0.15026809
1.73000000	-1.90169093	-154.91956160	88.44963622	0.14886713
1.74000000	-1.90020994	-155.80406224	88.45048983	0.14730571
1.75000000	-1.89874532	-156.68857135	88.45132916	0.14559539
1.76000000	-1.89729849	-157.57308877	88.45215357	0.14374815
1.77000000	-1.89587077	-158.45761437	88.45296248	0.14177622
1.78000000	-1.89446334	-159.34214797	88.45375541	0.13969192
1.79000000	-1.89307726	-160.22668942	88.45453193	0.13750761
1.80000000	-1.89171348	-161.11123855	88.45529171	0.13523551
1.81000000	-1.89037281	-161.99579520	88.45603447	0.13288765
1.82000000	-1.88905594	-162.88035918	88.45676002	0.13047577
1.83000000	-1.88776347	-163.76493034	88.45746824	0.12801121
1.84000000	-1.88649586	-164.64950849	88.45815904	0.12550492
1.85000000	-1.88525347	-165.53409346	88.45883243	0.12296734
1.86000000	-1.88403658	-166.41868508	88.45948844	0.12040841
1.87000000	-1.88284534	-167.30328317	88.46012718	0.11783752
1.88000000	-1.88167984	-168.18788757	88.46074879	0.11526350
1.89000000	-1.88054006	-169.07249809	88.46135346	0.11269461
1.90000000	-1.87942590	-169.95711458	88.46194141	0.11013856
1.91000000	-1.87833722	-170.84173687	88.46251290	0.10760248
1.92000000	-1.87727377	-171.72636478	88.46306824	0.10509299
1.93000000	-1.87623525	-172.61099818	88.46360773	0.10261618
1.94000000	-1.87522132	-173.49563689	88.46413174	0.10017765
1.95000000	-1.87423155	-174.38028076	88.46464062	0.09778256
1.96000000	-1.87326550	-175.26492965	88.46513477	0.09543563
1.97000000	-1.87232266	-176.14958341	88.46561459	0.09314125
1.98000000	-1.87140249	-177.03424190	88.46608051	0.09090343
1.99000000	-1.87050439	-177.91890497	88.46653295	0.08872595
2.00000000	-1.86962776	-178.80357251	88.46697238	0.08661234
2.01000000	-1.86877192	-179.68824438	88.46739923	0.08456597
2.02000000	-1.86793620	-180.57292046	88.46781399	0.08259013
2.03000000	-1.86711988	-181.45760062	88.46821712	0.08068809
2.04000000	-1.86632218	-182.34228476	88.46860911	0.07886316
2.05000000	-1.86554234	-183.22697277	88.46899045	0.07711884
2.06000000	-1.86477953	-184.11166454	88.46936166	0.07545890
2.07000000	-1.86403287	-184.99635997	88.46972324	0.07388754
2.08000000	-1.86330146	-185.88105897	88.47007572	0.07240953
2.09000000	-1.86258435	-186.76576145	88.47041967	0.07103045
2.10000000	-1.86188050	-187.65046734	88.47075564	0.06975696
2.11000000	-1.86118883	-188.53517654	88.47108422	0.06859710
2.12000000	-1.86050815	-189.41988900	88.47140606	0.06756075
2.13000000	-1.85983716	-190.30460464	88.47172182	0.06666020
2.14000000	-1.85917444	-191.18932342	88.47203223	0.06591088
2.15000000	-1.85851838	-192.07404527	88.47233809	0.06533233
2.16000000	-1.85786714	-192.95877017	88.47264029	0.06494950
2.17000000	-1.85721863	-193.84349807	88.47293983	0.06479447
2.18000000	-1.85657036	-194.72822896	88.47323789	0.06490875
2.19000000	-1.85591938	-195.61296283	88.47353582	0.06534643
2.20000000	-1.85526212	-196.49769968	88.47383526	0.06617830
2.21000000	-1.85459419	-197.38243954	88.47413817	0.06749756
2.22000000	-1.85391014	-198.26718246	88.47444699	0.06942744
2.23000000	-1.85320307	-199.15192851	88.47476477	0.07213164
2.24000000	-1.85246420	-200.03667780	88.47509536	0.07582844
2.25000000	-1.85168223	-200.92143048	88.47544367	0.08080985
2.26000000	-1.85084243	-201.80618676	88.47581607	0.08746774
2.27000000	-1.84992555	-202.69094691	88.47622086	0.09632916
2.28000000	-1.84890617	-203.57571132	88.47666893	0.10810414
2.29000000	-1.84775060	-204.46048048	88.47717462	0.12375018
2.30000000	-1.84641400	-205.34525506	88.47775698	0.14455852
2.31000000	-1.84483649	-206.23003596	88.47844133	0.17226857
2.32000000	-1.84293792	-207.11482434	88.47926139	0.20921762
2.33000000	-1.84061103	-207.99962179	88.48026213	0.25853274
2.34000000	-1.83771234	-208.88443038	88.48150344	0.32436921
2.35000000	-1.83405054	-209.76925292	88.48306484	0.41219257
2.36000000	-1.82937181	-210.65409309	88.48505139	0.52908508
2.37000000	-1.82334224	-211.53895582	88.48760067	0.68402544
2.38000000	-1.81552795	-212.42384757	88.49089060	0.88803446
2.39000000	-1.80537519	-213.30877685	88.49514714	1.15398926
2.40000000	-1.79219528	-214.19375466	88.50064974	1.49578353
2.41000000	-1.77516305	-215.07879510	88.50773114	1.92637829
2.42000000	-1.75334243	-215.96391579	88.51676585	2.45423399
2.43000000	-1.72575734	-216.84913822	88.52814028	3.07783481
2.44000000	-1.69152525	-217.73448756	88.54219767	3.77879143
2.45000000	-1.65005934	-218.61999187	88.55915613	4.51552563
2.46000000	-1.60131544	-219.50568037	88.57901013	5.22140257
2.47000000	-1.54601586	-220.39158071	88.60144326	5.81188655
2.48000000	-1.48574620	-221.27771566	88.62579414	6.20266843
2.49000000	-1.42283174	-222.16409983	88.65111168	6.33423576
2.50000000	-1.35998028	-223.05073746	88.67630287	6.19188754
2.51000000	-1.29979577	-223.93762198	88.70032917	5.81024487
2.52000000	-1.24433927	-224.82473742	88.72238022	5.25984427
2.53000000	-1.19488313	-225.71206133	88.74196767	4.62383280
2.54000000	-1.15189775	-226.59956798	88.75892529	3.97654144
2.55000000	-1.11520918	-227.48723135	88.77334203	3.37139107
2.56000000	-1.08422626	-228.37502718	88.78546911	2.83869986
2.57000000	-1.05815457	-229.26293419	88.79563409	2.38977054
2.58000000	-1.03615577	-230.15093446	88.80417779	2.02313950
2.59000000	-1.01744546	-231.03901340	88.81141620	1.73031823
2.60000000	-1.00134114	-231.92715935	88.81762239	1.49996976
2.61000000	-0.98727666	-232.81536316	88.82302165	1.32047830
2.62000000	-0.97479743	-233.70361770	88.82779400	1.18128626
2.63000000	-0.96354668	-234.59191743	88.83208013	1.07343020
2.64000000	-0.95324884	-235.48025805	88.83598834	0.98962087
2.65000000	-0.94369345	-236.36863621	88.83960104	0.92409846
2.66000000	-0.93472091	-237.25704929	88.84298060	0.87240085
2.67000000	-0.92621080	-238.14549520	88.84617393	0.83111890
2.68000000	-0.91807248	-239.03397227	88.84921634	0.79767324
2.69000000	-0.91023773	-239.92247912	88.85213434	0.77012565
2.70000000	-0.90265518	-240.81101461	88.85494794	0.74702647
2.71000000	-0.89528601	-241.69957778	88.85767224	0.72729478
2.72000000	-0.88810076	-242.58816779	88.86031876	0.71012594
2.73000000	-0.88107696	-243.47678392	88.86289632	0.69492140
2.74000000	-0.87419728	-244.36542551	88.86541176	0.68123576
2.75000000	-0.86744829	-245.25409197	88.86787043	0.66873717
2.76000000	-0.86081942	-246.14278275	88.87027657	0.65717788
2.77000000	-0.85430223	-247.03149734	88.87263361	0.64637240
2.78000000	-0.84788992	-247.92023526	88.87494437	0.63618126
2.79000000	-0.84157691	-248.80899608	88.87721117	0.62649910
2.80000000	-0.83535851	-249.69777935	88.87943601	0.61724584
2.81000000	-0.82923077	-250.58658466	88.88162060	0.60836017
2.82000000	-0.82319024	-251.47541163	88.88376645	0.59979474
2.83000000	-0.81723393	-252.36425987	88.88587489	0.59151262
2.84000000	-0.81135915	-253.25312901	88.88794713	0.58348467
2.85000000	-0.80556347	-254.14201869	88.88998429	0.57568762
2.86000000	-0.79984469	-255.03092858	88.89198738	0.56810264
2.87000000	-0.79420076	-255.91985833	88.89395734	0.56071422
2.88000000	-0.78862979	-256.80880762	88.89589508	0.55350947
2.89000000	-0.78313000	-257.69777613	88.89780143	0.54647745
2.90000000	-0.77769970	-258.58676355	88.89967719	0.53960877
2.91000000	-0.77233730	-259.47576957	88.90152312	0.53289525
2.92000000	-0.76704130	-260.36479391	88.90333994	0.52632966
2.93000000	-0.76181024	-261.25383628	88.90512834	0.51990555
2.94000000	-0.75664274	-262.14289639	88.90688900	0.51361709
2.95000000	-0.75153746	-263.03197397	88.90862254	0.50745897
2.96000000	-0.74649314	-263.92106875	88.91032960	0.50142633
2.97000000	-0.74150853	-264.81018047	88.91201075	0.49551466
2.98000000	-0.73658246	-265.69930888	88.91366659	0.48971977
2.99000000	-0.73171376	-266.58845372	88.91529765	0.48403778
3.00000000	-0.72690134	-267.47761475	88.91690447	0.47846500
3.01000000	-0.72214411	-268.36679173	88.91848758	0.47299802
3.02000000	-0.71744103	-269.25598443	88.92004748	0.46763359
3.03000000	-0.71279110	-270.14519261	88.92158465	0.46236867
3.04000000	-0.70819334	-271.03441604	88.92309957	0.45720035
3.05000000	-0.70364678	-271.92365452	88.92459270	0.45212590
3.06000000	-0.69915052	-272.81290783	88.92606448	0.44714275
3.07000000	-0.69470363	-273.70217574	88.92751535	0.44224841
3.08000000	-0.69030526	-274.59145807	88.92894572	0.43744057
3.09000000	-0.68595454	-275.48075459	88.93035600	0.43271699
3.10000000	-0.68165065	-276.37006512	88.93174660	0.42807556
3.11000000	-0.67739276	-277.25938946	88.93311791	0.42351427
3.12000000	-0.67318010	-278.14872742	88.93447029	0.41903120
3.13000000	-0.66901188	-279.03807880	88.93580413	0.41462450
3.14000000	-0.66488736	-279.92744344	88.93711977	0.41029243
3.15000000	-0.66080579	-280.81682114	88.93841757	0.40603330
3.16000000	-0.65676646	-281.70621173	88.93969787	0.40184550
3.17000000	-0.65276865	-282.59561504	88.94096101	0.39772749
3.18000000	-0.64881168	-283.48503089	88.94220730	0.39367779
3.19000000	-0.64489487	-284.37445913	88.94343707	0.38969495
3.20000000	-0.64101756	-285.26389958	88.94465063	0.38577760
3.21000000	-0.63717911	-286.15335209	88.94584828	0.38192441
3.22000000	-0.63337886	-287.04281650	88.94703032	0.37813409
3.23000000	-0.62961622	-287.93229265	88.94819704	0.37440539
3.24000000	-0.62589056	-288.82178039	88.94934871	0.37073709
3.25000000	-0.62220128	-289.71127957	88.95048563	0.36712802
3.26000000	-0.61854780	-290.60079005	88.95160805	0.36357703
3.27000000	-0.61492955	-291.49031168	88.95271625	0.36008300
3.28000000	-0.61134596	-292.37984433	88.95381048	0.35664484
3.29000000	-0.60779647	-293.26938785	88.95489100	0.35326148
3.30000000	-0.60428055	-294.15894210	88.95595805	0.34993188
3.31000000	-0.60079766	-295.04850696	88.95701188	0.34665501
3.32000000	-0.59734727	-295.93808230	88.95805272	0.34342988
3.33000000	-0.59392889	-296.82766798	88.95908081	0.34025549
3.34000000	-0.59054200	-297.71726387	88.96009637	0.33713087
3.35000000	-0.58718611	-298.60686986	88.96109963	0.33405508
3.36000000	-0.58386074	-299.49648582	88.96209080	0.33102717
3.37000000	-0.58056541	-300.38611164	88.96307010	0.32804624
3.38000000	-0.57729966	-301.27574719	88.96403773	0.32511136
3.39000000	-0.57406303	-302.16539236	88.96499390	0.32222164
3.40000000	-0.57085508	-303.05504703	88.96593881	0.31937621
3.41000000	-0.56767536	-303.94471109	88.96687265	0.31657420
3.42000000	-0.56452345	-304.83438445	88.96779561	0.31381475
3.43000000	-0.56139893	-305.72406697	88.96870788	0.31109702
3.44000000	-0.55830138	-306.61375857	88.96960965	0.30842018
3.45000000	-0.55523039	-307.50345913	88.97050108	0.30578342
3.46000000	-0.55218558	-308.39316856	88.97138236	0.30318592
3.47000000	-0.54916654	-309.28288674	88.97225366	0.30062690
3.48000000	-0.54617291	-310.17261360	88.97311514	0.29810557
3.49000000	-0.54320431	-311.06234901	88.97396696	0.29562117
3.50000000	-0.54026037	-311.95209290	88.97480930	0.29317294
3.51000000	-0.53734073	-312.84184517	88.97564229	0.29076013
3.52000000	-0.53444505	-313.73160572	88.97646610	0.28838202
3.53000000	-0.53157298	-314.62137446	88.97728087	0.28603788
3.54000000	-0.52872418	-315.51115131	88.97808676	0.28372701
3.55000000	-0.52589833	-316.40093617	88.97888390	0.28144872
3.56000000	-0.52309510	-317.29072896	88.97967243	0.27920233
3.57000000	-0.52031418	-318.18052959	88.98045250	0.27698716
3.58000000	-0.51755526	-319.07033798	88.98122422	0.27480256
3.59000000	-0.51481803	-319.96015404	88.98198775	0.27264790
3.60000000	-0.51210220	-320.84997771	88.98274320	0.27052254
3.61000000	-0.50940748	-321.73980888	88.98349069	0.26842586
3.62000000	-0.50673359	-322.62964749	88.98423036	0.26635726
3.63000000	-0.50408025	-323.51949346	88.98496232	0.26431615
3.64000000	-0.50144718	-324.40934671	88.98568669	0.26230195
3.65000000	-0.49883412	-325.29920717	88.98640358	0.26031410
3.66000000	-0.49624081	-326.18907476	88.98711310	0.25835204
3.67000000	-0.49366699	-327.07894941	88.98781537	0.25641524
3.68000000	-0.49111242	-327.96883105	88.98851050	0.25450317
3.69000000	-0.48857685	-328.85871960	88.98919858	0.25261531
3.70000000	-0.48606004	-329.74861499	88.98987972	0.25075116
3.71000000	-0.48356175	-330.63851717	88.99055402	0.24891023
3.72000000	-0.48108176	-331.52842605	88.99122158	0.24709204
3.73000000	-0.47861983	-332.41834158	88.99188250	0.24529612
3.74000000	-0.47617576	-333.30826368	88.99253688	0.24352203
3.75000000	-0.47374932	-334.19819229	88.99318479	0.24176931
3.76000000	-0.47134031	-335.08812735	88.99382634	0.24003755
3.77000000	-0.46894850	-335.97806880	88.99446162	0.23832631
3.78000000	-0.46657371	-336.86801657	88.99509070	0.23663518
3.79000000	-0.46421573	-337.75797059	88.99571368	0.23496378
3.80000000	-0.46187437	-338.64793082	88.99633064	0.23331170
3.81000000	-0.45954944	-339.53789719	88.99694167	0.23167859
3.82000000	-0.45724074	-340.42786963	88.99754683	0.23006406
3.83000000	-0.45494809	-341.31784810	88.99814622	0.22846776
3.84000000	-0.45267132	-342.20783254	88.99873990	0.22688934
3.85000000	-0.45041025	-343.09782288	88.99932796	0.22532847
3.86000000	-0.44816470	-343.98781908	88.99991046	0.22378482
3.87000000	-0.44593450	-344.87782107	89.00048749	0.22225807
3.88000000	-0.44371948	-345.76782881	89.00105911	0.22074791
3.89000000	-0.44151948	-346.65784224	89.00162539	0.21925404
3.90000000	-0.43933435	-347.54786130	89.00218640	0.21777616
3.91000000	-0.43716391	-348.43788595	89.00274221	0.21631399
3.92000000	-0.43500801	-349.32791613	89.00329289	0.21486725
3.93000000	-0.43286651	-350.21795179	89.00383849	0.21343569
3.94000000	-0.43073925	-351.10799288	89.00437909	0.21201902
3.95000000	-0.42862608	-351.99803936	89.00491475	0.21061700
3.96000000	-0.42652686	-352.88809116	89.00544553	0.20922939
3.97000000	-0.42444145	-353.77814825	89.00597149	0.20785594
3.98000000	-0.42236970	-354.66821057	89.00649268	0.20649642
3.99000000	-0.42031147	-355.55827809	89.00700918	0.20515061
4.00000000	-0.41826664	-356.44835074	89.00752103	0.20381828
4.01000000	-0.41623506	-357.33842849	89.00802829	0.20249922
4.02000000	-0.41421661	-358.22851129	89.00853102	0.20119322
4.03000000	-0.41221116	-359.11859910	89.00902927	0.19990009
4.04000000	-0.41021857	-360.00869186	89.00952309	0.19861961
4.05000000	-0.40823872	-360.89878955	89.01001255	0.19735161
4.06000000	-0.40627150	-361.78889210	89.01049769	0.19609589
4.07000000	-0.40431677	-362.67899949	89.01097856	0.19485228
4.08000000	-0.40237441	-363.56911166	89.01145521	0.19362059
4.09000000	-0.40044431	-364.45922858	89.01192769	0.19240066
4.10000000	-0.39852636	-365.34935020	89.01239606	0.19119233
4.11000000	-0.39662043	-366.23947648	89.01286035	0.18999542
4.12000000	-0.39472641	-367.12960739	89.01332063	0.18880977
4.13000000	-0.39284420	-368.01974288	89.01377692	0.18763525
4.14000000	-0.39097367	-368.90988292	89.01422929	0.18647168
4.15000000	-0.38911473	-369.80002746	89.01467777	0.18531894
4.16000000	-0.38726726	-370.69017646	89.01512240	0.18417687
4.17000000	-0.38543115	-371.58032989	89.01556325	0.18304534
4.18000000	-0.38360632	-372.47048771	89.01600033	0.18192421
4.19000000	-0.38179264	-373.36064988	89.01643371	0.18081334
4.20000000	-0.37999002	-374.25081637	89.01686342	0.17971261
4.21000000	-0.37819835	-375.14098714	89.01728950	0.17862190
4.22000000	-0.37641754	-376.03116215	89.01771199	0.17754107
4.23000000	-0.37464750	-376.92134137	89.01813094	0.17647001
4.24000000	-0.37288811	-377.81152476	89.01854638	0.17540860
4.25000000	-0.37113929	-378.70171229	89.01895835	0.17435672
4.26000000	-0.36940095	-379.59190391	89.01936689	0.17331427
4.27000000	-0.36767298	-380.48209961	89.01977205	0.17228113
4.28000000	-0.36595529	-381.37229934	89.02017384	0.17125719
4.29000000	-0.36424780	-382.26250308	89.02057233	0.17024235
4.30000000	-0.36255042	-383.15271078	89.02096753	0.16923651
4.31000000	-0.36086304	-384.04292242	89.02135948	0.16823955
4.32000000	-0.35918560	-384.93313796	89.02174823	0.16725140
4.33000000	-0.35751799	-385.82335737	89.02213381	0.16627194
4.34000000	-0.35586013	-386.71358062	89.02251624	0.16530108
4.35000000	-0.35421194	-387.60380769	89.02289557	0.16433873
4.36000000	-0.35257333	-388.49403853	89.02327183	0.16338479
4.37000000	-0.35094421	-389.38427311	89.02364506	0.16243918
4.38000000	-0.34932451	-390.27451142	89.02401527	0.16150181
4.39000000	-0.34771415	-391.16475341	89.02438252	0.16057259
4.40000000	-0.34611304	-392.05499906	89.02474682	0.15965143
4.41000000	-0.34452109	-392.94524833	89.02510822	0.15873825
4.42000000	-0.34293824	-393.83550121	89.02546673	0.15783297
4.43000000	-0.34136441	-394.72575766	89.02582240	0.15693551
4.44000000	-0.33979951	-395.61601765	89.02617526	0.15604578
4.45000000	-0.33824347	-396.50628116	89.02652532	0.15516371
4.46000000	-0.33669621	-397.39654815	89.02687263	0.15428922
4.47000000	-0.33515766	-398.28681860	89.02721721	0.15342224
4.48000000	-0.33362774	-399.17709248	89.02755909	0.15256268
4.49000000	-0.33210638	-400.06736977	89.02789831	0.15171047
4.50000000	-0.33059351	-400.95765044	89.02823487	0.15086555
4.51000000	-0.32908904	-401.84793446	89.02856883	0.15002783
4.52000000	-0.32759292	-402.73822181	89.02890020	0.14919725
4.53000000	-0.32610508	-403.62851246	89.02922900	0.14837374
4.54000000	-0.32462543	-404.51880638	89.02955528	0.14755723
4.55000000	-0.32315391	-405.40910355	89.02987904	0.14674765
4.56000000	-0.32169045	-406.29940395	89.03020033	0.14594493
4.57000000	-0.32023499	-407.18970755	89.03051916	0.14514900
4.58000000	-0.31878745	-408.08001433	89.03083556	0.14435980
4.59000000	-0.31734777	-408.97032426	89.03114956	0.14357727
4.60000000	-0.31591588	-409.86063731	89.03146118	0.14280134
4.61000000	-0.31449172	-410.75095347	89.03177044	0.14203195
4.62000000	-0.31307522	-411.64127271	89.03207738	0.14126903
4.63000000	-0.31166632	-412.53159501	89.03238201	0.14051252
4.64000000	-0.31026495	-413.42192034	89.03268435	0.13976236
4.65000000	-0.30887105	-414.31224869	89.03298444	0.13901849
4.66000000	-0.30748456	-415.20258003	89.03328229	0.13828085
4.67000000	-0.30610541	-416.09291433	89.03357793	0.13754938
4.68000000	-0.30473355	-416.98325158	89.03387137	0.13682403
4.69000000	-0.30336891	-417.87359175	89.03416265	0.13610472
4.70000000	-0.30201144	-418.76393482	89.03445178	0.13539141
4.71000000	-0.30066106	-419.65428078	89.03473879	0.13468404
4.72000000	-0.29931774	-420.54462959	89.03502370	0.13398255
4.73000000	-0.29798139	-421.43498124	89.03530652	0.13328688
4.74000000	-0.29665198	-422.32533572	89.03558729	0.13259699
4.75000000	-0.29532943	-423.21569298	89.03586601	0.13191281
4.76000000	-0.29401370	-424.10605303	89.03614272	0.13123429
4.77000000	-0.29270473	-424.99641583	89.03641742	0.13056138
4.78000000	-0.29140246	-425.88678137	89.03669015	0.12989402
4.79000000	-0.29010683	-426.77714963	89.03696092	0.12923216
4.80000000	-0.28881780	-427.66752058	89.03722975	0.12857575
4.81000000	-0.28753530	-428.55789422	89.03749666	0.12792473
4.82000000	-0.28625928	-429.44827051	89.03776167	0.12727907
4.83000000	-0.28498970	-430.33864944	89.03802479	0.12663869
4.84000000	-0.28372649	-431.22903100	89.03828606	0.12600356
4.85000000	-0.28246961	-432.11941516	89.03854547	0.12537362
4.86000000	-0.28121900	-433.00980190	89.03880307	0.12474882
4.87000000	-0.27997462	-433.90019121	89.03905885	0.12412912
4.88000000	-0.27873640	-434.79058307	89.03931284	0.12351446
4.89000000	-0.27750431	-435.68097746	89.03956506	0.12290480
4.90000000	-0.27627829	-436.57137437	89.03981553	0.12230009
4.91000000	-0.27505829	-437.46177377	89.04006425	0.12170028
4.92000000	-0.27384427	-438.35217565	89.04031126	0.12110533
4.93000000	-0.27263617	-439.24257999	89.04055656	0.12051518
4.94000000	-0.27143395	-440.13298677	89.04080017	0.11992979
4.95000000	-0.27023756	-441.02339599	89.04104211	0.11934912
4.96000000	-0.26904695	-441.91380761	89.04128239	0.11877311
4.97000000	-0.26786208	-442.80422163	89.04152104	0.11820173
4.98000000	-0.26668290	-443.69463803	89.04175806	0.11763493
4.99000000	-0.26550937	-444.58505678	89.04199347	0.11707267
5.00000000	-0.26434143	-445.47547789	89.04222729	0.11651490
5.01000000	-0.26317906	-446.36590133	89.04245953	0.11596157
5.02000000	-0.26202219	-447.25632708	89.04269022	0.11541265
5.03000000	-0.26087079	-448.14675512	89.04291935	0.11486809
5.04000000	-0.25972481	-449.03718546	89.04314695	0.11432785
5.05000000	-0.25858422	-449.92761806	89.04337304	0.11379188
5.06000000	-0.25744896	-450.81805291	89.04359762	0.11326015
5.07000000	-0.25631900	-451.70849001	89.04382071	0.11273261
5.08000000	-0.25519429	-452.59892932	89.04404233	0.11220923
5.09000000	-0.25407480	-453.48937085	89.04426248	0.11168996
5.10000000	-0.25296048	-454.37981457	89.04448119	0.11117475
5.11000000	-0.25185129	-455.27026047	89.04469847	0.11066358
5.12000000	-0.25074720	-456.16070853	89.04491432	0.11015640
5.13000000	-0.24964815	-457.05115875	89.04512877	0.10965317
5.14000000	-0.24855412	-457.94161110	89.04534183	0.10915386
5.15000000	-0.24746506	-458.83206558	89.04555350	0.10865842
5.16000000	-0.24638094	-459.72252217	89.04576380	0.10816682
5.17000000	-0.24530171	-460.61298085	89.04597275	0.10767901
5.18000000	-0.24422735	-461.50344162	89.04618036	0.10719497
5.19000000	-0.24315780	-462.39390445	89.04638664	0.10671465
5.20000000	-0.24209304	-463.28436935	89.04659160	0.10623801
5.21000000	-0.24103303	-464.17483628	89.04679525	0.10576503
5.22000000	-0.23997773	-465.06530525	89.04699761	0.10529566
5.23000000	-0.23892710	-465.95577623	89.04719869	0.10482987
5.24000000	-0.23788112	-466.84624922	89.04739849	0.10436762
5.25000000	-0.23683974	-467.73672420	89.04759704	0.10390887
5.26000000	-0.23580293	-468.62720115	89.04779434	0.10345360
5.27000000	-0.23477066	-469.51768008	89.04799040	0.10300177
5.28000000	-0.23374288	-470.40816096	89.04818524	0.10255334
5.29000000	-0.23271958	-471.29864378	89.04837887	0.10210828
5.30000000	-0.23170071	-472.18912853	89.04857129	0.10166656
5.31000000	-0.23068624	-473.07961520	89.04876252	0.10122814
5.32000000	-0.22967613	-473.97010378	89.04895256	0.10079298
5.33000000	-0.22867036	-474.86059425	89.04914144	0.10036107
5.34000000	-0.22766890	-475.75108660	89.04932916	0.09993236
5.35000000	-0.22667171	-476.64158083	89.04951572	0.09950682
5.36000000	-0.22567875	-477.53207691	89.04970115	0.09908442
5.37000000	-0.22469001	-478.42257485	89.04988544	0.09866513
5.38000000	-0.22370544	-479.31307462	89.05006862	0.09824892
5.39000000	-0.22272502	-480.20357622	89.05025069	0.09783576
5.40000000	-0.22174872	-481.09407963	89.05043165	0.09742561
5.41000000	-0.22077650	-481.98458485	89.05061152	0.09701845
5.42000000	-0.21980834	-482.87509186	89.05079032	0.09661424
5.43000000	-0.21884420	-483.76560065	89.05096804	0.09621297
5.44000000	-0.21788407	-484.65611121	89.05114470	0.09581459
5.45000000	-0.21692790	-485.54662354	89.05132030	0.09541908
5.46000000	-0.21597568	-486.43713761	89.05149486	0.09502641
5.47000000	-0.21502736	-487.32765343	89.05166839	0.09463655
5.48000000	-0.21408294	-488.21817098	89.05184088	0.09424947
5.49000000	-0.21314237	-489.10869025	89.05201236	0.09386515
5.50000000	-0.21220562	-489.99921122	89.05218284	0.09348356
5.51000000	-0.21127269	-490.88973390	89.05235231	0.09310467
5.52000000	-0.21034352	-491.78025827	89.05252079	0.09272845
5.53000000	-0.20941811	-492.67078431	89.05268828	0.09235488
5.54000000	-0.20849642	-493.56131203	89.05285480	0.09198393
5.55000000	-0.20757842	-494.45184141	89.05302036	0.09161558
5.56000000	-0.20666410	-495.34237243	89.05318495	0.09124979
5.57000000	-0.20575342	-496.23290510	89.05334860	0.09088654
5.58000000	-0.20484636	-497.12343940	89.05351130	0.09052582
5.59000000	-0.20394289	-498.01397532	89.05367306	0.09016758
5.60000000	-0.20304300	-498.90451286	89.05383390	0.08981181
5.61000000	-0.20214665	-499.79505200	89.05399382	0.08945849
5.62000000	-0.20125382	-500.68559273	89.05415283	0.08910758
5.63000000	-0.20036449	-501.57613505	89.05431094	0.08875907
5.64000000	-0.19947863	-502.46667895	89.05446814	0.08841293
5.65000000	-0.19859622	-503.35722441	89.05462446	0.08806914
5.66000000	-0.19771724	-504.24777143	89.05477989	0.08772767
5.67000000	-0.19684166	-505.13832001	89.05493445	0.08738850
5.68000000	-0.19596946	-506.02887012	89.05508814	0.08705161
5.69000000	-0.19510062	-506.91942177	89.05524097	0.08671698
5.70000000	-0.19423511	-507.80997494	89.05539295	0.08638458
5.71000000	-0.19337292	-508.70052962	89.05554408	0.08605439
5.72000000	-0.19251402	-509.59108582	89.05569437	0.08572639
5.73000000	-0.19165839	-510.48164351	89.05584383	0.08540056
5.74000000	-0.19080600	-511.37220269	89.05599245	0.08507687
5.75000000	-0.18995684	-512.26276335	89.05614026	0.08475531
5.76000000	-0.18911089	-513.15332549	89.05628726	0.08443586
5.77000000	-0.18826812	-514.04388910	89.05643345	0.08411849
5.78000000	-0.18742851	-514.93445416	89.05657883	0.08380318
5.79000000	-0.18659205	-515.82502067	89.05672342	0.08348992
5.80000000	-0.18575871	-516.71558862	89.05686723	0.08317868
5.81000000	-0.18492847	-517.60615801	89.05701025	0.08286945
5.82000000	-0.18410131	-518.49672883	89.05715249	0.08256220
5.83000000	-0.18327722	-519.38730106	89.05729397	0.08225692
5.84000000	-0.18245616	-520.27787470	89.05743468	0.08195358
5.85000000	-0.18163814	-521.16844975	89.05757463	0.08165217
5.86000000	-0.18082312	-522.05902619	89.05771384	0.08135267
5.87000000	-0.18001108	-522.94960403	89.05785229	0.08105505
5.88000000	-0.17920201	-523.84018324	89.05799001	0.08075932
5.89000000	-0.17839589	-524.73076382	89.05812698	0.08046543
5.90000000	-0.17759269	-525.62134577	89.05826323	0.08017338
5.91000000	-0.17679241	-526.51192909	89.05839876	0.07988315
5.92000000	-0.17599502	-527.40251375	89.05853357	0.07959473
5.93000000	-0.17520051	-528.29309975	89.05866766	0.07930808
5.94000000	-0.17440886	-529.18368710	89.05880105	0.07902321
5.95000000	-0.17362004	-530.07427577	89.05893374	0.07874008
5.96000000	-0.17283405	-530.96486577	89.05906573	0.07845869
5.97000000	-0.17205086	-531.85545709	89.05919702	0.07817902
5.98000000	-0.17127046	-532.74604971	89.05932763	0.07790104
5.99000000	-0.17049284	-533.63664364	89.05945756	0.07762476
6.00000000	-0.16971796	-534.52723886	89.05958682	0.07735014
6.01000000	-0.16894583	-535.41783537	89.05971540	0.07707717
6.02000000	-0.16817641	-536.30843316	89.05984331	0.07680585
6.03000000	-0.16740970	-537.19903223	89.05997057	0.07653614
6.04000000	-0.16664569	-538.08963257	89.06009717	0.07626805
6.05000000	-0.16588434	-538.98023417	89.06022311	0.07600155
6.06000000	-0.16512565	-539.87083703	89.06034841	0.07573662
6.07000000	-0.16436960	-540.76144114	89.06047307	0.07547326
6.08000000	-0.16361618	-541.65204649	89.06059709	0.07521145
6.09000000	-0.16286537	-542.54265308	89.06072048	0.07495117
6.10000000	-0.16211715	-543.43326090	89.06084324	0.07469241
6.11000000	-0.16137151	-544.32386994	89.06096537	0.07443516
6.12000000	-0.16062844	-545.21448021	89.06108689	0.07417941
6.13000000	-0.15988792	-546.10509168	89.06120779	0.07392513
6.14000000	-0.15914993	-546.99570436	89.06132808	0.07367232
6.15000000	-0.15841447	-547.88631824	89.06144777	0.07342096
6.16000000	-0.15768151	-548.77693331	89.06156685	0.07317104
6.17000000	-0.15695104	-549.66754957	89.06168534	0.07292254
6.18000000	-0.15622305	-550.55816702	89.06180323	0.07267546
6.19000000	-0.15549753	-551.44878564	89.06192053	0.07242978
6.20000000	-0.15477445	-552.33940543	89.06203725	0.07218549
6.21000000	-0.15405382	-553.23002638	89.06215339	0.07194258
6.22000000	-0.15333560	-554.12064849	89.06226895	0.07170103
6.23000000	-0.15261979	-555.01127176	89.06238394	0.07146082
6.24000000	-0.15190638	-555.90189617	89.06249836	0.07122196
6.25000000	-0.15119535	-556.79252172	89.06261222	0.07098443
6.26000000	-0.15048668	-557.68314841	89.06272552	0.07074821
6.27000000	-0.14978038	-558.57377623	89.06283825	0.07051330
6.28000000	-0.14907641	-559.46440517	89.06295044	0.07027968
6.29000000	-0.14837478	-560.35503524	89.06306208	0.07004734
6.30000000	-0.14767546	-561.24566641	89.06317317	0.06981627
6.31000000	-0.14697845	-562.13629870	89.06328372	0.06958646
6.32000000	-0.14628373	-563.02693209	89.06339373	0.06935790
6.33000000	-0.14559129	-563.91756657	89.06350320	0.06913058
6.34000000	-0.14490111	-564.80820215	89.06361215	0.06890448
6.35000000	-0.14421319	-565.69883881	89.06372057	0.06867960
6.36000000	-0.14352752	-566.58947656	89.06382847	0.06845593
6.37000000	-0.14284407	-567.48011538	89.06393584	0.06823345
6.38000000	-0.14216285	-568.37075527	89.06404270	0.06801216
6.39000000	-0.14148383	-569.26139623	89.06414905	0.06779204
6.40000000	-0.14080700	-570.15203825	89.06425488	0.06757309
6.41000000	-0.14013236	-571.04268133	89.06436021	0.06735530
6.42000000	-0.13945989	-571.93332546	89.06446504	0.06713865
6.43000000	-0.13878958	-572.82397063	89.06456937	0.06692314
6.44000000	-0.13812142	-573.71461684	89.06467320	0.06670875
6.45000000	-0.13745540	-574.60526409	89.06477654	0.06649548
6.46000000	-0.13679151	-575.49591237	89.06487939	0.06628332
6.47000000	-0.13612973	-576.38656168	89.06498175	0.06607226
6.48000000	-0.13547006	-577.27721200	89.06508363	0.06586229
6.49000000	-0.13481248	-578.16786335	89.06518503	0.06565340
6.50000000	-0.13415699	-579.05851570	89.06528596	0.06544558
6.51000000	-0.13350357	-579.94916907	89.06538640	0.06523883
6.52000000	-0.13285221	-580.83982343	89.06548638	0.06503313
6.53000000	-0.13220290	-581.73047879	89.06558589	0.06482848
6.54000000	-0.13155564	-582.62113515	89.06568494	0.06462486
6.55000000	-0.13091040	-583.51179249	89.06578352	0.06442228
6.56000000	-0.13026719	-584.40245081	89.06588165	0.06422071
6.57000000	-0.12962598	-585.29311012	89.06597932	0.06402016
6.58000000	-0.12898678	-586.18377040	89.06607654	0.06382062
6.59000000	-0.12834957	-587.07443165	89.06617331	0.06362207
6.60000000	-0.12771434	-587.96509386	89.06626963	0.06342450
6.61000000	-0.12708108	-588.85575704	89.06636550	0.06322793
6.62000000	-0.12644978	-589.74642117	89.06646094	0.06303232
6.63000000	-0.12582043	-590.63708626	89.06655593	0.06283768
6.64000000	-0.12519302	-591.52775229	89.06665049	0.06264400
6.65000000	-0.12456754	-592.41841927	89.06674462	0.06245127
6.66000000	-0.12394399	-593.30908718	89.06683832	0.06225948
6.67000000	-0.12332235	-594.19975603	89.06693159	0.06206863
6.68000000	-0.12270261	-595.09042581	89.06702443	0.06187870
6.69000000	-0.12208477	-595.98109652	89.06711685	0.06168970
6.70000000	-0.12146882	-596.87176815	89.06720886	0.06150162
6.71000000	-0.12085474	-597.76244069	89.06730044	0.06131444
6.72000000	-0.12024253	-598.65311415	89.06739161	0.06112816
6.73000000	-0.11963217	-599.54378852	89.06748237	0.06094278
6.74000000	-0.11902367	-600.43446380	89.06757272	0.06075828
6.75000000	-0.11841700	-601.32513998	89.06766266	0.06057466
6.76000000	-0.11781217	-602.21581705	89.06775220	0.06039192
6.77000000	-0.11720916	-603.10649502	89.06784134	0.06021004
6.78000000	-0.11660797	-603.99717388	89.06793008	0.06002903
6.79000000	-0.11600858	-604.88785362	89.06801842	0.05984887
6.80000000	-0.11541099	-605.77853424	89.06810636	0.05966956
6.81000000	-0.11481518	-606.66921575	89.06819392	0.05949109
6.82000000	-0.11422116	-607.55989812	89.06828108	0.05931346
6.83000000	-0.11362891	-608.45058137	89.06836786	0.05913665
6.84000000	-0.11303843	-609.34126548	89.06845425	0.05896067
6.85000000	-0.11244970	-610.23195045	89.06854026	0.05878551
6.86000000	-0.11186271	-611.12263628	89.06862588	0.05861115
6.87000000	-0.11127747	-612.01332297	89.06871113	0.05843761
6.88000000	-0.11069396	-612.90401050	89.06879601	0.05826486
6.89000000	-0.11011217	-613.79469889	89.06888051	0.05809291
6.90000000	-0.10953210	-614.68538811	89.06896464	0.05792175
6.91000000	-0.10895373	-615.57607818	89.06904840	0.05775137
6.92000000	-0.10837707	-616.46676908	89.06913179	0.05758176
6.93000000	-0.10780210	-617.35746081	89.06921482	0.05741293
6.94000000	-0.10722881	-618.24815337	89.06929749	0.05724487
6.95000000	-0.10665720	-619.13884676	89.06937979	0.05707756
6.96000000	-0.10608725	-620.02954097	89.06946174	0.05691101
6.97000000	-0.10551897	-620.92023599	89.06954333	0.05674521
6.98000000	-0.10495235	-621.81093183	89.06962457	0.05658016
6.99000000	-0.10438737	-622.70162848	89.06970545	0.05641585
7.00000000	-0.10382403	-623.59232594	89.06978599	0.05625227
7.01000000	-0.10326232	-624.48302420	89.06986617	0.05608942
7.02000000	-0.10270224	-625.37372326	89.06994602	0.05592730
7.03000000	-0.10214377	-626.26442312	89.07002551	0.05576590
7.04000000	-0.10158692	-627.15512377	89.07010467	0.05560521
7.05000000	-0.10103166	-628.04582521	89.07018348	0.05544523
7.06000000	-0.10047801	-628.93652744	89.07026196	0.05528595
7.07000000	-0.09992594	-629.82723045	89.07034010	0.05512738
7.08000000	-0.09937546	-630.71793424	89.07041791	0.05496950
7.09000000	-0.09882655	-631.60863881	89.07049538	0.05481232
7.10000000	-0.09827921	-632.49934415	89.07057253	0.05465582
7.11000000	-0.09773343	-633.39005026	89.07064934	0.05450000
7.12000000	-0.09718921	-634.28075714	89.07072583	0.05434486
7.13000000	-0.09664653	-635.17146477	89.07080200	0.05419040
7.14000000	-0.09610540	-636.06217317	89.07087784	0.05403660
7.15000000	-0.09556580	-636.95288233	89.07095336	0.05388346
7.16000000	-0.09502773	-637.84359224	89.07102856	0.05373099
7.17000000	-0.09449118	-638.73430290	89.07110345	0.05357917
7.18000000	-0.09395614	-639.62501431	89.07117802	0.05342800
7.19000000	-0.09342261	-640.51572646	89.07125227	0.05327748
7.20000000	-0.09289059	-641.40643935	89.07132622	0.05312760
7.21000000	-0.09236006	-642.29715298	89.07139985	0.05297837
7.22000000	-0.09183102	-643.18786735	89.07147318	0.05282976
7.23000000	-0.09130346	-644.07858245	89.07154619	0.05268179
7.24000000	-0.09077738	-644.96929827	89.07161891	0.05253444
7.25000000	-0.09025277	-645.86001482	89.07169132	0.05238771
7.26000000	-0.08972963	-646.75073210	89.07176343	0.05224161
7.27000000	-0.08920794	-647.64145009	89.07183523	0.05209612
7.28000000	-0.08868770	-648.53216880	89.07190674	0.05195124
7.29000000	-0.08816891	-649.42288822	89.07197796	0.05180696
7.30000000	-0.08765156	-650.31360836	89.07204888	0.05166329
7.31000000	-0.08713564	-651.20432920	89.07211950	0.05152022
7.32000000	-0.08662115	-652.09505075	89.07218984	0.05137775
7.33000000	-0.08610809	-652.98577300	89.07225988	0.05123586
7.34000000	-0.08559643	-653.87649594	89.07232963	0.05109457
7.35000000	-0.08508619	-654.76721959	89.07239910	0.05095386
7.36000000	-0.08457736	-655.65794393	89.07246828	0.05081373
7.37000000	-0.08406992	-656.54866895	89.07253718	0.05067418
7.38000000	-0.08356387	-657.43939467	89.07260580	0.05053520
7.39000000	-0.08305921	-658.33012107	89.07267414	0.05039680
7.40000000	-0.08255593	-659.22084815	89.07274219	0.05025896
7.41000000	-0.08205403	-660.11157591	89.07280997	0.05012168
7.42000000	-0.08155350	-661.00230435	89.07287747	0.04998497
7.43000000	-0.08105433	-661.89303346	89.07294470	0.04984881
7.44000000	-0.08055652	-662.78376324	89.07301166	0.04971321
7.45000000	-0.08006006	-663.67449369	89.07307834	0.04957815
7.46000000	-0.07956495	-664.56522481	89.07314475	0.04944365
7.47000000	-0.07907119	-665.45595659	89.07321090	0.04930968
7.48000000	-0.07857876	-666.34668902	89.07327677	0.04917626
7.49000000	-0.07808766	-667.23742212	89.07334238	0.04904338
7.50000000	-0.07759789	-668.12815587	89.07340773	0.04891103
7.51000000	-0.07710944	-669.01889027	89.07347281	0.04877921
7.52000000	-0.07662230	-669.90962533	89.07353764	0.04864792
7.53000000	-0.07613648	-670.80036103	89.07360220	0.04851715
7.54000000	-0.07565196	-671.69109737	89.07366650	0.04838691
7.55000000	-0.07516874	-672.58183436	89.07373055	0.04825718
7.56000000	-0.07468681	-673.47257198	89.07379433	0.04812797
7.57000000	-0.07420618	-674.36331024	89.07385787	0.04799928
7.58000000	-0.07372683	-675.25404914	89.07392115	0.04787109
7.59000000	-0.07324875	-676.14478866	89.07398418	0.04774341
7.60000000	-0.07277196	-677.03552882	89.07404696	0.04761624
7.61000000	-0.07229643	-677.92626960	89.07410948	0.04748957
7.62000000	-0.07182216	-678.81701101	89.07417176	0.04736339
7.63000000	-0.07134916	-679.70775304	89.07423380	0.04723771
7.64000000	-0.07087741	-680.59849568	89.07429559	0.04711253
7.65000000	-0.07040690	-681.48923895	89.07435713	0.04698783
7.66000000	-0.06993765	-682.37998282	89.07441843	0.04686363
7.67000000	-0.06946963	-683.27072731	89.07447949	0.04673990
7.68000000	-0.06900285	-684.16147241	89.07454031	0.04661666
7.69000000	-0.06853730	-685.05221812	89.07460089	0.04649390
7.70000000	-0.06807297	-685.94296443	89.07466123	0.04637161
7.71000000	-0.06760986	-686.83371134	89.07472133	0.04624980
7.72000000	-0.06714797	-687.72445886	89.07478120	0.04612846
7.73000000	-0.06668729	-688.61520697	89.07484084	0.04600759
7.74000000	-0.06622782	-689.50595567	89.07490024	0.04588719
7.75000000	-0.06576955	-690.39670497	89.07495941	0.04576725
7.76000000	-0.06531247	-691.28745486	89.07501835	0.04564777
7.77000000	-0.06485659	-692.17820534	89.07507706	0.04552875
7.78000000	-0.06440189	-693.06895640	89.07513554	0.04541018
7.79000000	-0.06394838	-693.95970805	89.07519380	0.04529207
7.80000000	-0.06349605	-694.85046028	89.07525182	0.04517441
7.81000000	-0.06304489	-695.74121308	89.07530963	0.04505720
7.82000000	-0.06259491	-696.63196647	89.07536721	0.04494043
7.83000000	-0.06214608	-697.52272043	89.07542456	0.04482411
7.84000000	-0.06169842	-698.41347496	89.07548170	0.04470823
7.85000000	-0.06125192	-699.30423006	89.07553862	0.04459279
7.86000000	-0.06080657	-700.19498573	89.07559531	0.04447779
7.87000000	-0.06036236	-701.08574197	89.07565179	0.04436322
7.88000000	-0.05991930	-701.97649876	89.07570805	0.04424909
7.89000000	-0.05947738	-702.86725613	89.07576410	0.04413538
7.90000000	-0.05903659	-703.75801405	89.07581993	0.04402211
7.91000000	-0.05859693	-704.64877252	89.07587555	0.04390925
7.92000000	-0.05815840	-705.53953156	89.07593095	0.04379683
7.93000000	-0.05772100	-706.43029114	89.07598615	0.04368482
7.94000000	-0.05728471	-707.32105128	89.07604113	0.04357323
7.95000000	-0.05684953	-708.21181196	89.07609590	0.04346206
7.96000000	-0.05641546	-709.10257320	89.07615047	0.04335130
7.97000000	-0.05598250	-709.99333497	89.07620483	0.04324096
7.98000000	-0.05555064	-710.88409729	89.07625898	0.04313102
7.99000000	-0.05511988	-711.77486015	89.07631292	0.04302149
8.00000000	-0.05469021	-712.66562355	89.07636667	0.04291237
