T	Ut	Ft	St	Ct
0.01000000	-1.96875000	-10.20234919	823.35991899	0.00000000
0.02000000	-1.96875000	-18.43594838	823.35991899	0.00000000
0.03000000	-1.96875000	-26.66954757	823.35991899	0.00000000
0.04000000	-1.96875000	-34.90314676	823.35991899	0.00000000
0.05000000	-1.96875000	-43.13674595	823.35991899	0.00000000
0.06000000	-1.96875000	-51.37034514	823.35991899	0.00000000
0.07000000	-1.96875000	-59.60394433	823.35991899	0.00000000
0.08000000	-1.96875000	-67.83754352	823.35991899	0.00000000
0.09000000	-1.96875000	-76.07114271	823.35991899	0.00000000
0.10000000	-1.96875000	-84.30474190	823.35991899	0.00000000
0.11000000	-1.96875000	-92.53834109	823.35991899	0.00000000
0.12000000	-1.96875000	-100.77194028	823.35991899	0.00000000
0.13000000	-1.96875000	-109.00553947	823.35991899	0.00000000
0.14000000	-1.96875000	-117.23913866	823.35991899	-0.00000000
0.15000000	-1.96875000	-125.47273785	823.35991899	0.00000000
0.16000000	-1.96875000	-133.70633704	823.35991899	0.00000000
0.17000000	-1.96875000	-141.93993623	823.35991899	0.00000000
0.18000000	-1.96875000	-150.17353542	823.35991899	0.00000000
0.19000000	-1.96875000	-158.40713461	823.35991899	0.00000000
0.20000000	-1.96875000	-166.64073380	823.35991899	0.00000001
0.21000000	-1.96875000	-174.87433299	823.35991899	0.00000002
0.22000000	-1.96875000	-183.10793218	823.35991900	0.00000004
0.23000000	-1.96875000	-191.34153137	823.35991900	0.00000007
0.24000000	-1.96875000	-199.57513056	823.35991900	0.00000014
0.25000000	-1.96875000	-207.80872975	823.35991901	0.00000024
0.26000000	-1.96874999	-216.04232894	823.35991902	0.00000042
0.27000000	-1.96874999	-224.27592813	823.35991904	0.00000068
0.28000000	-1.96874998	-232.50952732	823.35991907	0.00000108
0.29000000	-1.96874997	-240.74312651	823.35991912	0.00000165
0.30000000	-1.96874995	-248.97672570	823.35991919	0.00000244
0.31000000	-1.96874992	-257.21032489	823.35991929	0.00000351
0.32000000	-1.96874987	-265.44392409	823.35991942	0.00000493
0.33000000	-1.96874982	-273.67752328	823.35991960	0.00000676
0.34000000	-1.96874974	-281.91112248	823.35991983	0.00000910
0.35000000	-1.96874963	-290.14472168	823.35992014	0.00001202
0.36000000	-1.96874949	-298.37832088	823.35992052	0.00001561
0.37000000	-1.96874932	-306.61192009	823.35992101	0.00001995
0.38000000	-1.96874909	-314.84551930	823.35992161	0.00002514
0.39000000	-1.96874881	-323.07911852	823.35992234	0.00003127
0.40000000	-1.96874846	-331.31271775	823.35992322	0.00003841
0.41000000	-1.96874804	-339.54631699	823.35992427	0.00004666
0.42000000	-1.96874753	-347.77991624	823.35992550	0.00005610
0.43000000	-1.96874691	-356.01351550	823.35992694	0.00006680
0.44000000	-1.96874619	-364.24711478	823.35992861	0.00007882
0.45000000	-1.96874533	-372.48071407	823.35993053	0.00009224
0.46000000	-1.96874434	-380.71431339	823.35993272	0.00010710
0.47000000	-1.96874318	-388.94791273	823.35993520	0.00012346
0.48000000	-1.96874186	-397.18151209	823.35993798	0.00014136
0.49000000	-1.96874035	-405.41511149	823.35994109	0.00016083
0.50000000	-1.96873864	-413.64871092	823.35994455	0.00018190
0.51000000	-1.96873671	-421.88231038	823.35994837	0.00020458
0.52000000	-1.96873454	-430.11590988	823.35995258	0.00022889
0.53000000	-1.96873213	-438.34950943	823.35995718	0.00025483
0.54000000	-1.96872944	-446.58310903	823.35996220	0.00028241
0.55000000	-1.96872647	-454.81670868	823.35996765	0.00031161
0.56000000	-1.96872320	-463.05030838	823.35997354	0.00034241
0.57000000	-1.96871962	-471.28390815	823.35997988	0.00037481
0.58000000	-1.96871570	-479.51750798	823.35998669	0.00040877
0.59000000	-1.96871144	-487.75110789	823.35999398	0.00044427
0.60000000	-1.96870681	-495.98470786	823.36000175	0.00048127
0.61000000	-1.96870181	-504.21830792	823.36001002	0.00051974
0.62000000	-1.96869641	-512.45190807	823.36001880	0.00055964
0.63000000	-1.96869061	-520.68550830	823.36002808	0.00060093
0.64000000	-1.96868439	-528.91910863	823.36003788	0.00064356
0.65000000	-1.96867773	-537.15270906	823.36004819	0.00068749
0.66000000	-1.96867064	-545.38630960	823.36005903	0.00073268
0.67000000	-1.96866308	-553.61991024	823.36007040	0.00077906
0.68000000	-1.96865505	-561.85351101	823.36008229	0.00082660
0.69000000	-1.96864654	-570.08711189	823.36009471	0.00087524
0.70000000	-1.96863754	-578.32071290	823.36010766	0.00092493
0.71000000	-1.96862804	-586.55431404	823.36012113	0.00097563
0.72000000	-1.96861803	-594.78791533	823.36013514	0.00102728
0.73000000	-1.96860749	-603.02151675	823.36014967	0.00107984
0.74000000	-1.96859643	-611.25511832	823.36016472	0.00113325
0.75000000	-1.96858482	-619.48872005	823.36018030	0.00118747
0.76000000	-1.96857267	-627.72232193	823.36019639	0.00124246
0.77000000	-1.96855997	-635.95592398	823.36021299	0.00129815
0.78000000	-1.96854671	-644.18952619	823.36023010	0.00135452
0.79000000	-1.96853288	-652.42312858	823.36024772	0.00141152
0.80000000	-1.96851848	-660.65673115	823.36026584	0.00146911
0.81000000	-1.96850350	-668.89033390	823.36028445	0.00152724
0.82000000	-1.96848793	-677.12393684	823.36030354	0.00158587
0.83000000	-1.96847178	-685.35753997	823.36032312	0.00164498
0.84000000	-1.96845503	-693.59114330	823.36034318	0.00170452
0.85000000	-1.96843768	-701.82474683	823.36036371	0.00176446
0.86000000	-1.96841974	-710.05835058	823.36038470	0.00182478
0.87000000	-1.96840119	-718.29195453	823.36040614	0.00188542
0.88000000	-1.96838203	-726.52555870	823.36042804	0.00194638
0.89000000	-1.96836226	-734.75916309	823.36045037	0.00200763
0.90000000	-1.96834188	-742.99276771	823.36047315	0.00206913
0.91000000	-1.96832088	-751.22637256	823.36049635	0.00213087
0.92000000	-1.96829926	-759.45997764	823.36051998	0.00219282
0.93000000	-1.96827702	-767.69358296	823.36054402	0.00225498
0.94000000	-1.96825416	-775.92718852	823.36056847	0.00231731
0.95000000	-1.96823067	-784.16079433	823.36059332	0.00237981
0.96000000	-1.96820656	-792.39440039	823.36061857	0.00244247
0.97000000	-1.96818182	-800.62800670	823.36064421	0.00250527
0.98000000	-1.96815645	-808.86161327	823.36067022	0.00256821
0.99000000	-1.96813046	-817.09522011	823.36069662	0.00263128
1.00000000	-1.96810383	-825.32882721	823.36072338	0.00269448
1.01000000	-1.96807657	-833.56243458	823.36075050	0.00275781
1.02000000	-1.96804867	-841.79604222	823.36077799	0.00282127
1.03000000	-1.96802014	-850.02965014	823.36080582	0.00288486
1.04000000	-1.96799097	-858.26325834	823.36083400	0.00294859
1.05000000	-1.96796117	-866.49686682	823.36086252	0.00301247
1.06000000	-1.96793072	-874.73047559	823.36089138	0.00307651
1.07000000	-1.96789964	-882.96408465	823.36092057	0.00314072
1.08000000	-1.96786791	-891.19769400	823.36095008	0.00320513
1.09000000	-1.96783554	-899.43130365	823.36097992	0.00326974
1.10000000	-1.96780251	-907.66491360	823.36101008	0.00333460
1.11000000	-1.96776884	-915.89852385	823.36104055	0.00339971
1.12000000	-1.96773452	-924.13213441	823.36107133	0.00346511
1.13000000	-1.96769954	-932.36574528	823.36110242	0.00353083
1.14000000	-1.96766390	-940.59935646	823.36113382	0.00359690
1.15000000	-1.96762760	-948.83296796	823.36116553	0.00366337
1.16000000	-1.96759063	-957.06657977	823.36119753	0.00373028
1.17000000	-1.96755299	-965.30019191	823.36122984	0.00379767
1.18000000	-1.96751468	-973.53380437	823.36126245	0.00386559
1.19000000	-1.96747568	-981.76741716	823.36129536	0.00393410
1.20000000	-1.96743599	-990.00103028	823.36132857	0.00400325
1.21000000	-1.96739561	-998.23464373	823.36136208	0.00407311
1.22000000	-1.96735453	-1006.46825752	823.36139590	0.00414374
1.23000000	-1.96731273	-1014.70187165	823.36143001	0.00421523
1.24000000	-1.96727022	-1022.93548612	823.36146444	0.00428763
1.25000000	-1.96722698	-1031.16910094	823.36149917	0.00436104
1.26000000	-1.96718300	-1039.40271611	823.36153421	0.00443555
1.27000000	-1.96713826	-1047.63633163	823.36156958	0.00451126
1.28000000	-1.96709277	-1055.86994750	823.36160526	0.00458826
1.29000000	-1.96704649	-1064.10356373	823.36164127	0.00466666
1.30000000	-1.96699943	-1072.33718033	823.36167761	0.00474658
1.31000000	-1.96695156	-1080.57079728	823.36171430	0.00482816
1.32000000	-1.96690286	-1088.80441461	823.36175133	0.00491151
1.33000000	-1.96685332	-1097.03803231	823.36178872	0.00499680
1.34000000	-1.96680292	-1105.27165039	823.36182647	0.00508416
1.35000000	-1.96675163	-1113.50526884	823.36186460	0.00517378
1.36000000	-1.96669943	-1121.73888768	823.36190312	0.00526583
1.37000000	-1.96664630	-1129.97250691	823.36194205	0.00536051
1.38000000	-1.96659221	-1138.20612652	823.36198138	0.00545801
1.39000000	-1.96653713	-1146.43974654	823.36202115	0.00555857
1.40000000	-1.96648103	-1154.67336695	823.36206137	0.00566243
1.41000000	-1.96642387	-1162.90698777	823.36210205	0.00576986
1.42000000	-1.96636562	-1171.14060899	823.36214322	0.00588112
1.43000000	-1.96630624	-1179.37423063	823.36218489	0.00599655
1.44000000	-1.96624567	-1187.60785269	823.36222709	0.00611646
1.45000000	-1.96618389	-1195.84147518	823.36226985	0.00624122
1.46000000	-1.96612083	-1204.07509809	823.36231319	0.00637124
1.47000000	-1.96605645	-1212.30872144	823.36235714	0.00650694
1.48000000	-1.96599067	-1220.54234523	823.36240173	0.00664880
1.49000000	-1.96592345	-1228.77596948	823.36244700	0.00679733
1.50000000	-1.96585470	-1237.00959418	823.36249298	0.00695311
1.51000000	-1.96578436	-1245.24321934	823.36253972	0.00711678
1.52000000	-1.96571234	-1253.47684497	823.36258726	0.00728901
1.53000000	-1.96563855	-1261.71047109	823.36263565	0.00747059
1.54000000	-1.96556289	-1269.94409769	823.36268493	0.00766235
1.55000000	-1.96548526	-1278.17772479	823.36273518	0.00786526
1.56000000	-1.96540555	-1286.41135240	823.36278644	0.00808036
1.57000000	-1.96532361	-1294.64498052	823.36283880	0.00830883
1.58000000	-1.96523932	-1302.87860918	823.36289231	0.00855200
1.59000000	-1.96515252	-1311.11223837	823.36294708	0.00881135
1.60000000	-1.96506303	-1319.34586812	823.36300318	0.00908857
1.61000000	-1.96497068	-1327.57949844	823.36306072	0.00938554
1.62000000	-1.96487525	-1335.81312934	823.36311981	0.00970443
1.63000000	-1.96477651	-1344.04676084	823.36318057	0.01004767
1.64000000	-1.96467421	-1352.28039296	823.36324314	0.01041806
1.65000000	-1.96456805	-1360.51402571	823.36330767	0.01081881
1.66000000	-1.96445772	-1368.74765912	823.36337434	0.01125359
1.67000000	-1.96434285	-1376.98129321	823.36344333	0.01172663
1.68000000	-1.96422304	-1385.21492800	823.36351485	0.01224284
1.69000000	-1.96409783	-1393.44856351	823.36358916	0.01280788
1.70000000	-1.96396670	-1401.68219979	823.36366652	0.01342837
1.71000000	-1.96382905	-1409.91583685	823.36374725	0.01411199
1.72000000	-1.96368422	-1418.14947475	823.36383170	0.01486776
1.73000000	-1.96353142	-1426.38311350	823.36392028	0.01570625
1.74000000	-1.96336978	-1434.61675317	823.36401344	0.01663989
1.75000000	-1.96319826	-1442.85039379	823.36411173	0.01768336
1.76000000	-1.96301569	-1451.08403542	823.36421576	0.01885399
1.77000000	-1.96282069	-1459.31767813	823.36432624	0.02017239
1.78000000	-1.96261166	-1467.55132197	823.36444399	0.02166302
1.79000000	-1.96238676	-1475.78496703	823.36456999	0.02335505
1.80000000	-1.96214378	-1484.01861340	823.36470535	0.02528332
1.81000000	-1.96188016	-1492.25226118	823.36485139	0.02748956
1.82000000	-1.96159289	-1500.48591047	823.36500966	0.03002381
1.83000000	-1.96127840	-1508.71956141	823.36518198	0.03294625
1.84000000	-1.96093244	-1516.95321416	823.36537050	0.03632931
1.85000000	-1.96054998	-1525.18686889	823.36557779	0.04026040
1.86000000	-1.96012505	-1533.42052579	823.36580685	0.04484508
1.87000000	-1.95965048	-1541.65418511	823.36606130	0.05021101
1.88000000	-1.95911771	-1549.88784712	823.36634543	0.05651276
1.89000000	-1.95851649	-1558.12151213	823.36666436	0.06393756
1.90000000	-1.95783447	-1566.35518054	823.36702425	0.07271230
1.91000000	-1.95705683	-1574.58885278	823.36743243	0.08311189
1.92000000	-1.95616571	-1582.82252938	823.36789774	0.09546921
1.93000000	-1.95513959	-1591.05621096	823.36843076	0.11018682
1.94000000	-1.95395250	-1599.28989826	823.36904421	0.12775054
1.95000000	-1.95257316	-1607.52359216	823.36975334	0.14874490
1.96000000	-1.95096385	-1615.75729371	823.37057646	0.17387019
1.97000000	-1.94907922	-1623.99100414	823.37153550	0.20396054
1.98000000	-1.94686482	-1632.22472496	823.37265664	0.24000178
1.99000000	-1.94425552	-1640.45845792	823.37397105	0.28314702
2.00000000	-1.94117378	-1648.69220515	823.37551568	0.33472649
2.01000000	-1.93752787	-1656.92596915	823.37733397	0.39624662
2.02000000	-1.93321018	-1665.15975290	823.37947659	0.46937077
2.03000000	-1.92809587	-1673.39355995	823.38200201	0.55587184
2.04000000	-1.92204217	-1681.62739444	823.38497661	0.65754383
2.05000000	-1.91488882	-1689.86126123	823.38847435	0.77605839
2.06000000	-1.90646033	-1698.09516594	823.39257554	0.91275241
2.07000000	-1.89657069	-1706.32911503	823.39736442	1.06833885
2.08000000	-1.88503133	-1714.56311580	823.40292523	1.24254584
2.09000000	-1.87166304	-1722.79717637	823.40933652	1.43371210
2.10000000	-1.85631179	-1731.03130559	823.41666372	1.63840034
2.11000000	-1.83886800	-1739.26551285	823.42495016	1.85112741
2.12000000	-1.81928743	-1747.49980783	823.43420774	2.06433865
2.13000000	-1.79761045	-1755.73420015	823.44440831	2.26875141
2.14000000	-1.77397584	-1763.96869890	823.45547807	2.45413872
2.15000000	-1.74862457	-1772.20331221	823.46729658	2.61051098
2.16000000	-1.72189054	-1780.43804679	823.47970197	2.72950707
2.17000000	-1.69417759	-1788.67290757	823.49250230	2.80568425
2.18000000	-1.66592561	-1796.90789747	823.50549168	2.83736733
2.19000000	-1.63757140	-1805.14301736	823.51846848	2.82681883
2.20000000	-1.60951142	-1813.37826619	823.53125217	2.77969193
2.21000000	-1.58207308	-1821.61364126	823.54369601	2.70394234
2.22000000	-1.55549816	-1829.84913862	823.55569390	2.60850877
2.23000000	-1.52993941	-1838.08475344	823.56718118	2.50208115
2.24000000	-1.50546791	-1846.32048045	823.57813059	2.39218208
2.25000000	-1.48208767	-1854.55631426	823.58854515	2.28465060
2.26000000	-1.45975344	-1862.79224965	823.59844965	2.18349963
2.27000000	-1.43838852	-1871.02828168	823.60788245	2.09104964
2.28000000	-1.41790026	-1879.26440587	823.61688843	2.00822286
2.29000000	-1.39819231	-1887.50061818	823.62551348	1.93489844
2.30000000	-1.37917330	-1895.73691502	823.63380075	1.87025854
2.31000000	-1.36076223	-1903.97329320	823.64178830	1.81308624
2.32000000	-1.34289129	-1912.20974989	823.64950802	1.76199919
2.33000000	-1.32550657	-1920.44628255	823.65698540	1.71561854
2.34000000	-1.30856746	-1928.68288886	823.66423991	1.67268051
2.35000000	-1.29204512	-1936.91956666	823.67128576	1.63210125
2.36000000	-1.27592051	-1945.15631391	823.67813279	1.59300614
2.37000000	-1.26018228	-1953.39312867	823.68478751	1.55473348
2.38000000	-1.24482466	-1961.63000903	823.69125394	1.51682093
2.39000000	-1.22984563	-1969.86695313	823.69753452	1.47898143
2.40000000	-1.21524528	-1978.10395911	823.70363076	1.44107373
2.41000000	-1.20102448	-1986.34102513	823.70954384	1.40307145
2.42000000	-1.18718397	-1994.57814938	823.71527496	1.36503310
2.43000000	-1.17372356	-2002.81533003	823.72082571	1.32707509
2.44000000	-1.16064170	-2011.05256530	823.72619820	1.28934850
2.45000000	-1.14793526	-2019.28985341	823.73139516	1.25202020
2.46000000	-1.13559941	-2027.52719263	823.73642001	1.21525816
2.47000000	-1.12362768	-2035.76458125	823.74127675	1.17922073
2.48000000	-1.11201211	-2044.00201762	823.74596996	1.14404942
2.49000000	-1.10074340	-2052.23950012	823.75050471	1.10986457
2.50000000	-1.08981120	-2060.47702720	823.75488640	1.07676328
2.51000000	-1.07920428	-2068.71459736	823.75912075	1.04481923
2.52000000	-1.06891078	-2076.95220915	823.76321364	1.01408362
2.53000000	-1.05891847	-2085.18986118	823.76717103	0.98458701
2.54000000	-1.04921487	-2093.42755213	823.77099892	0.95634169
2.55000000	-1.03978748	-2101.66528075	823.77470324	0.92934420
2.56000000	-1.03062388	-2109.90304581	823.77828981	0.90357795
2.57000000	-1.02171190	-2118.14084617	823.78176431	0.87901573
2.58000000	-1.01303967	-2126.37868074	823.78513220	0.85562201
2.59000000	-1.00459571	-2134.61654847	823.78839875	0.83335500
2.60000000	-0.99636897	-2142.85444839	823.79156901	0.81216847
2.61000000	-0.98834890	-2151.09237955	823.79464776	0.79201330
2.62000000	-0.98052544	-2159.33034106	823.79763955	0.77283874
2.63000000	-0.97288903	-2167.56833207	823.80054868	0.75459349
2.64000000	-0.96543064	-2175.80635177	823.80337922	0.73722655
2.65000000	-0.95814174	-2184.04439940	823.80613497	0.72068783
2.66000000	-0.95101428	-2192.28247423	823.80881953	0.70492870
2.67000000	-0.94404072	-2200.52057557	823.81143627	0.68990232
2.68000000	-0.93721394	-2208.75870274	823.81398836	0.67556391
2.69000000	-0.93052729	-2216.99685513	823.81647875	0.66187089
2.70000000	-0.92397451	-2225.23503212	823.81891023	0.64878302
2.71000000	-0.91754974	-2233.47323314	823.82128539	0.63626237
2.72000000	-0.91124749	-2241.71145765	823.82360668	0.62427333
2.73000000	-0.90506261	-2249.94970511	823.82587637	0.61278257
2.74000000	-0.89899028	-2258.18797501	823.82809662	0.60175898
2.75000000	-0.89302597	-2266.42626688	823.83026942	0.59117352
2.76000000	-0.88716544	-2274.66458025	823.83239667	0.58099920
2.77000000	-0.88140470	-2282.90291467	823.83448013	0.57121090
2.78000000	-0.87574001	-2291.14126971	823.83652147	0.56178530
2.79000000	-0.87016786	-2299.37964496	823.83852226	0.55270076
2.80000000	-0.86468493	-2307.61804002	823.84048396	0.54393719
2.81000000	-0.85928811	-2315.85645451	823.84240797	0.53547594
2.82000000	-0.85397446	-2324.09488806	823.84429560	0.52729975
2.83000000	-0.84874122	-2332.33334031	823.84614809	0.51939255
2.84000000	-0.84358576	-2340.57181091	823.84796660	0.51173949
2.85000000	-0.83850563	-2348.81029953	823.84975225	0.50432672
2.86000000	-0.83349847	-2357.04880585	823.85150608	0.49714143
2.87000000	-0.82856208	-2365.28732955	823.85322908	0.49017168
2.88000000	-0.82369435	-2373.52587033	823.85492221	0.48340637
2.89000000	-0.81889330	-2381.76442790	823.85658637	0.47683518
2.90000000	-0.81415704	-2390.00300197	823.85822239	0.47044849
2.91000000	-0.80948375	-2398.24159226	823.85983110	0.46423733
2.92000000	-0.80487173	-2406.48019850	823.86141328	0.45819333
2.93000000	-0.80031935	-2414.71882043	823.86296965	0.45230867
2.94000000	-0.79582505	-2422.95745781	823.86450094	0.44657605
2.95000000	-0.79138735	-2431.19611037	823.86600781	0.44098862
2.96000000	-0.78700482	-2439.43477789	823.86749090	0.43553998
2.97000000	-0.78267610	-2447.67346011	823.86895084	0.43022412
2.98000000	-0.77839991	-2455.91215683	823.87038823	0.42503540
2.99000000	-0.77417499	-2464.15086780	823.87180362	0.41996853
3.00000000	-0.77000015	-2472.38959283	823.87319756	0.41501852
3.01000000	-0.76587425	-2480.62833169	823.87457058	0.41018068
3.02000000	-0.76179618	-2488.86708417	823.87592318	0.40545060
3.03000000	-0.75776489	-2497.10585008	823.87725584	0.40082411
3.04000000	-0.75377936	-2505.34462922	823.87856903	0.39629729
3.05000000	-0.74983862	-2513.58342140	823.87986321	0.39186640
3.06000000	-0.74594173	-2521.82222643	823.88113879	0.38752795
3.07000000	-0.74208777	-2530.06104412	823.88239620	0.38327860
3.08000000	-0.73827587	-2538.29987429	823.88363585	0.37911522
3.09000000	-0.73450519	-2546.53871677	823.88485812	0.37503481
3.10000000	-0.73077490	-2554.77757140	823.88606338	0.37103456
3.11000000	-0.72708424	-2563.01643799	823.88725201	0.36711176
3.12000000	-0.72343242	-2571.25531638	823.88842435	0.36326388
3.13000000	-0.71981872	-2579.49420642	823.88958074	0.35948849
3.14000000	-0.71624242	-2587.73310794	823.89072151	0.35578327
3.15000000	-0.71270283	-2595.97202080	823.89184698	0.35214604
3.16000000	-0.70919928	-2604.21094483	823.89295746	0.34857471
3.17000000	-0.70573112	-2612.44987990	823.89405324	0.34506727
3.18000000	-0.70229772	-2620.68882585	823.89513463	0.34162183
3.19000000	-0.69889848	-2628.92778255	823.89620190	0.33823658
3.20000000	-0.69553280	-2637.16674984	823.89725533	0.33490977
3.21000000	-0.69220010	-2645.40572761	823.89829517	0.33163976
3.22000000	-0.68889982	-2653.64471570	823.89932170	0.32842496
3.23000000	-0.68563142	-2661.88371400	823.90033516	0.32526386
3.24000000	-0.68239437	-2670.12272236	823.90133580	0.32215501
3.25000000	-0.67918815	-2678.36174067	823.90232385	0.31909702
3.26000000	-0.67601226	-2686.60076880	823.90329955	0.31608856
3.27000000	-0.67286622	-2694.83980662	823.90426312	0.31312834
3.28000000	-0.66974954	-2703.07885402	823.90521478	0.31021516
3.29000000	-0.66666176	-2711.31791088	823.90615475	0.30734783
3.30000000	-0.66360243	-2719.55697708	823.90708323	0.30452522
3.31000000	-0.66057111	-2727.79605251	823.90800042	0.30174624
3.32000000	-0.65756736	-2736.03513705	823.90890653	0.29900986
3.33000000	-0.65459077	-2744.27423060	823.90980175	0.29631507
3.34000000	-0.65164093	-2752.51333305	823.91068626	0.29366089
3.35000000	-0.64871742	-2760.75244429	823.91156026	0.29104640
3.36000000	-0.64581987	-2768.99156422	823.91242391	0.28847070
3.37000000	-0.64294788	-2777.23069273	823.91327740	0.28593292
3.38000000	-0.64010109	-2785.46982973	823.91412090	0.28343222
3.39000000	-0.63727912	-2793.70897512	823.91495457	0.28096780
3.40000000	-0.63448161	-2801.94812879	823.91577858	0.27853888
3.41000000	-0.63170823	-2810.18729066	823.91659309	0.27614469
3.42000000	-0.62895861	-2818.42646062	823.91739825	0.27378451
3.43000000	-0.62623242	-2826.66563859	823.91819422	0.27145764
3.44000000	-0.62352935	-2834.90482448	823.91898114	0.26916338
3.45000000	-0.62084905	-2843.14401819	823.91975917	0.26690107
3.46000000	-0.61819122	-2851.38321963	823.92052844	0.26467008
3.47000000	-0.61555555	-2859.62242873	823.92128910	0.26246977
3.48000000	-0.61294172	-2867.86164539	823.92204128	0.26029954
3.49000000	-0.61034946	-2876.10086953	823.92278512	0.25815881
3.50000000	-0.60777845	-2884.34010106	823.92352075	0.25604700
3.51000000	-0.60522842	-2892.57933991	823.92424829	0.25396355
3.52000000	-0.60269909	-2900.81858600	823.92496787	0.25190794
3.53000000	-0.60019017	-2909.05783924	823.92567962	0.24987962
3.54000000	-0.59770141	-2917.29709957	823.92638366	0.24787809
3.55000000	-0.59523252	-2925.53636689	823.92708010	0.24590286
3.56000000	-0.59278326	-2933.77564114	823.92776907	0.24395343
3.57000000	-0.59035337	-2942.01492225	823.92845067	0.24202934
3.58000000	-0.58794259	-2950.25421013	823.92912501	0.24013012
3.59000000	-0.58555069	-2958.49350473	823.92979221	0.23825533
3.60000000	-0.58317741	-2966.73280595	823.93045237	0.23640452
3.61000000	-0.58082252	-2974.97211375	823.93110560	0.23457727
3.62000000	-0.57848578	-2983.21142804	823.93175201	0.23277316
3.63000000	-0.57616698	-2991.45074877	823.93239168	0.23099179
3.64000000	-0.57386587	-2999.69007586	823.93302472	0.22923274
3.65000000	-0.57158225	-3007.92940924	823.93365123	0.22749564
3.66000000	-0.56931589	-3016.16874886	823.93427130	0.22578010
3.67000000	-0.56706658	-3024.40809465	823.93488503	0.22408576
3.68000000	-0.56483410	-3032.64744654	823.93549251	0.22241224
3.69000000	-0.56261826	-3040.88680447	823.93609382	0.22075918
3.70000000	-0.56041885	-3049.12616839	823.93668906	0.21912625
3.71000000	-0.55823567	-3057.36553824	823.93727832	0.21751310
3.72000000	-0.55606853	-3065.60491394	823.93786167	0.21591939
3.73000000	-0.55391722	-3073.84429545	823.93843920	0.21434480
3.74000000	-0.55178157	-3082.08368271	823.93901100	0.21278901
3.75000000	-0.54966138	-3090.32307565	823.93957714	0.21125170
3.76000000	-0.54755647	-3098.56247423	823.94013770	0.20973256
3.77000000	-0.54546667	-3106.80187839	823.94069276	0.20823130
3.78000000	-0.54339179	-3115.04128807	823.94124240	0.20674762
3.79000000	-0.54133166	-3123.28070322	823.94178669	0.20528123
3.80000000	-0.53928611	-3131.52012378	823.94232570	0.20383184
3.81000000	-0.53725497	-3139.75954971	823.94285951	0.20239919
3.82000000	-0.53523807	-3147.99898096	823.94338819	0.20098298
3.83000000	-0.53323525	-3156.23841746	823.94391180	0.19958297
3.84000000	-0.53124636	-3164.47785918	823.94443042	0.19819888
3.85000000	-0.52927122	-3172.71730605	823.94494411	0.19683046
3.86000000	-0.52730970	-3180.95675804	823.94545294	0.19547746
3.87000000	-0.52536162	-3189.19621510	823.94595697	0.19413963
3.88000000	-0.52342685	-3197.43567717	823.94645627	0.19281673
3.89000000	-0.52150524	-3205.67514421	823.94695089	0.19150852
3.90000000	-0.51959664	-3213.91461617	823.94744091	0.19021476
3.91000000	-0.51770090	-3222.15409301	823.94792637	0.18893523
3.92000000	-0.51581788	-3230.39357468	823.94840735	0.18766971
3.93000000	-0.51394746	-3238.63306114	823.94888389	0.18641797
3.94000000	-0.51208948	-3246.87255234	823.94935606	0.18517980
3.95000000	-0.51024382	-3255.11204825	823.94982391	0.18395498
3.96000000	-0.50841034	-3263.35154881	823.95028749	0.18274331
3.97000000	-0.50658891	-3271.59105398	823.95074687	0.18154459
3.98000000	-0.50477940	-3279.83056373	823.95120209	0.18035860
3.99000000	-0.50298169	-3288.07007801	823.95165321	0.17918517
4.00000000	-0.50119566	-3296.30959678	823.95210028	0.17802409
4.01000000	-0.49942117	-3304.54912000	823.95254335	0.17687518
4.02000000	-0.49765811	-3312.78864764	823.95298247	0.17573825
4.03000000	-0.49590637	-3321.02817964	823.95341769	0.17461312
4.04000000	-0.49416581	-3329.26771598	823.95384905	0.17349961
4.05000000	-0.49243634	-3337.50725661	823.95427661	0.17239754
4.06000000	-0.49071782	-3345.74680150	823.95470041	0.17130675
4.07000000	-0.48901016	-3353.98635060	823.95512050	0.17022707
4.08000000	-0.48731325	-3362.22590389	823.95553692	0.16915832
4.09000000	-0.48562696	-3370.46546133	823.95594972	0.16810035
4.10000000	-0.48395120	-3378.70502288	823.95635894	0.16705300
4.11000000	-0.48228587	-3386.94458850	823.95676463	0.16601612
4.12000000	-0.48063085	-3395.18415816	823.95716682	0.16498954
4.13000000	-0.47898604	-3403.42373182	823.95756556	0.16397312
4.14000000	-0.47735135	-3411.66330946	823.95796090	0.16296671
4.15000000	-0.47572668	-3419.90289103	823.95835286	0.16197017
4.16000000	-0.47411192	-3428.14247650	823.95874149	0.16098336
4.17000000	-0.47250698	-3436.38206585	823.95912683	0.16000612
4.18000000	-0.47091176	-3444.62165903	823.95950892	0.15903834
4.19000000	-0.46932618	-3452.86125602	823.95988779	0.15807987
4.20000000	-0.46775013	-3461.10085677	823.96026349	0.15713059
4.21000000	-0.46618354	-3469.34046127	823.96063604	0.15619035
4.22000000	-0.46462630	-3477.58006948	823.96100549	0.15525905
4.23000000	-0.46307833	-3485.81968137	823.96137188	0.15433654
4.24000000	-0.46153954	-3494.05929691	823.96173523	0.15342272
4.25000000	-0.46000984	-3502.29891607	823.96209558	0.15251746
4.26000000	-0.45848916	-3510.53853881	823.96245297	0.15162064
4.27000000	-0.45697740	-3518.77816512	823.96280743	0.15073214
4.28000000	-0.45547449	-3527.01779495	823.96315899	0.14985186
4.29000000	-0.45398034	-3535.25742829	823.96350768	0.14897968
4.30000000	-0.45249487	-3543.49706510	823.96385354	0.14811550
4.31000000	-0.45101800	-3551.73670535	823.96419660	0.14725920
4.32000000	-0.44954966	-3559.97634902	823.96453689	0.14641069
4.33000000	-0.44808976	-3568.21599608	823.96487444	0.14556985
4.34000000	-0.44663824	-3576.45564650	823.96520928	0.14473659
4.35000000	-0.44519501	-3584.69530026	823.96554144	0.14391081
4.36000000	-0.44376000	-3592.93495732	823.96587095	0.14309240
4.37000000	-0.44233313	-3601.17461767	823.96619783	0.14228128
4.38000000	-0.44091435	-3609.41428127	823.96652213	0.14147735
4.39000000	-0.43950356	-3617.65394810	823.96684386	0.14068052
4.40000000	-0.43810071	-3625.89361814	823.96716305	0.13989069
4.41000000	-0.43670573	-3634.13329135	823.96747973	0.13910778
4.42000000	-0.43531853	-3642.37296772	823.96779393	0.13833170
4.43000000	-0.43393907	-3650.61264722	823.96810568	0.13756237
4.44000000	-0.43256726	-3658.85232983	823.96841499	0.13679969
4.45000000	-0.43120305	-3667.09201551	823.96872190	0.13604359
4.46000000	-0.42984637	-3675.33170426	823.96902643	0.13529399
4.47000000	-0.42849715	-3683.57139604	823.96932861	0.13455080
4.48000000	-0.42715533	-3691.81109082	823.96962846	0.13381394
4.49000000	-0.42582085	-3700.05078860	823.96992600	0.13308335
4.50000000	-0.42449365	-3708.29048934	823.97022126	0.13235893
4.51000000	-0.42317365	-3716.53019301	823.97051427	0.13164063
4.52000000	-0.42186081	-3724.76989961	823.97080504	0.13092836
4.53000000	-0.42055507	-3733.00960911	823.97109361	0.13022205
4.54000000	-0.41925635	-3741.24932148	823.97137998	0.12952163
4.55000000	-0.41796461	-3749.48903670	823.97166419	0.12882704
4.56000000	-0.41667979	-3757.72875475	823.97194626	0.12813820
4.57000000	-0.41540183	-3765.96847562	823.97222621	0.12745505
4.58000000	-0.41413067	-3774.20819927	823.97250406	0.12677751
4.59000000	-0.41286626	-3782.44792569	823.97277983	0.12610553
4.60000000	-0.41160854	-3790.68765486	823.97305355	0.12543904
4.61000000	-0.41035746	-3798.92738676	823.97332523	0.12477798
4.62000000	-0.40911297	-3807.16712136	823.97359489	0.12412229
4.63000000	-0.40787500	-3815.40685865	823.97386256	0.12347190
4.64000000	-0.40664351	-3823.64659860	823.97412825	0.12282675
4.65000000	-0.40541845	-3831.88634121	823.97439199	0.12218679
4.66000000	-0.40419976	-3840.12608644	823.97465379	0.12155196
4.67000000	-0.40298739	-3848.36583428	823.97491368	0.12092220
4.68000000	-0.40178130	-3856.60558470	823.97517167	0.12029745
4.69000000	-0.40058143	-3864.84533770	823.97542778	0.11967766
4.70000000	-0.39938773	-3873.08509325	823.97568203	0.11906278
4.71000000	-0.39820015	-3881.32485134	823.97593443	0.11845275
4.72000000	-0.39701866	-3889.56461194	823.97618502	0.11784751
4.73000000	-0.39584319	-3897.80437503	823.97643379	0.11724702
4.74000000	-0.39467370	-3906.04414061	823.97668078	0.11665123
4.75000000	-0.39351015	-3914.28390864	823.97692600	0.11606008
4.76000000	-0.39235248	-3922.52367912	823.97716946	0.11547352
4.77000000	-0.39120066	-3930.76345203	823.97741119	0.11489151
4.78000000	-0.39005464	-3939.00322734	823.97765119	0.11431400
4.79000000	-0.38891437	-3947.24300504	823.97788949	0.11374094
4.80000000	-0.38777981	-3955.48278512	823.97812611	0.11317228
4.81000000	-0.38665091	-3963.72256756	823.97836105	0.11260798
4.82000000	-0.38552763	-3971.96235234	823.97859434	0.11204799
4.83000000	-0.38440993	-3980.20213944	823.97882598	0.11149226
4.84000000	-0.38329777	-3988.44192885	823.97905601	0.11094076
4.85000000	-0.38219111	-3996.68172056	823.97928442	0.11039344
4.86000000	-0.38108989	-4004.92151454	823.97951124	0.10985025
4.87000000	-0.37999409	-4013.16131078	823.97973649	0.10931116
4.88000000	-0.37890365	-4021.40110926	823.97996017	0.10877612
4.89000000	-0.37781855	-4029.64090997	823.98018230	0.10824509
4.90000000	-0.37673874	-4037.88071290	823.98040289	0.10771803
4.91000000	-0.37566418	-4046.12051803	823.98062197	0.10719491
4.92000000	-0.37459483	-4054.36032534	823.98083953	0.10667567
4.93000000	-0.37353065	-4062.60013481	823.98105561	0.10616029
4.94000000	-0.37247161	-4070.83994644	823.98127021	0.10564872
4.95000000	-0.37141766	-4079.07976021	823.98148334	0.10514092
4.96000000	-0.37036878	-4087.31957610	823.98169503	0.10463687
4.97000000	-0.36932491	-4095.55939411	823.98190527	0.10413651
4.98000000	-0.36828604	-4103.79921421	823.98211409	0.10363982
4.99000000	-0.36725211	-4112.03903638	823.98232150	0.10314676
5.00000000	-0.36622309	-4120.27886063	823.98252751	0.10265730
5.01000000	-0.36519895	-4128.51868693	823.98273213	0.10217139
5.02000000	-0.36417965	-4136.75851527	823.98293538	0.10168901
5.03000000	-0.36316516	-4144.99834563	823.98313727	0.10121012
5.04000000	-0.36215543	-4153.23817801	823.98333781	0.10073468
5.05000000	-0.36115045	-4161.47801239	823.98353702	0.10026267
5.06000000	-0.36015017	-4169.71784875	823.98373490	0.09979405
5.07000000	-0.35915456	-4177.95768708	823.98393146	0.09932879
5.08000000	-0.35816358	-4186.19752737	823.98412673	0.09886685
5.09000000	-0.35717721	-4194.43736961	823.98432071	0.09840821
5.10000000	-0.35619541	-4202.67721378	823.98451341	0.09795283
5.11000000	-0.35521814	-4210.91705987	823.98470484	0.09750069
5.12000000	-0.35424538	-4219.15690787	823.98489502	0.09705174
5.13000000	-0.35327710	-4227.39675777	823.98508395	0.09660597
5.14000000	-0.35231325	-4235.63660955	823.98527165	0.09616334
5.15000000	-0.35135382	-4243.87646320	823.98545813	0.09572382
5.16000000	-0.35039877	-4252.11631871	823.98564340	0.09528739
5.17000000	-0.34944806	-4260.35617606	823.98582747	0.09485401
5.18000000	-0.34850168	-4268.59603525	823.98601034	0.09442366
5.19000000	-0.34755958	-4276.83589626	823.98619204	0.09399631
5.20000000	-0.34662174	-4285.07575909	823.98637257	0.09357193
5.21000000	-0.34568813	-4293.31562371	823.98655194	0.09315049
5.22000000	-0.34475872	-4301.55549012	823.98673015	0.09273197
5.23000000	-0.34383348	-4309.79535831	823.98690723	0.09231634
5.24000000	-0.34291238	-4318.03522826	823.98708318	0.09190358
5.25000000	-0.34199540	-4326.27509997	823.98725801	0.09149365
5.26000000	-0.34108250	-4334.51497342	823.98743173	0.09108653
5.27000000	-0.34017366	-4342.75484860	823.98760435	0.09068220
5.28000000	-0.33926885	-4350.99472550	823.98777588	0.09028063
5.29000000	-0.33836804	-4359.23460412	823.98794633	0.08988180
5.30000000	-0.33747120	-4367.47448443	823.98811570	0.08948568
5.31000000	-0.33657832	-4375.71436643	823.98828401	0.08909225
5.32000000	-0.33568935	-4383.95425010	823.98845127	0.08870148
5.33000000	-0.33480428	-4392.19413545	823.98861748	0.08831334
5.34000000	-0.33392307	-4400.43402245	823.98878265	0.08792783
5.35000000	-0.33304571	-4408.67391110	823.98894680	0.08754491
5.36000000	-0.33217217	-4416.91380138	823.98910993	0.08716455
5.37000000	-0.33130241	-4425.15369329	823.98927204	0.08678674
5.38000000	-0.33043642	-4433.39358682	823.98943316	0.08641146
5.39000000	-0.32957418	-4441.63348195	823.98959328	0.08603868
5.40000000	-0.32871564	-4449.87337868	823.98975241	0.08566838
5.41000000	-0.32786080	-4458.11327700	823.98991057	0.08530053
5.42000000	-0.32700962	-4466.35317689	823.99006776	0.08493512
5.43000000	-0.32616209	-4474.59307835	823.99022399	0.08457213
5.44000000	-0.32531817	-4482.83298137	823.99037926	0.08421153
5.45000000	-0.32447785	-4491.07288593	823.99053359	0.08385331
5.46000000	-0.32364110	-4499.31279204	823.99068698	0.08349743
5.47000000	-0.32280789	-4507.55269967	823.99083945	0.08314389
5.48000000	-0.32197821	-4515.79260882	823.99099099	0.08279266
5.49000000	-0.32115203	-4524.03251949	823.99114161	0.08244372
5.50000000	-0.32032933	-4532.27243165	823.99129133	0.08209705
5.51000000	-0.31951009	-4540.51234531	823.99144015	0.08175263
5.52000000	-0.31869427	-4548.75226045	823.99158808	0.08141045
5.53000000	-0.31788187	-4556.99217707	823.99173512	0.08107048
5.54000000	-0.31707285	-4565.23209515	823.99188128	0.08073271
5.55000000	-0.31626721	-4573.47201469	823.99202657	0.08039711
5.56000000	-0.31546491	-4581.71193568	823.99217100	0.08006367
5.57000000	-0.31466593	-4589.95185811	823.99231457	0.07973236
5.58000000	-0.31387025	-4598.19178197	823.99245730	0.07940318
5.59000000	-0.31307786	-4606.43170725	823.99259918	0.07907610
5.60000000	-0.31228872	-4614.67163395	823.99274022	0.07875110
5.61000000	-0.31150283	-4622.91156205	823.99288043	0.07842817
5.62000000	-0.31072015	-4631.15149156	823.99301982	0.07810729
5.63000000	-0.30994067	-4639.39142245	823.99315840	0.07778845
5.64000000	-0.30916438	-4647.63135472	823.99329616	0.07747161
5.65000000	-0.30839124	-4655.87128837	823.99343312	0.07715678
5.66000000	-0.30762123	-4664.11122338	823.99356928	0.07684393
5.67000000	-0.30685435	-4672.35115975	823.99370466	0.07653304
5.68000000	-0.30609057	-4680.59109747	823.99383924	0.07622410
5.69000000	-0.30532986	-4688.83103653	823.99397305	0.07591709
5.70000000	-0.30457222	-4697.07097693	823.99410609	0.07561200
5.71000000	-0.30381762	-4705.31091865	823.99423836	0.07530881
5.72000000	-0.30306604	-4713.55086169	823.99436987	0.07500750
5.73000000	-0.30231746	-4721.79080605	823.99450063	0.07470806
5.74000000	-0.30157187	-4730.03075170	823.99463063	0.07441048
5.75000000	-0.30082924	-4738.27069866	823.99475990	0.07411473
5.76000000	-0.30008957	-4746.51064690	823.99488843	0.07382081
5.77000000	-0.29935282	-4754.75059642	823.99501622	0.07352869
5.78000000	-0.29861899	-4762.99054722	823.99514329	0.07323836
5.79000000	-0.29788805	-4771.23049929	823.99526964	0.07294982
5.80000000	-0.29715999	-4779.47045261	823.99539528	0.07266304
5.81000000	-0.29643478	-4787.71040719	823.99552021	0.07237800
5.82000000	-0.29571242	-4795.95036301	823.99564443	0.07209470
5.83000000	-0.29499288	-4804.19032008	823.99576796	0.07181313
5.84000000	-0.29427615	-4812.43027837	823.99589079	0.07153326
5.85000000	-0.29356221	-4820.67023789	823.99601294	0.07125508
5.86000000	-0.29285104	-4828.91019863	823.99613440	0.07097858
5.87000000	-0.29214263	-4837.15016058	823.99625519	0.07070375
5.88000000	-0.29143696	-4845.39012373	823.99637530	0.07043057
5.89000000	-0.29073402	-4853.63008808	823.99649475	0.07015902
5.90000000	-0.29003378	-4861.87005362	823.99661353	0.06988911
5.91000000	-0.28933623	-4870.11002035	823.99673166	0.06962081
5.92000000	-0.28864136	-4878.34998825	823.99684914	0.06935410
5.93000000	-0.28794914	-4886.58995733	823.99696597	0.06908898
5.94000000	-0.28725957	-4894.82992757	823.99708215	0.06882544
5.95000000	-0.28657263	-4903.06989897	823.99719770	0.06856346
5.96000000	-0.28588830	-4911.30987152	823.99731262	0.06830303
5.97000000	-0.28520656	-4919.54984522	823.99742691	0.06804413
5.98000000	-0.28452741	-4927.78982006	823.99754058	0.06778676
5.99000000	-0.28385082	-4936.02979603	823.99765362	0.06753090
6.00000000	-0.28317679	-4944.26977313	823.99776606	0.06727655
6.01000000	-0.28250529	-4952.50975135	823.99787788	0.06702368
6.02000000	-0.28183631	-4960.74973068	823.99798910	0.06677229
6.03000000	-0.28116984	-4968.98971113	823.99809972	0.06652236
6.04000000	-0.28050586	-4977.22969268	823.99820974	0.06627389
6.05000000	-0.27984435	-4985.46967532	823.99831917	0.06602686
6.06000000	-0.27918531	-4993.70965906	823.99842801	0.06578126
6.07000000	-0.27852872	-5001.94964388	823.99853627	0.06553708
6.08000000	-0.27787457	-5010.18962978	823.99864395	0.06529432
6.09000000	-0.27722283	-5018.42961676	823.99875105	0.06505294
6.10000000	-0.27657350	-5026.66960480	823.99885759	0.06481296
6.11000000	-0.27592657	-5034.90959391	823.99896356	0.06457435
6.12000000	-0.27528201	-5043.14958407	823.99906896	0.06433711
6.13000000	-0.27463982	-5051.38957528	823.99917381	0.06410122
6.14000000	-0.27399998	-5059.62956754	823.99927810	0.06386668
6.15000000	-0.27336248	-5067.86956084	823.99938185	0.06363348
6.16000000	-0.27272731	-5076.10955518	823.99948504	0.06340159
6.17000000	-0.27209445	-5084.34955054	823.99958770	0.06317102
6.18000000	-0.27146389	-5092.58954693	823.99968981	0.06294176
6.19000000	-0.27083561	-5100.82954434	823.99979139	0.06271378
6.20000000	-0.27020961	-5109.06954276	823.99989244	0.06248710
6.21000000	-0.26958586	-5117.30954218	823.99999297	0.06226168
6.22000000	-0.26896437	-5125.54954261	824.00009297	0.06203753
6.23000000	-0.26834511	-5133.78954404	824.00019245	0.06181464
6.24000000	-0.26772807	-5142.02954646	824.00029141	0.06159299
6.25000000	-0.26711324	-5150.26954987	824.00038986	0.06137258
6.26000000	-0.26650061	-5158.50955426	824.00048780	0.06115339
6.27000000	-0.26589017	-5166.74955962	824.00058524	0.06093542
6.28000000	-0.26528190	-5174.98956596	824.00068217	0.06071866
6.29000000	-0.26467579	-5183.22957326	824.00077861	0.06050310
6.30000000	-0.26407184	-5191.46958153	824.00087455	0.06028873
6.31000000	-0.26347002	-5199.70959075	824.00097001	0.06007554
6.32000000	-0.26287032	-5207.94960093	824.00106497	0.05986352
6.33000000	-0.26227274	-5216.18961205	824.00115945	0.05965266
6.34000000	-0.26167726	-5224.42962412	824.00125345	0.05944296
6.35000000	-0.26108388	-5232.66963712	824.00134697	0.05923441
6.36000000	-0.26049257	-5240.90965105	824.00144001	0.05902699
6.37000000	-0.25990333	-5249.14966592	824.00153259	0.05882071
6.38000000	-0.25931615	-5257.38968170	824.00162469	0.05861554
6.39000000	-0.25873102	-5265.62969841	824.00171634	0.05841149
6.40000000	-0.25814792	-5273.86971603	824.00180752	0.05820854
6.41000000	-0.25756685	-5282.10973456	824.00189824	0.05800669
6.42000000	-0.25698778	-5290.34975399	824.00198851	0.05780593
6.43000000	-0.25641072	-5298.58977433	824.00207832	0.05760624
6.44000000	-0.25583566	-5306.82979556	824.00216769	0.05740763
6.45000000	-0.25526257	-5315.06981768	824.00225661	0.05721009
6.46000000	-0.25469145	-5323.30984069	824.00234508	0.05701360
6.47000000	-0.25412229	-5331.54986458	824.00243312	0.05681816
6.48000000	-0.25355508	-5339.78988935	824.00252072	0.05662376
6.49000000	-0.25298981	-5348.02991499	824.00260789	0.05643039
6.50000000	-0.25242647	-5356.26994151	824.00269462	0.05623806
6.51000000	-0.25186505	-5364.50996888	824.00278093	0.05604674
6.52000000	-0.25130553	-5372.74999712	824.00286681	0.05585643
6.53000000	-0.25074792	-5380.99002622	824.00295227	0.05566713
6.54000000	-0.25019219	-5389.23005617	824.00303731	0.05547882
6.55000000	-0.24963834	-5397.47008696	824.00312193	0.05529150
6.56000000	-0.24908635	-5405.71011860	824.00320614	0.05510517
6.57000000	-0.24853623	-5413.95015108	824.00328993	0.05491981
6.58000000	-0.24798796	-5422.19018440	824.00337332	0.05473543
6.59000000	-0.24744152	-5430.43021855	824.00345630	0.05455200
6.60000000	-0.24689691	-5438.67025353	824.00353888	0.05436953
6.61000000	-0.24635413	-5446.91028933	824.00362106	0.05418801
6.62000000	-0.24581315	-5455.15032595	824.00370284	0.05400742
6.63000000	-0.24527397	-5463.39036338	824.00378422	0.05382778
6.64000000	-0.24473659	-5471.63040163	824.00386522	0.05364906
6.65000000	-0.24420099	-5479.87044068	824.00394582	0.05347126
6.66000000	-0.24366716	-5488.11048054	824.00402603	0.05329438
6.67000000	-0.24313510	-5496.35052120	824.00410586	0.05311841
6.68000000	-0.24260479	-5504.59056266	824.00418531	0.05294334
6.69000000	-0.24207623	-5512.83060491	824.00426438	0.05276917
6.70000000	-0.24154940	-5521.07064795	824.00434307	0.05259589
6.71000000	-0.24102431	-5529.31069177	824.00442138	0.05242349
6.72000000	-0.24050093	-5537.55073637	824.00449932	0.05225196
6.73000000	-0.23997927	-5545.79078175	824.00457689	0.05208131
6.74000000	-0.23945930	-5554.03082791	824.00465410	0.05191153
6.75000000	-0.23894103	-5562.27087484	824.00473093	0.05174260
6.76000000	-0.23842445	-5570.51092253	824.00480741	0.05157453
6.77000000	-0.23790954	-5578.75097098	824.00488352	0.05140730
6.78000000	-0.23739630	-5586.99102020	824.00495928	0.05124092
6.79000000	-0.23688472	-5595.23107017	824.00503468	0.05107537
6.80000000	-0.23637479	-5603.47112089	824.00510972	0.05091066
6.81000000	-0.23586650	-5611.71117236	824.00518441	0.05074676
6.82000000	-0.23535985	-5619.95122458	824.00525876	0.05058369
6.83000000	-0.23485483	-5628.19127753	824.00533275	0.05042143
6.84000000	-0.23435142	-5636.43133123	824.00540641	0.05025998
6.85000000	-0.23384962	-5644.67138566	824.00547971	0.05009932
6.86000000	-0.23334943	-5652.91144082	824.00555268	0.04993947
6.87000000	-0.23285083	-5661.15149671	824.00562531	0.04978041
6.88000000	-0.23235382	-5669.39155333	824.00569760	0.04962213
6.89000000	-0.23185839	-5677.63161066	824.00576956	0.04946463
6.90000000	-0.23136452	-5685.87166872	824.00584119	0.04930791
6.91000000	-0.23087223	-5694.11172749	824.00591248	0.04915196
6.92000000	-0.23038148	-5702.35178697	824.00598345	0.04899678
6.93000000	-0.22989229	-5710.59184715	824.00605409	0.04884235
6.94000000	-0.22940463	-5718.83190805	824.00612441	0.04868868
6.95000000	-0.22891851	-5727.07196964	824.00619441	0.04853576
6.96000000	-0.22843392	-5735.31203193	824.00626408	0.04838358
6.97000000	-0.22795084	-5743.55209492	824.00633344	0.04823214
6.98000000	-0.22746927	-5751.79215860	824.00640248	0.04808144
6.99000000	-0.22698921	-5760.03222297	824.00647121	0.04793147
7.00000000	-0.22651064	-5768.27228803	824.00653963	0.04778222
7.01000000	-0.22603356	-5776.51235376	824.00660773	0.04763369
7.02000000	-0.22555796	-5784.75242018	824.00667553	0.04748588
7.03000000	-0.22508384	-5792.99248727	824.00674302	0.04733878
7.04000000	-0.22461118	-5801.23255504	824.00681021	0.04719238
7.05000000	-0.22413999	-5809.47262348	824.00687709	0.04704669
7.06000000	-0.22367025	-5817.71269258	824.00694367	0.04690169
7.07000000	-0.22320195	-5825.95276235	824.00700996	0.04675739
7.08000000	-0.22273510	-5834.19283278	824.00707594	0.04661377
7.09000000	-0.22226968	-5842.43290387	824.00714163	0.04647084
7.10000000	-0.22180568	-5850.67297561	824.00720703	0.04632859
7.11000000	-0.22134310	-5858.91304801	824.00727214	0.04618701
7.12000000	-0.22088194	-5867.15312105	824.00733695	0.04604610
7.13000000	-0.22042218	-5875.39319474	824.00740148	0.04590585
7.14000000	-0.21996382	-5883.63326908	824.00746572	0.04576627
7.15000000	-0.21950685	-5891.87334406	824.00752968	0.04562734
7.16000000	-0.21905127	-5900.11341967	824.00759335	0.04548907
7.17000000	-0.21859707	-5908.35349592	824.00765674	0.04535144
7.18000000	-0.21814424	-5916.59357281	824.00771986	0.04521446
7.19000000	-0.21769277	-5924.83365032	824.00778269	0.04507812
7.20000000	-0.21724267	-5933.07372846	824.00784525	0.04494242
7.21000000	-0.21679392	-5941.31380722	824.00790753	0.04480735
7.22000000	-0.21634652	-5949.55388661	824.00796954	0.04467290
7.23000000	-0.21590046	-5957.79396661	824.00803128	0.04453909
7.24000000	-0.21545574	-5966.03404723	824.00809275	0.04440589
7.25000000	-0.21501234	-5974.27412847	824.00815395	0.04427330
7.26000000	-0.21457027	-5982.51421031	824.00821488	0.04414133
7.27000000	-0.21412952	-5990.75429276	824.00827555	0.04400997
7.28000000	-0.21369007	-5998.99437582	824.00833595	0.04387921
7.29000000	-0.21325193	-6007.23445948	824.00839610	0.04374906
7.30000000	-0.21281509	-6015.47454374	824.00845598	0.04361950
7.31000000	-0.21237954	-6023.71462860	824.00851560	0.04349053
7.32000000	-0.21194527	-6031.95471405	824.00857497	0.04336215
7.33000000	-0.21151229	-6040.19480010	824.00863408	0.04323436
7.34000000	-0.21108059	-6048.43488673	824.00869294	0.04310715
7.35000000	-0.21065015	-6056.67497396	824.00875154	0.04298052
7.36000000	-0.21022097	-6064.91506176	824.00880989	0.04285447
7.37000000	-0.20979306	-6073.15515015	824.00886799	0.04272898
7.38000000	-0.20936639	-6081.39523912	824.00892584	0.04260406
7.39000000	-0.20894097	-6089.63532867	824.00898345	0.04247971
7.40000000	-0.20851680	-6097.87541879	824.00904081	0.04235592
7.41000000	-0.20809385	-6106.11550949	824.00909793	0.04223269
7.42000000	-0.20767214	-6114.35560075	824.00915480	0.04211000
7.43000000	-0.20725165	-6122.59569258	824.00921143	0.04198787
7.44000000	-0.20683238	-6130.83578498	824.00926782	0.04186629
7.45000000	-0.20641432	-6139.07587794	824.00932397	0.04174525
7.46000000	-0.20599747	-6147.31597146	824.00937989	0.04162475
7.47000000	-0.20558183	-6155.55606553	824.00943557	0.04150479
7.48000000	-0.20516738	-6163.79616017	824.00949101	0.04138536
7.49000000	-0.20475412	-6172.03625535	824.00954623	0.04126647
7.50000000	-0.20434204	-6180.27635109	824.00960121	0.04114809
7.51000000	-0.20393115	-6188.51644738	824.00965596	0.04103025
7.52000000	-0.20352144	-6196.75654421	824.00971047	0.04091292
7.53000000	-0.20311289	-6204.99664159	824.00976477	0.04079612
7.54000000	-0.20270551	-6213.23673950	824.00981883	0.04067982
7.55000000	-0.20229930	-6221.47683796	824.00987267	0.04056404
7.56000000	-0.20189423	-6229.71693696	824.00992629	0.04044877
7.57000000	-0.20149032	-6237.95703649	824.00997968	0.04033400
7.58000000	-0.20108755	-6246.19713655	824.01003285	0.04021973
7.59000000	-0.20068592	-6254.43723714	824.01008580	0.04010597
7.60000000	-0.20028543	-6262.67733826	824.01013853	0.03999270
7.61000000	-0.19988607	-6270.91743991	824.01019104	0.03987992
7.62000000	-0.19948783	-6279.15754208	824.01024334	0.03976764
7.63000000	-0.19909071	-6287.39764478	824.01029542	0.03965584
7.64000000	-0.19869471	-6295.63774799	824.01034729	0.03954452
7.65000000	-0.19829982	-6303.87785172	824.01039894	0.03943369
7.66000000	-0.19790604	-6312.11795597	824.01045038	0.03932334
7.67000000	-0.19751335	-6320.35806073	824.01050161	0.03921346
7.68000000	-0.19712176	-6328.59816600	824.01055264	0.03910406
7.69000000	-0.19673127	-6336.83827178	824.01060345	0.03899512
7.70000000	-0.19634186	-6345.07837807	824.01065405	0.03888666
7.71000000	-0.19595353	-6353.31848486	824.01070445	0.03877865
7.72000000	-0.19556629	-6361.55859216	824.01075465	0.03867112
7.73000000	-0.19518011	-6369.79869995	824.01080464	0.03856404
7.74000000	-0.19479500	-6378.03880825	824.01085442	0.03845741
7.75000000	-0.19441096	-6386.27891704	824.01090401	0.03835124
7.76000000	-0.19402798	-6394.51902633	824.01095340	0.03824553
7.77000000	-0.19364605	-6402.75913611	824.01100258	0.03814026
7.78000000	-0.19326517	-6410.99924638	824.01105157	0.03803544
7.79000000	-0.19288534	-6419.23935714	824.01110036	0.03793106
7.80000000	-0.19250655	-6427.47946839	824.01114895	0.03782712
7.81000000	-0.19212879	-6435.71958012	824.01119735	0.03772362
7.82000000	-0.19175207	-6443.95969233	824.01124556	0.03762056
7.83000000	-0.19137638	-6452.19980503	824.01129357	0.03751793
7.84000000	-0.19100171	-6460.43991820	824.01134139	0.03741573
7.85000000	-0.19062807	-6468.68003186	824.01138902	0.03731396
7.86000000	-0.19025543	-6476.92014598	824.01143646	0.03721261
7.87000000	-0.18988381	-6485.16026059	824.01148371	0.03711169
7.88000000	-0.18951320	-6493.40037566	824.01153077	0.03701119
7.89000000	-0.18914359	-6501.64049120	824.01157764	0.03691111
7.90000000	-0.18877497	-6509.88060721	824.01162433	0.03681145
7.91000000	-0.18840736	-6518.12072369	824.01167084	0.03671220
7.92000000	-0.18804073	-6526.36084063	824.01171716	0.03661336
7.93000000	-0.18767509	-6534.60095803	824.01176330	0.03651493
7.94000000	-0.18731043	-6542.84107589	824.01180925	0.03641690
7.95000000	-0.18694675	-6551.08119421	824.01185503	0.03631929
7.96000000	-0.18658404	-6559.32131299	824.01190062	0.03622207
7.97000000	-0.18622231	-6567.56143223	824.01194604	0.03612525
7.98000000	-0.18586154	-6575.80155191	824.01199128	0.03602884
7.99000000	-0.18550173	-6584.04167205	824.01203634	0.03593281
8.00000000	-0.18514288	-6592.28179264	824.01208122	0.03583718
