T	Ut	Ft	St	Ct
0.01000000	-1.96875000	-82.60178216	8063.30321591	0.00000000
0.02000000	-1.96875000	-163.23481432	8063.30321591	0.00000000
0.03000000	-1.96875000	-243.86784648	8063.30321591	0.00000000
0.04000000	-1.96875000	-324.50087864	8063.30321591	0.00000000
0.05000000	-1.96875000	-405.13391080	8063.30321591	0.00000000
0.06000000	-1.96875000	-485.76694295	8063.30321591	0.00000000
0.07000000	-1.96875000	-566.39997511	8063.30321591	0.00000000
0.08000000	-1.96875000	-647.03300727	8063.30321591	0.00000000
0.09000000	-1.96875000	-727.66603943	8063.30321591	0.00000000
0.10000000	-1.96875000	-808.29907159	8063.30321591	0.00000000
0.11000000	-1.96875000	-888.93210375	8063.30321591	-0.00000000
0.12000000	-1.96875000	-969.56513591	8063.30321591	-0.00000000
0.13000000	-1.96875000	-1050.19816807	8063.30321591	0.00000000
0.14000000	-1.96875000	-1130.83120023	8063.30321591	0.00000000
0.15000000	-1.96875000	-1211.46423239	8063.30321591	0.00000000
0.16000000	-1.96875000	-1292.09726455	8063.30321591	0.00000000
0.17000000	-1.96875000	-1372.73029670	8063.30321591	0.00000000
0.18000000	-1.96875000	-1453.36332886	8063.30321591	0.00000000
0.19000000	-1.96875000	-1533.99636102	8063.30321591	0.00000000
0.20000000	-1.96875000	-1614.62939318	8063.30321591	0.00000001
0.21000000	-1.96875000	-1695.26242534	8063.30321591	0.00000002
0.22000000	-1.96875000	-1775.89545750	8063.30321591	0.00000003
0.23000000	-1.96875000	-1856.52848966	8063.30321592	0.00000007
0.24000000	-1.96875000	-1937.16152182	8063.30321592	0.00000013
0.25000000	-1.96875000	-2017.79455398	8063.30321593	0.00000023
0.26000000	-1.96874999	-2098.42758614	8063.30321594	0.00000039
0.27000000	-1.96874999	-2179.06061830	8063.30321596	0.00000064
0.28000000	-1.96874998	-2259.69365046	8063.30321599	0.00000101
0.29000000	-1.96874997	-2340.32668262	8063.30321603	0.00000154
0.30000000	-1.96874995	-2420.95971478	8063.30321610	0.00000228
0.31000000	-1.96874992	-2501.59274694	8063.30321619	0.00000328
0.32000000	-1.96874988	-2582.22577910	8063.30321631	0.00000462
0.33000000	-1.96874983	-2662.85881127	8063.30321648	0.00000634
0.34000000	-1.96874975	-2743.49184343	8063.30321670	0.00000854
0.35000000	-1.96874965	-2824.12487560	8063.30321698	0.00001128
0.36000000	-1.96874953	-2904.75790777	8063.30321735	0.00001467
0.37000000	-1.96874936	-2985.39093995	8063.30321780	0.00001877
0.38000000	-1.96874915	-3066.02397213	8063.30321837	0.00002370
0.39000000	-1.96874888	-3146.65700431	8063.30321906	0.00002953
0.40000000	-1.96874855	-3227.29003651	8063.30321989	0.00003637
0.41000000	-1.96874815	-3307.92306871	8063.30322088	0.00004433
0.42000000	-1.96874766	-3388.55610093	8063.30322206	0.00005349
0.43000000	-1.96874708	-3469.18913315	8063.30322344	0.00006398
0.44000000	-1.96874638	-3549.82216540	8063.30322504	0.00007591
0.45000000	-1.96874555	-3630.45519766	8063.30322689	0.00008938
0.46000000	-1.96874459	-3711.08822994	8063.30322902	0.00010454
0.47000000	-1.96874346	-3791.72126224	8063.30323145	0.00012151
0.48000000	-1.96874215	-3872.35429457	8063.30323420	0.00014045
0.49000000	-1.96874064	-3952.98732692	8063.30323731	0.00016151
0.50000000	-1.96873891	-4033.62035931	8063.30324080	0.00018486
0.51000000	-1.96873693	-4114.25339174	8063.30324472	0.00021070
0.52000000	-1.96873469	-4194.88642421	8063.30324908	0.00023924
0.53000000	-1.96873214	-4275.51945672	8063.30325393	0.00027070
0.54000000	-1.96872926	-4356.15248929	8063.30325931	0.00030533
0.55000000	-1.96872602	-4436.78552191	8063.30326525	0.00034342
0.56000000	-1.96872238	-4517.41855460	8063.30327181	0.00038526
0.57000000	-1.96871830	-4598.05158735	8063.30327903	0.00043117
0.58000000	-1.96871374	-4678.68462018	8063.30328696	0.00048151
0.59000000	-1.96870866	-4759.31765309	8063.30329565	0.00053665
0.60000000	-1.96870299	-4839.95068609	8063.30330517	0.00059700
0.61000000	-1.96869670	-4920.58371920	8063.30331557	0.00066300
0.62000000	-1.96868971	-5001.21675241	8063.30332693	0.00073511
0.63000000	-1.96868197	-5081.84978574	8063.30333931	0.00081382
0.64000000	-1.96867341	-5162.48281920	8063.30335279	0.00089965
0.65000000	-1.96866396	-5243.11585280	8063.30336745	0.00099314
0.66000000	-1.96865352	-5323.74888655	8063.30338338	0.00109486
0.67000000	-1.96864203	-5404.38192047	8063.30340066	0.00120540
0.68000000	-1.96862938	-5485.01495457	8063.30341939	0.00132539
0.69000000	-1.96861549	-5565.64798886	8063.30343968	0.00145546
0.70000000	-1.96860024	-5646.28102337	8063.30346162	0.00159627
0.71000000	-1.96858352	-5726.91405810	8063.30348532	0.00174851
0.72000000	-1.96856523	-5807.54709308	8063.30351091	0.00191288
0.73000000	-1.96854522	-5888.18012833	8063.30353850	0.00209009
0.74000000	-1.96852338	-5968.81316386	8063.30356821	0.00228087
0.75000000	-1.96849956	-6049.44619970	8063.30360019	0.00248598
0.76000000	-1.96847361	-6130.07923587	8063.30363455	0.00270618
0.77000000	-1.96844538	-6210.71227240	8063.30367145	0.00294223
0.78000000	-1.96841471	-6291.34530931	8063.30371102	0.00319493
0.79000000	-1.96838143	-6371.97834663	8063.30375342	0.00346507
0.80000000	-1.96834535	-6452.61138439	8063.30379880	0.00375345
0.81000000	-1.96830629	-6533.24442262	8063.30384731	0.00406087
0.82000000	-1.96826406	-6613.87746134	8063.30389912	0.00438817
0.83000000	-1.96821846	-6694.51050061	8063.30395440	0.00473617
0.84000000	-1.96816927	-6775.14354044	8063.30401330	0.00510568
0.85000000	-1.96811627	-6855.77658089	8063.30407602	0.00549755
0.86000000	-1.96805924	-6936.40962198	8063.30414272	0.00591261
0.87000000	-1.96799794	-7017.04266376	8063.30421358	0.00635170
0.88000000	-1.96793212	-7097.67570626	8063.30428880	0.00681565
0.89000000	-1.96786154	-7178.30874955	8063.30436855	0.00730530
0.90000000	-1.96778593	-7258.94179365	8063.30445302	0.00782149
0.91000000	-1.96770502	-7339.57483862	8063.30454242	0.00836504
0.92000000	-1.96761854	-7420.20788452	8063.30463694	0.00893678
0.93000000	-1.96752619	-7500.84093138	8063.30473677	0.00953751
0.94000000	-1.96742769	-7581.47397927	8063.30484211	0.01016805
0.95000000	-1.96732273	-7662.10702824	8063.30495318	0.01082917
0.96000000	-1.96721100	-7742.74007835	8063.30507016	0.01152163
0.97000000	-1.96709219	-7823.37312967	8063.30519328	0.01224618
0.98000000	-1.96696596	-7904.00618224	8063.30532273	0.01300351
0.99000000	-1.96683200	-7984.63923614	8063.30545873	0.01379432
1.00000000	-1.96668996	-8065.27229144	8063.30560147	0.01461921
1.01000000	-1.96653950	-8145.90534820	8063.30575118	0.01547878
1.02000000	-1.96638027	-8226.53840649	8063.30590805	0.01637354
1.03000000	-1.96621191	-8307.17146638	8063.30607230	0.01730394
1.04000000	-1.96603407	-8387.80452796	8063.30624412	0.01827037
1.05000000	-1.96584639	-8468.43759129	8063.30642372	0.01927311
1.06000000	-1.96564849	-8549.07065646	8063.30661129	0.02031236
1.07000000	-1.96544002	-8629.70372354	8063.30680703	0.02138820
1.08000000	-1.96522060	-8710.33679263	8063.30701113	0.02250060
1.09000000	-1.96498988	-8790.96986379	8063.30722377	0.02364939
1.10000000	-1.96474750	-8871.60293713	8063.30744512	0.02483426
1.11000000	-1.96449308	-8952.23601273	8063.30767536	0.02605474
1.12000000	-1.96422628	-9032.86909067	8063.30791463	0.02731022
1.13000000	-1.96394676	-9113.50217105	8063.30816309	0.02859986
1.14000000	-1.96365418	-9194.13525396	8063.30842086	0.02992268
1.15000000	-1.96334820	-9274.76833950	8063.30868808	0.03127748
1.16000000	-1.96302852	-9355.40142775	8063.30896485	0.03266285
1.17000000	-1.96269485	-9436.03451883	8063.30925126	0.03407718
1.18000000	-1.96234689	-9516.66761281	8063.30954739	0.03551864
1.19000000	-1.96198439	-9597.30070981	8063.30985329	0.03698518
1.20000000	-1.96160711	-9677.93380991	8063.31016900	0.03847452
1.21000000	-1.96121483	-9758.56691322	8063.31049453	0.03998417
1.22000000	-1.96080737	-9839.20001983	8063.31082989	0.04151145
1.23000000	-1.96038456	-9919.83312985	8063.31117504	0.04305343
1.24000000	-1.95994626	-10000.46624337	8063.31152992	0.04460704
1.25000000	-1.95949239	-10081.09936048	8063.31189448	0.04616899
1.26000000	-1.95902286	-10161.73248129	8063.31226859	0.04773587
1.27000000	-1.95853766	-10242.36560588	8063.31265214	0.04930412
1.28000000	-1.95803679	-10322.99873436	8063.31304498	0.05087006
1.29000000	-1.95752028	-10403.63186681	8063.31344692	0.05242997
1.30000000	-1.95698822	-10484.26500333	8063.31385777	0.05398005
1.31000000	-1.95644073	-10564.89814400	8063.31427731	0.05551651
1.32000000	-1.95587795	-10645.53128890	8063.31470527	0.05703559
1.33000000	-1.95530009	-10726.16443813	8063.31514139	0.05853361
1.34000000	-1.95470736	-10806.79759176	8063.31558537	0.06000701
1.35000000	-1.95410004	-10887.43074986	8063.31603691	0.06145238
1.36000000	-1.95347842	-10968.06391252	8063.31649566	0.06286653
1.37000000	-1.95284282	-11048.69707980	8063.31696130	0.06424656
1.38000000	-1.95219361	-11129.33025177	8063.31743345	0.06558983
1.39000000	-1.95153116	-11209.96342849	8063.31791175	0.06689412
1.40000000	-1.95085586	-11290.59661002	8063.31839583	0.06815757
1.41000000	-1.95016815	-11371.22979642	8063.31888530	0.06937882
1.42000000	-1.94946843	-11451.86298774	8063.31937980	0.07055700
1.43000000	-1.94875715	-11532.49618403	8063.31987894	0.07169181
1.44000000	-1.94803474	-11613.12938534	8063.32038236	0.07278355
1.45000000	-1.94730162	-11693.76259170	8063.32088971	0.07383317
1.46000000	-1.94655821	-11774.39580314	8063.32140064	0.07484235
1.47000000	-1.94580490	-11855.02901972	8063.32191484	0.07581348
1.48000000	-1.94504206	-11935.66224145	8063.32243202	0.07674977
1.49000000	-1.94427001	-12016.29546837	8063.32295192	0.07765529
1.50000000	-1.94348904	-12096.92870050	8063.32347431	0.07853497
1.51000000	-1.94269937	-12177.56193786	8063.32399900	0.07939473
1.52000000	-1.94190119	-12258.19518048	8063.32452585	0.08024148
1.53000000	-1.94109456	-12338.82842839	8063.32505479	0.08108323
1.54000000	-1.94027951	-12419.46168159	8063.32558577	0.08192914
1.55000000	-1.93945593	-12500.09494011	8063.32611882	0.08278958
1.56000000	-1.93862363	-12580.72820397	8063.32665407	0.08367630
1.57000000	-1.93778227	-12661.36147320	8063.32719167	0.08460246
1.58000000	-1.93693140	-12741.99474781	8063.32773191	0.08558278
1.59000000	-1.93607038	-12822.62802785	8063.32827513	0.08663372
1.60000000	-1.93519843	-12903.26131333	8063.32882181	0.08777359
1.61000000	-1.93431455	-12983.89460430	8063.32937252	0.08902278
1.62000000	-1.93341753	-13064.52790079	8063.32992794	0.09040396
1.63000000	-1.93250594	-13145.16120287	8063.33048891	0.09194234
1.64000000	-1.93157807	-13225.79451059	8063.33105642	0.09366595
1.65000000	-1.93063190	-13306.42782403	8063.33163159	0.09560595
1.66000000	-1.92966511	-13387.06114326	8063.33221575	0.09779705
1.67000000	-1.92867500	-13467.69446838	8063.33281041	0.10027784
1.68000000	-1.92765845	-13548.32779950	8063.33341730	0.10309132
1.69000000	-1.92661190	-13628.96113677	8063.33403838	0.10628540
1.70000000	-1.92553129	-13709.59448033	8063.33467590	0.10991343
1.71000000	-1.92441199	-13790.22783035	8063.33533237	0.11403487
1.72000000	-1.92324873	-13870.86118705	8063.33601065	0.11871591
1.73000000	-1.92203556	-13951.49455065	8063.33671392	0.12403025
1.74000000	-1.92076574	-14032.12792142	8063.33744579	0.13005977
1.75000000	-1.91943168	-14112.76129967	8063.33821028	0.13689537
1.76000000	-1.91802482	-14193.39468575	8063.33901189	0.14463773
1.77000000	-1.91653553	-14274.02808005	8063.33985566	0.15339803
1.78000000	-1.91495305	-14354.66148302	8063.34074717	0.16329860
1.79000000	-1.91326532	-14435.29489517	8063.34169266	0.17447350
1.80000000	-1.91145885	-14515.92831708	8063.34269901	0.18706878
1.81000000	-1.90951868	-14596.56174938	8063.34377387	0.20124253
1.82000000	-1.90742818	-14677.19519281	8063.34492562	0.21716442
1.83000000	-1.90516896	-14757.82864818	8063.34616351	0.23501470
1.84000000	-1.90272082	-14838.46211640	8063.34749760	0.25498248
1.85000000	-1.90006161	-14919.09559849	8063.34893886	0.27726294
1.86000000	-1.89716720	-14999.72909558	8063.35049913	0.30205350
1.87000000	-1.89401152	-15080.36260891	8063.35219112	0.32954849
1.88000000	-1.89056660	-15160.99613988	8063.35402834	0.35993223
1.89000000	-1.88680269	-15241.62969001	8063.35602504	0.39337032
1.90000000	-1.88268855	-15322.26326096	8063.35819601	0.42999901
1.91000000	-1.87819175	-15402.89685456	8063.36055644	0.46991273
1.92000000	-1.87327921	-15483.53047278	8063.36312165	0.51315005
1.93000000	-1.86791777	-15564.16411773	8063.36590671	0.55967846
1.94000000	-1.86207506	-15644.79779169	8063.36892610	0.60937890
1.95000000	-1.85572034	-15725.43149708	8063.37219320	0.66203125
1.96000000	-1.84882569	-15806.06523642	8063.37571976	0.71730223
1.97000000	-1.84136707	-15886.69901237	8063.37951538	0.77473767
1.98000000	-1.83332563	-15967.33282765	8063.38358688	0.83376122
1.99000000	-1.82468885	-16047.96668504	8063.38793778	0.89368124
2.00000000	-1.81545164	-16128.60058733	8063.39256785	0.95370755
2.01000000	-1.80561721	-16209.23453731	8063.39747269	1.01297873
2.02000000	-1.79519757	-16289.86853768	8063.40264362	1.07059936
2.03000000	-1.78421368	-16370.50259103	8063.40806766	1.12568550
2.04000000	-1.77269506	-16451.13669982	8063.41372782	1.17741506
2.05000000	-1.76067895	-16531.77086630	8063.41960359	1.22507849
2.06000000	-1.74820890	-16612.40509253	8063.42567166	1.26812462
2.07000000	-1.73533306	-16693.03938029	8063.43190688	1.30619660
2.08000000	-1.72210205	-16773.67373114	8063.43828322	1.33915351
2.09000000	-1.70856680	-16854.30814634	8063.44477490	1.36707518
2.10000000	-1.69477639	-16934.94262694	8063.45135741	1.39024954
2.11000000	-1.68077609	-17015.57717372	8063.45800836	1.40914415
2.12000000	-1.66660576	-17096.21178727	8063.46470826	1.42436516
2.13000000	-1.65229871	-17176.84646799	8063.47144098	1.43660835
2.14000000	-1.63788107	-17257.48121615	8063.47819396	1.44660710
2.15000000	-1.62337164	-17338.11603191	8063.48495826	1.45508215
2.16000000	-1.60878229	-17418.75091534	8063.49172826	1.46269672
2.17000000	-1.59411867	-17499.38586648	8063.49850130	1.47001990
2.18000000	-1.57938135	-17580.02088537	8063.50527707	1.47749965
2.19000000	-1.56456710	-17660.65597204	8063.51205705	1.48544589
2.20000000	-1.54967031	-17741.29112654	8063.51884374	1.49402327
2.21000000	-1.53468445	-17821.92634895	8063.52564004	1.50325272
2.22000000	-1.51960345	-17902.56163938	8063.53244862	1.51302049
2.23000000	-1.50442301	-17983.19699797	8063.53927128	1.52309352
2.24000000	-1.48914166	-18063.83242485	8063.54610857	1.53313965
2.25000000	-1.47376166	-18144.46792018	8063.55295934	1.54275150
2.26000000	-1.45828960	-18225.10348407	8063.55982056	1.55147259
2.27000000	-1.44273677	-18305.73911661	8063.56668715	1.55882465
2.28000000	-1.42711925	-18386.37481781	8063.57355200	1.56433451
2.29000000	-1.41145770	-18467.01058762	8063.58040607	1.56755957
2.30000000	-1.39577698	-18547.64642586	8063.58723864	1.56811041
2.31000000	-1.38010548	-18628.28233228	8063.59403757	1.56566946
2.32000000	-1.36447435	-18708.91830646	8063.60078970	1.56000494
2.33000000	-1.34891659	-18789.55434787	8063.60748123	1.55097936
2.34000000	-1.33346611	-18870.19045583	8063.61409817	1.53855240
2.35000000	-1.31815671	-18950.82662954	8063.62062673	1.52277849
2.36000000	-1.30302123	-19031.46286803	8063.62705373	1.50379955
2.37000000	-1.28809068	-19112.09917023	8063.63336690	1.48183374
2.38000000	-1.27339358	-19192.73553495	8063.63955520	1.45716154
2.39000000	-1.25895539	-19273.37196089	8063.64560900	1.43011009
2.40000000	-1.24479812	-19354.00844666	8063.65152022	1.40103718
2.41000000	-1.23094014	-19434.64499080	8063.65728243	1.37031573
2.42000000	-1.21739605	-19515.28159179	8063.66289080	1.33831974
2.43000000	-1.20417678	-19595.91824809	8063.66834210	1.30541227
2.44000000	-1.19128970	-19676.55495810	8063.67363459	1.27193566
2.45000000	-1.17873891	-19757.19172025	8063.67876789	1.23820433
2.46000000	-1.16652552	-19837.82853293	8063.68374285	1.20449987
2.47000000	-1.15464800	-19918.46539458	8063.68856137	1.17106833
2.48000000	-1.14310254	-19999.10230365	8063.69322625	1.13811938
2.49000000	-1.13188342	-20079.73925861	8063.69774104	1.10582694
2.50000000	-1.12098335	-20160.37625798	8063.70210985	1.07433096
2.51000000	-1.11039378	-20241.01330033	8063.70633727	1.04374004
2.52000000	-1.10010526	-20321.65038427	8063.71042818	1.01413453
2.53000000	-1.09010762	-20402.28750846	8063.71438768	0.98556989
2.54000000	-1.08039028	-20482.92467161	8063.71822100	0.95808008
2.55000000	-1.07094238	-20563.56187248	8063.72193337	0.93168091
2.56000000	-1.06175302	-20644.19910989	8063.72553003	0.90637314
2.57000000	-1.05281132	-20724.83638271	8063.72901611	0.88214535
2.58000000	-1.04410658	-20805.47368986	8063.73239662	0.85897647
2.59000000	-1.03562835	-20886.11103031	8063.73567643	0.83683799
2.60000000	-1.02736650	-20966.74840307	8063.73886022	0.81569592
2.61000000	-1.01931124	-21047.38580720	8063.74195248	0.79551236
2.62000000	-1.01145319	-21128.02324183	8063.74495749	0.77624689
2.63000000	-1.00378338	-21208.66070608	8063.74787935	0.75785761
2.64000000	-0.99629326	-21289.29819915	8063.75072193	0.74030209
2.65000000	-0.98897470	-21369.93572026	8063.75348889	0.72353801
2.66000000	-0.98182000	-21450.57326869	8063.75618372	0.70752371
2.67000000	-0.97482186	-21531.21084371	8063.75880968	0.69221862
2.68000000	-0.96797339	-21611.84844466	8063.76136988	0.67758353
2.69000000	-0.96126808	-21692.48607090	8063.76386722	0.66358079
2.70000000	-0.95469979	-21773.12372180	8063.76630445	0.65017447
2.71000000	-0.94826272	-21853.76139679	8063.76868416	0.63733042
2.72000000	-0.94195142	-21934.39909530	8063.77100878	0.62501626
2.73000000	-0.93576073	-22015.03681679	8063.77328061	0.61320146
2.74000000	-0.92968582	-22095.67456075	8063.77550180	0.60185725
2.75000000	-0.92372211	-22176.31232667	8063.77767439	0.59095655
2.76000000	-0.91786529	-22256.95011408	8063.77980028	0.58047399
2.77000000	-0.91211131	-22337.58792252	8063.78188130	0.57038575
2.78000000	-0.90645634	-22418.22575156	8063.78391914	0.56066955
2.79000000	-0.90089675	-22498.86360077	8063.78591542	0.55130453
2.80000000	-0.89542914	-22579.50146974	8063.78787164	0.54227116
2.81000000	-0.89005029	-22660.13935807	8063.78978925	0.53355121
2.82000000	-0.88475713	-22740.77726540	8063.79166960	0.52512763
2.83000000	-0.87954680	-22821.41519134	8063.79351397	0.51698449
2.84000000	-0.87441656	-22902.05313556	8063.79532359	0.50910689
2.85000000	-0.86936382	-22982.69109770	8063.79709961	0.50148091
2.86000000	-0.86438614	-23063.32907744	8063.79884311	0.49409355
2.87000000	-0.85948120	-23143.96707446	8063.80055514	0.48693264
2.88000000	-0.85464677	-23224.60508845	8063.80223669	0.47998680
2.89000000	-0.84988078	-23305.24311910	8063.80388869	0.47324539
2.90000000	-0.84518122	-23385.88116612	8063.80551204	0.46669846
2.91000000	-0.84054619	-23466.51922924	8063.80710758	0.46033667
2.92000000	-0.83597390	-23547.15730819	8063.80867613	0.45415130
2.93000000	-0.83146261	-23627.79540268	8063.81021846	0.44813416
2.94000000	-0.82701068	-23708.43351247	8063.81173530	0.44227758
2.95000000	-0.82261654	-23789.07163730	8063.81322738	0.43657435
2.96000000	-0.81827870	-23869.70977694	8063.81469535	0.43101773
2.97000000	-0.81399572	-23950.34793113	8063.81613987	0.42560136
2.98000000	-0.80976623	-24030.98609966	8063.81756155	0.42031929
2.99000000	-0.80558891	-24111.62428229	8063.81896100	0.41516590
3.00000000	-0.80146250	-24192.26247881	8063.82033877	0.41013593
3.01000000	-0.79738579	-24272.90068899	8063.82169542	0.40522440
3.02000000	-0.79335763	-24353.53891265	8063.82303146	0.40042662
3.03000000	-0.78937690	-24434.17714956	8063.82434741	0.39573820
3.04000000	-0.78544252	-24514.81539953	8063.82564375	0.39115495
3.05000000	-0.78155346	-24595.45366237	8063.82692095	0.38667295
3.06000000	-0.77770873	-24676.09193789	8063.82817946	0.38228846
3.07000000	-0.77390738	-24756.73022590	8063.82941971	0.37799799
3.08000000	-0.77014847	-24837.36852622	8063.83064213	0.37379818
3.09000000	-0.76643112	-24918.00683868	8063.83184711	0.36968589
3.10000000	-0.76275447	-24998.64516311	8063.83303504	0.36565811
3.11000000	-0.75911769	-25079.28349933	8063.83420631	0.36171202
3.12000000	-0.75551997	-25159.92184718	8063.83536129	0.35784489
3.13000000	-0.75196053	-25240.56020650	8063.83650031	0.35405417
3.14000000	-0.74843864	-25321.19857713	8063.83762372	0.35033741
3.15000000	-0.74495355	-25401.83695892	8063.83873186	0.34669227
3.16000000	-0.74150456	-25482.47535172	8063.83982505	0.34311654
3.17000000	-0.73809099	-25563.11375537	8063.84090359	0.33960810
3.18000000	-0.73471218	-25643.75216974	8063.84196779	0.33616491
3.19000000	-0.73136748	-25724.39059468	8063.84301793	0.33278505
3.20000000	-0.72805628	-25805.02903006	8063.84405431	0.32946665
3.21000000	-0.72477795	-25885.66747572	8063.84507719	0.32620795
3.22000000	-0.72153192	-25966.30593156	8063.84608684	0.32300724
3.23000000	-0.71831762	-26046.94439742	8063.84708353	0.31986289
3.24000000	-0.71513448	-26127.58287318	8063.84806750	0.31677333
3.25000000	-0.71198197	-26208.22135873	8063.84903900	0.31373706
3.26000000	-0.70885957	-26288.85985392	8063.84999827	0.31075264
3.27000000	-0.70576675	-26369.49835865	8063.85094553	0.30781866
3.28000000	-0.70270303	-26450.13687279	8063.85188103	0.30493379
3.29000000	-0.69966792	-26530.77539623	8063.85280496	0.30209674
3.30000000	-0.69666094	-26611.41392886	8063.85371755	0.29930627
3.31000000	-0.69368164	-26692.05247055	8063.85461900	0.29656117
3.32000000	-0.69072957	-26772.69102120	8063.85550953	0.29386028
3.33000000	-0.68780429	-26853.32958070	8063.85638931	0.29120250
3.34000000	-0.68490538	-26933.96814895	8063.85725855	0.28858675
3.35000000	-0.68203242	-27014.60672584	8063.85811744	0.28601197
3.36000000	-0.67918501	-27095.24531127	8063.85896615	0.28347716
3.37000000	-0.67636275	-27175.88390513	8063.85980486	0.28098135
3.38000000	-0.67356525	-27256.52250733	8063.86063375	0.27852360
3.39000000	-0.67079215	-27337.16111777	8063.86145299	0.27610299
3.40000000	-0.66804307	-27417.79973636	8063.86226273	0.27371864
3.41000000	-0.66531766	-27498.43836299	8063.86306315	0.27136969
3.42000000	-0.66261556	-27579.07699759	8063.86385439	0.26905533
3.43000000	-0.65993644	-27659.71564005	8063.86463662	0.26677474
3.44000000	-0.65727996	-27740.35429029	8063.86540998	0.26452716
3.45000000	-0.65464579	-27820.99294822	8063.86617462	0.26231182
3.46000000	-0.65203362	-27901.63161376	8063.86693068	0.26012800
3.47000000	-0.64944313	-27982.27028681	8063.86767829	0.25797499
3.48000000	-0.64687402	-28062.90896729	8063.86841761	0.25585211
3.49000000	-0.64432599	-28143.54765513	8063.86914875	0.25375870
3.50000000	-0.64179875	-28224.18635024	8063.86987186	0.25169410
3.51000000	-0.63929201	-28304.82505254	8063.87058705	0.24965769
3.52000000	-0.63680550	-28385.46376196	8063.87129445	0.24764887
3.53000000	-0.63433895	-28466.10247841	8063.87199418	0.24566704
3.54000000	-0.63189207	-28546.74120182	8063.87268637	0.24371165
3.55000000	-0.62946463	-28627.37993211	8063.87337112	0.24178212
3.56000000	-0.62705635	-28708.01866921	8063.87404856	0.23987793
3.57000000	-0.62466698	-28788.65741306	8063.87471879	0.23799856
3.58000000	-0.62229629	-28869.29616357	8063.87538192	0.23614349
3.59000000	-0.61994404	-28949.93492067	8063.87603806	0.23431224
3.60000000	-0.61760997	-29030.57368430	8063.87668731	0.23250432
3.61000000	-0.61529387	-29111.21245440	8063.87732978	0.23071928
3.62000000	-0.61299551	-29191.85123088	8063.87796557	0.22895667
3.63000000	-0.61071467	-29272.49001369	8063.87859477	0.22721604
3.64000000	-0.60845112	-29353.12880275	8063.87921748	0.22549698
3.65000000	-0.60620466	-29433.76759801	8063.87983380	0.22379906
3.66000000	-0.60397507	-29514.40639941	8063.88044381	0.22212190
3.67000000	-0.60176215	-29595.04520687	8063.88104761	0.22046510
3.68000000	-0.59956570	-29675.68402034	8063.88164528	0.21882827
3.69000000	-0.59738552	-29756.32283975	8063.88223692	0.21721107
3.70000000	-0.59522141	-29836.96166506	8063.88282261	0.21561311
3.71000000	-0.59307319	-29917.60049619	8063.88340242	0.21403407
3.72000000	-0.59094067	-29998.23933309	8063.88397646	0.21247360
3.73000000	-0.58882366	-30078.87817570	8063.88454478	0.21093137
3.74000000	-0.58672198	-30159.51702396	8063.88510748	0.20940706
3.75000000	-0.58463546	-30240.15587783	8063.88566463	0.20790036
3.76000000	-0.58256392	-30320.79473724	8063.88621631	0.20641097
3.77000000	-0.58050719	-30401.43360214	8063.88676259	0.20493859
3.78000000	-0.57846509	-30482.07247247	8063.88730354	0.20348294
3.79000000	-0.57643747	-30562.71134819	8063.88783924	0.20204373
3.80000000	-0.57442416	-30643.35022924	8063.88836976	0.20062070
3.81000000	-0.57242500	-30723.98911557	8063.88889516	0.19921357
3.82000000	-0.57043984	-30804.62800713	8063.88941552	0.19782209
3.83000000	-0.56846851	-30885.26690386	8063.88993090	0.19644601
3.84000000	-0.56651087	-30965.90580573	8063.89044137	0.19508509
3.85000000	-0.56456676	-31046.54471267	8063.89094699	0.19373907
3.86000000	-0.56263604	-31127.18362465	8063.89144783	0.19240773
3.87000000	-0.56071856	-31207.82254161	8063.89194394	0.19109084
3.88000000	-0.55881417	-31288.46146351	8063.89243540	0.18978817
3.89000000	-0.55692275	-31369.10039031	8063.89292225	0.18849952
3.90000000	-0.55504414	-31449.73932194	8063.89340457	0.18722466
3.91000000	-0.55317821	-31530.37825838	8063.89388240	0.18596339
3.92000000	-0.55132483	-31611.01719958	8063.89435580	0.18471550
3.93000000	-0.54948385	-31691.65614548	8063.89482484	0.18348080
3.94000000	-0.54765517	-31772.29509606	8063.89528957	0.18225910
3.95000000	-0.54583863	-31852.93405126	8063.89575003	0.18105020
3.96000000	-0.54403412	-31933.57301105	8063.89620629	0.17985392
3.97000000	-0.54224151	-32014.21197537	8063.89665840	0.17867008
3.98000000	-0.54046068	-32094.85094420	8063.89710641	0.17749850
3.99000000	-0.53869150	-32175.48991749	8063.89755037	0.17633900
4.00000000	-0.53693386	-32256.12889520	8063.89799033	0.17519142
4.01000000	-0.53518763	-32336.76787728	8063.89842635	0.17405559
4.02000000	-0.53345271	-32417.40686371	8063.89885846	0.17293134
4.03000000	-0.53172897	-32498.04585444	8063.89928672	0.17181852
4.04000000	-0.53001630	-32578.68484943	8063.89971117	0.17071697
4.05000000	-0.52831459	-32659.32384865	8063.90013187	0.16962653
4.06000000	-0.52662373	-32739.96285206	8063.90054885	0.16854705
4.07000000	-0.52494361	-32820.60185961	8063.90096216	0.16747839
4.08000000	-0.52327413	-32901.24087129	8063.90137185	0.16642040
4.09000000	-0.52161517	-32981.87988704	8063.90177796	0.16537294
4.10000000	-0.51996664	-33062.51890683	8063.90218054	0.16433586
4.11000000	-0.51832842	-33143.15793064	8063.90257962	0.16330903
4.12000000	-0.51670042	-33223.79695842	8063.90297524	0.16229232
4.13000000	-0.51508254	-33304.43599013	8063.90336746	0.16128558
4.14000000	-0.51347468	-33385.07502575	8063.90375630	0.16028870
4.15000000	-0.51187673	-33465.71406525	8063.90414181	0.15930154
4.16000000	-0.51028861	-33546.35310858	8063.90452403	0.15832397
4.17000000	-0.50871022	-33626.99215572	8063.90490300	0.15735588
4.18000000	-0.50714146	-33707.63120663	8063.90527875	0.15639714
4.19000000	-0.50558225	-33788.27026128	8063.90565132	0.15544763
4.20000000	-0.50403248	-33868.90931964	8063.90602075	0.15450723
4.21000000	-0.50249207	-33949.54838169	8063.90638708	0.15357582
4.22000000	-0.50096094	-34030.18744737	8063.90675034	0.15265330
4.23000000	-0.49943898	-34110.82651668	8063.90711057	0.15173955
4.24000000	-0.49792612	-34191.46558958	8063.90746780	0.15083446
4.25000000	-0.49642226	-34272.10466603	8063.90782206	0.14993792
4.26000000	-0.49492733	-34352.74374601	8063.90817340	0.14904982
4.27000000	-0.49344124	-34433.38282949	8063.90852184	0.14817006
4.28000000	-0.49196390	-34514.02191643	8063.90886741	0.14729854
4.29000000	-0.49049524	-34594.66100683	8063.90921016	0.14643514
4.30000000	-0.48903517	-34675.30010063	8063.90955011	0.14557978
4.31000000	-0.48758362	-34755.93919782	8063.90988729	0.14473234
4.32000000	-0.48614050	-34836.57829837	8063.91022173	0.14389275
4.33000000	-0.48470574	-34917.21740224	8063.91055347	0.14306088
4.34000000	-0.48327925	-34997.85650943	8063.91088253	0.14223666
4.35000000	-0.48186098	-35078.49561989	8063.91120894	0.14141999
4.36000000	-0.48045083	-35159.13473360	8063.91153274	0.14061078
4.37000000	-0.47904874	-35239.77385053	8063.91185396	0.13980893
4.38000000	-0.47765463	-35320.41297067	8063.91217261	0.13901435
4.39000000	-0.47626843	-35401.05209398	8063.91248874	0.13822697
4.40000000	-0.47489006	-35481.69122043	8063.91280236	0.13744668
4.41000000	-0.47351947	-35562.33035001	8063.91311350	0.13667341
4.42000000	-0.47215657	-35642.96948269	8063.91342220	0.13590707
4.43000000	-0.47080131	-35723.60861845	8063.91372848	0.13514757
4.44000000	-0.46945360	-35804.24775726	8063.91403236	0.13439484
4.45000000	-0.46811339	-35884.88689909	8063.91433387	0.13364880
4.46000000	-0.46678060	-35965.52604393	8063.91463303	0.13290935
4.47000000	-0.46545518	-36046.16519174	8063.91492988	0.13217643
4.48000000	-0.46413705	-36126.80434252	8063.91522443	0.13144996
4.49000000	-0.46282616	-36207.44349622	8063.91551672	0.13072986
4.50000000	-0.46152243	-36288.08265284	8063.91580676	0.13001605
4.51000000	-0.46022582	-36368.72181235	8063.91609458	0.12930846
4.52000000	-0.45893624	-36449.36097473	8063.91638020	0.12860702
4.53000000	-0.45765365	-36530.00013995	8063.91666364	0.12791165
4.54000000	-0.45637799	-36610.63930799	8063.91694493	0.12722228
4.55000000	-0.45510919	-36691.27847884	8063.91722410	0.12653885
4.56000000	-0.45384719	-36771.91765247	8063.91750116	0.12586127
4.57000000	-0.45259194	-36852.55682886	8063.91777613	0.12518949
4.58000000	-0.45134338	-36933.19600798	8063.91804904	0.12452344
4.59000000	-0.45010146	-37013.83518983	8063.91831991	0.12386305
4.60000000	-0.44886611	-37094.47437437	8063.91858875	0.12320825
4.61000000	-0.44763727	-37175.11356160	8063.91885560	0.12255897
4.62000000	-0.44641491	-37255.75275148	8063.91912047	0.12191517
4.63000000	-0.44519895	-37336.39194400	8063.91938338	0.12127676
4.64000000	-0.44398935	-37417.03113914	8063.91964435	0.12064369
4.65000000	-0.44278606	-37497.67033688	8063.91990340	0.12001590
4.66000000	-0.44158902	-37578.30953720	8063.92016055	0.11939333
4.67000000	-0.44039818	-37658.94874009	8063.92041583	0.11877591
4.68000000	-0.43921348	-37739.58794551	8063.92066924	0.11816359
4.69000000	-0.43803489	-37820.22715346	8063.92092081	0.11755631
4.70000000	-0.43686234	-37900.86636392	8063.92117055	0.11695401
4.71000000	-0.43569579	-37981.50557687	8063.92141849	0.11635664
4.72000000	-0.43453519	-38062.14479229	8063.92166464	0.11576414
4.73000000	-0.43338049	-38142.78401016	8063.92190902	0.11517646
4.74000000	-0.43223165	-38223.42323046	8063.92215165	0.11459353
4.75000000	-0.43108861	-38304.06245318	8063.92239254	0.11401531
4.76000000	-0.42995133	-38384.70167831	8063.92263172	0.11344175
4.77000000	-0.42881976	-38465.34090581	8063.92286919	0.11287278
4.78000000	-0.42769385	-38545.98013568	8063.92310499	0.11230837
4.79000000	-0.42657357	-38626.61936791	8063.92333911	0.11174846
4.80000000	-0.42545887	-38707.25860246	8063.92357158	0.11119299
4.81000000	-0.42434970	-38787.89783933	8063.92380242	0.11064193
4.82000000	-0.42324602	-38868.53707850	8063.92403164	0.11009522
4.83000000	-0.42214778	-38949.17631996	8063.92425925	0.10955281
4.84000000	-0.42105495	-39029.81556368	8063.92448528	0.10901466
4.85000000	-0.41996747	-39110.45480966	8063.92470973	0.10848072
4.86000000	-0.41888532	-39191.09405787	8063.92493262	0.10795094
4.87000000	-0.41780844	-39271.73330831	8063.92515398	0.10742528
4.88000000	-0.41673680	-39352.37256095	8063.92537380	0.10690369
4.89000000	-0.41567035	-39433.01181578	8063.92559211	0.10638613
4.90000000	-0.41460906	-39513.65107279	8063.92580892	0.10587255
4.91000000	-0.41355289	-39594.29033195	8063.92602425	0.10536291
4.92000000	-0.41250179	-39674.92959327	8063.92623810	0.10485718
4.93000000	-0.41145573	-39755.56885671	8063.92645050	0.10435530
4.94000000	-0.41041467	-39836.20812227	8063.92666146	0.10385724
4.95000000	-0.40937858	-39916.84738993	8063.92687098	0.10336295
4.96000000	-0.40834740	-39997.48665969	8063.92707909	0.10287240
4.97000000	-0.40732112	-40078.12593151	8063.92728579	0.10238554
4.98000000	-0.40629968	-40158.76520540	8063.92749111	0.10190234
4.99000000	-0.40528306	-40239.40448133	8063.92769504	0.10142275
5.00000000	-0.40427121	-40320.04375929	8063.92789762	0.10094675
5.01000000	-0.40326411	-40400.68303928	8063.92809884	0.10047428
5.02000000	-0.40226172	-40481.32232127	8063.92829872	0.10000532
5.03000000	-0.40126399	-40561.96160525	8063.92849727	0.09953983
5.04000000	-0.40027091	-40642.60089121	8063.92869450	0.09907776
5.05000000	-0.39928243	-40723.24017913	8063.92889044	0.09861909
5.06000000	-0.39829851	-40803.87946901	8063.92908508	0.09816379
5.07000000	-0.39731914	-40884.51876083	8063.92927844	0.09771181
5.08000000	-0.39634427	-40965.15805458	8063.92947053	0.09726312
5.09000000	-0.39537387	-41045.79735024	8063.92966137	0.09681768
5.10000000	-0.39440790	-41126.43664780	8063.92985096	0.09637547
5.11000000	-0.39344635	-41207.07594725	8063.93003932	0.09593645
5.12000000	-0.39248916	-41287.71524858	8063.93022645	0.09550059
5.13000000	-0.39153632	-41368.35455178	8063.93041237	0.09506786
5.14000000	-0.39058780	-41448.99385682	8063.93059709	0.09463822
5.15000000	-0.38964355	-41529.63316371	8063.93078061	0.09421165
5.16000000	-0.38870355	-41610.27247243	8063.93096296	0.09378810
5.17000000	-0.38776778	-41690.91178297	8063.93114414	0.09336756
5.18000000	-0.38683619	-41771.55109531	8063.93132415	0.09294999
5.19000000	-0.38590877	-41852.19040945	8063.93150302	0.09253537
5.20000000	-0.38498547	-41932.82972537	8063.93168075	0.09212365
5.21000000	-0.38406628	-42013.46904306	8063.93185735	0.09171483
5.22000000	-0.38315117	-42094.10836251	8063.93203282	0.09130885
5.23000000	-0.38224010	-42174.74768371	8063.93220719	0.09090571
5.24000000	-0.38133304	-42255.38700665	8063.93238046	0.09050536
5.25000000	-0.38042998	-42336.02633132	8063.93255264	0.09010779
5.26000000	-0.37953088	-42416.66565770	8063.93272373	0.08971296
5.27000000	-0.37863571	-42497.30498579	8063.93289375	0.08932085
5.28000000	-0.37774445	-42577.94431557	8063.93306271	0.08893143
5.29000000	-0.37685708	-42658.58364704	8063.93323062	0.08854468
5.30000000	-0.37597355	-42739.22298018	8063.93339748	0.08816057
5.31000000	-0.37509386	-42819.86231499	8063.93356330	0.08777907
5.32000000	-0.37421796	-42900.50165144	8063.93372810	0.08740016
5.33000000	-0.37334584	-42981.14098954	8063.93389188	0.08702382
5.34000000	-0.37247748	-43061.78032928	8063.93405464	0.08665002
5.35000000	-0.37161284	-43142.41967063	8063.93421641	0.08627873
5.36000000	-0.37075189	-43223.05901360	8063.93437718	0.08590994
5.37000000	-0.36989463	-43303.69835817	8063.93453697	0.08554362
5.38000000	-0.36904101	-43384.33770434	8063.93469579	0.08517974
5.39000000	-0.36819103	-43464.97705209	8063.93485363	0.08481829
5.40000000	-0.36734464	-43545.61640141	8063.93501051	0.08445923
5.41000000	-0.36650183	-43626.25575229	8063.93516644	0.08410255
5.42000000	-0.36566258	-43706.89510473	8063.93532143	0.08374823
5.43000000	-0.36482686	-43787.53445872	8063.93547548	0.08339625
5.44000000	-0.36399465	-43868.17381424	8063.93562860	0.08304657
5.45000000	-0.36316592	-43948.81317129	8063.93578080	0.08269919
5.46000000	-0.36234066	-44029.45252985	8063.93593209	0.08235407
5.47000000	-0.36151883	-44110.09188993	8063.93608247	0.08201121
5.48000000	-0.36070043	-44190.73125150	8063.93623195	0.08167057
5.49000000	-0.35988541	-44271.37061456	8063.93638054	0.08133214
5.50000000	-0.35907378	-44352.00997911	8063.93652824	0.08099590
5.51000000	-0.35826549	-44432.64934512	8063.93667507	0.08066182
5.52000000	-0.35746053	-44513.28871261	8063.93682103	0.08032990
5.53000000	-0.35665888	-44593.92808154	8063.93696612	0.08000011
5.54000000	-0.35586052	-44674.56745193	8063.93711036	0.07967242
5.55000000	-0.35506543	-44755.20682375	8063.93725375	0.07934683
5.56000000	-0.35427358	-44835.84619700	8063.93739630	0.07902331
5.57000000	-0.35348495	-44916.48557167	8063.93753801	0.07870184
5.58000000	-0.35269954	-44997.12494776	8063.93767889	0.07838241
5.59000000	-0.35191730	-45077.76432525	8063.93781895	0.07806500
5.60000000	-0.35113823	-45158.40370413	8063.93795820	0.07774959
5.61000000	-0.35036230	-45239.04308441	8063.93809663	0.07743616
5.62000000	-0.34958950	-45319.68246606	8063.93823426	0.07712469
5.63000000	-0.34881980	-45400.32184909	8063.93837110	0.07681518
5.64000000	-0.34805319	-45480.96123348	8063.93850714	0.07650759
5.65000000	-0.34728964	-45561.60061923	8063.93864240	0.07620192
5.66000000	-0.34652914	-45642.24000633	8063.93877689	0.07589815
5.67000000	-0.34577167	-45722.87939476	8063.93891060	0.07559626
5.68000000	-0.34501721	-45803.51878454	8063.93904354	0.07529623
5.69000000	-0.34426574	-45884.15817563	8063.93917573	0.07499806
5.70000000	-0.34351725	-45964.79756805	8063.93930716	0.07470171
5.71000000	-0.34277170	-46045.43696177	8063.93943784	0.07440719
5.72000000	-0.34202910	-46126.07635680	8063.93956778	0.07411446
5.73000000	-0.34128941	-46206.71575313	8063.93969698	0.07382353
5.74000000	-0.34055262	-46287.35515074	8063.93982546	0.07353436
5.75000000	-0.33981871	-46367.99454963	8063.93995320	0.07324695
5.76000000	-0.33908767	-46448.63394980	8063.94008023	0.07296128
5.77000000	-0.33835948	-46529.27335124	8063.94020654	0.07267734
5.78000000	-0.33763412	-46609.91275393	8063.94033215	0.07239512
5.79000000	-0.33691157	-46690.55215788	8063.94045705	0.07211459
5.80000000	-0.33619182	-46771.19156307	8063.94058125	0.07183574
5.81000000	-0.33547485	-46851.83096950	8063.94070476	0.07155857
5.82000000	-0.33476065	-46932.47037716	8063.94082758	0.07128305
5.83000000	-0.33404919	-47013.10978605	8063.94094972	0.07100918
5.84000000	-0.33334046	-47093.74919615	8063.94107118	0.07073693
5.85000000	-0.33263444	-47174.38860747	8063.94119197	0.07046630
5.86000000	-0.33193113	-47255.02801999	8063.94131209	0.07019727
5.87000000	-0.33123049	-47335.66743371	8063.94143155	0.06992984
5.88000000	-0.33053252	-47416.30684862	8063.94155036	0.06966398
5.89000000	-0.32983721	-47496.94626471	8063.94166851	0.06939968
5.90000000	-0.32914453	-47577.58568199	8063.94178601	0.06913693
5.91000000	-0.32845446	-47658.22510043	8063.94190287	0.06887572
5.92000000	-0.32776701	-47738.86452004	8063.94201909	0.06861604
5.93000000	-0.32708214	-47819.50394081	8063.94213468	0.06835787
5.94000000	-0.32639984	-47900.14336273	8063.94224964	0.06810120
5.95000000	-0.32572011	-47980.78278580	8063.94236398	0.06784603
5.96000000	-0.32504292	-48061.42221001	8063.94247770	0.06759233
5.97000000	-0.32436826	-48142.06163535	8063.94259080	0.06734009
5.98000000	-0.32369611	-48222.70106183	8063.94270330	0.06708931
5.99000000	-0.32302647	-48303.34048942	8063.94281518	0.06683997
6.00000000	-0.32235931	-48383.97991813	8063.94292647	0.06659207
6.01000000	-0.32169462	-48464.61934795	8063.94303716	0.06634558
6.02000000	-0.32103239	-48545.25877887	8063.94314726	0.06610050
6.03000000	-0.32037261	-48625.89821089	8063.94325676	0.06585682
6.04000000	-0.31971525	-48706.53764400	8063.94336569	0.06561453
6.05000000	-0.31906031	-48787.17707820	8063.94347403	0.06537361
6.06000000	-0.31840777	-48867.81651348	8063.94358180	0.06513406
6.07000000	-0.31775763	-48948.45594984	8063.94368900	0.06489586
6.08000000	-0.31710985	-49029.09538726	8063.94379563	0.06465901
6.09000000	-0.31646444	-49109.73482575	8063.94390169	0.06442349
6.10000000	-0.31582138	-49190.37426529	8063.94400720	0.06418929
6.11000000	-0.31518065	-49271.01370589	8063.94411215	0.06395641
6.12000000	-0.31454225	-49351.65314753	8063.94421655	0.06372483
6.13000000	-0.31390615	-49432.29259022	8063.94432040	0.06349454
6.14000000	-0.31327235	-49512.93203394	8063.94442371	0.06326553
6.15000000	-0.31264083	-49593.57147869	8063.94452648	0.06303780
6.16000000	-0.31201159	-49674.21092447	8063.94462871	0.06281133
6.17000000	-0.31138460	-49754.85037126	8063.94473041	0.06258612
6.18000000	-0.31075986	-49835.48981907	8063.94483159	0.06236215
6.19000000	-0.31013736	-49916.12926789	8063.94493224	0.06213942
6.20000000	-0.30951707	-49996.76871772	8063.94503236	0.06191791
6.21000000	-0.30889899	-50077.40816854	8063.94513197	0.06169762
6.22000000	-0.30828311	-50158.04762035	8063.94523107	0.06147853
6.23000000	-0.30766942	-50238.68707316	8063.94532965	0.06126064
6.24000000	-0.30705790	-50319.32652694	8063.94542773	0.06104395
6.25000000	-0.30644854	-50399.96598171	8063.94552531	0.06082843
6.26000000	-0.30584133	-50480.60543745	8063.94562238	0.06061409
6.27000000	-0.30523625	-50561.24489416	8063.94571896	0.06040091
6.28000000	-0.30463330	-50641.88435183	8063.94581505	0.06018888
6.29000000	-0.30403247	-50722.52381046	8063.94591065	0.05997800
6.30000000	-0.30343374	-50803.16327004	8063.94600576	0.05976825
6.31000000	-0.30283710	-50883.80273057	8063.94610039	0.05955964
6.32000000	-0.30224254	-50964.44219204	8063.94619454	0.05935214
6.33000000	-0.30165005	-51045.08165446	8063.94628822	0.05914576
6.34000000	-0.30105962	-51125.72111781	8063.94638142	0.05894048
6.35000000	-0.30047124	-51206.36058209	8063.94647415	0.05873630
6.36000000	-0.29988489	-51287.00004729	8063.94656641	0.05853321
6.37000000	-0.29930057	-51367.63951341	8063.94665822	0.05833120
6.38000000	-0.29871827	-51448.27898045	8063.94674956	0.05813026
6.39000000	-0.29813796	-51528.91844840	8063.94684044	0.05793038
6.40000000	-0.29755966	-51609.55791726	8063.94693088	0.05773157
6.41000000	-0.29698333	-51690.19738702	8063.94702086	0.05753380
6.42000000	-0.29640898	-51770.83685767	8063.94711039	0.05733707
6.43000000	-0.29583658	-51851.47632922	8063.94719948	0.05714138
6.44000000	-0.29526615	-51932.11580166	8063.94728812	0.05694671
6.45000000	-0.29469765	-52012.75527498	8063.94737633	0.05675307
6.46000000	-0.29413108	-52093.39474919	8063.94746410	0.05656043
6.47000000	-0.29356644	-52174.03422427	8063.94755144	0.05636881
6.48000000	-0.29300370	-52254.67370021	8063.94763835	0.05617818
6.49000000	-0.29244287	-52335.31317703	8063.94772483	0.05598854
6.50000000	-0.29188393	-52415.95265471	8063.94781089	0.05579988
6.51000000	-0.29132687	-52496.59213325	8063.94789653	0.05561221
6.52000000	-0.29077168	-52577.23161264	8063.94798174	0.05542550
6.53000000	-0.29021835	-52657.87109288	8063.94806654	0.05523975
6.54000000	-0.28966688	-52738.51057397	8063.94815093	0.05505497
6.55000000	-0.28911725	-52819.15005590	8063.94823491	0.05487113
6.56000000	-0.28856946	-52899.78953867	8063.94831848	0.05468823
6.57000000	-0.28802348	-52980.42902227	8063.94840164	0.05450627
6.58000000	-0.28747933	-53061.06850670	8063.94848440	0.05432525
6.59000000	-0.28693698	-53141.70799195	8063.94856676	0.05414514
6.60000000	-0.28639642	-53222.34747803	8063.94864873	0.05396595
6.61000000	-0.28585765	-53302.98696493	8063.94873030	0.05378768
6.62000000	-0.28532066	-53383.62645264	8063.94881148	0.05361031
6.63000000	-0.28478544	-53464.26594115	8063.94889226	0.05343383
6.64000000	-0.28425199	-53544.90543048	8063.94897266	0.05325825
6.65000000	-0.28372028	-53625.54492061	8063.94905268	0.05308355
6.66000000	-0.28319031	-53706.18441153	8063.94913232	0.05290974
6.67000000	-0.28266208	-53786.82390325	8063.94921157	0.05273680
6.68000000	-0.28213557	-53867.46339576	8063.94929045	0.05256472
6.69000000	-0.28161078	-53948.10288906	8063.94936895	0.05239351
6.70000000	-0.28108770	-54028.74238314	8063.94944708	0.05222315
6.71000000	-0.28056632	-54109.38187800	8063.94952484	0.05205365
6.72000000	-0.28004662	-54190.02137364	8063.94960223	0.05188499
6.73000000	-0.27952861	-54270.66087004	8063.94967926	0.05171717
6.74000000	-0.27901228	-54351.30036722	8063.94975593	0.05155018
6.75000000	-0.27849761	-54431.93986516	8063.94983223	0.05138401
6.76000000	-0.27798459	-54512.57936386	8063.94990818	0.05121867
6.77000000	-0.27747323	-54593.21886332	8063.94998377	0.05105415
6.78000000	-0.27696351	-54673.85836354	8063.95005900	0.05089044
6.79000000	-0.27645542	-54754.49786450	8063.95013389	0.05072753
6.80000000	-0.27594896	-54835.13736621	8063.95020842	0.05056543
6.81000000	-0.27544411	-54915.77686867	8063.95028261	0.05040411
6.82000000	-0.27494087	-54996.41637186	8063.95035645	0.05024359
6.83000000	-0.27443923	-55077.05587580	8063.95042995	0.05008385
6.84000000	-0.27393919	-55157.69538046	8063.95050311	0.04992489
6.85000000	-0.27344073	-55238.33488586	8063.95057593	0.04976671
6.86000000	-0.27294385	-55318.97439198	8063.95064841	0.04960929
6.87000000	-0.27244854	-55399.61389882	8063.95072056	0.04945264
6.88000000	-0.27195480	-55480.25340639	8063.95079238	0.04929674
6.89000000	-0.27146261	-55560.89291467	8063.95086387	0.04914160
6.90000000	-0.27097196	-55641.53242367	8063.95093503	0.04898721
6.91000000	-0.27048286	-55722.17193337	8063.95100586	0.04883356
6.92000000	-0.26999529	-55802.81144378	8063.95107637	0.04868065
6.93000000	-0.26950925	-55883.45095490	8063.95114656	0.04852848
6.94000000	-0.26902472	-55964.09046671	8063.95121643	0.04837703
6.95000000	-0.26854170	-56044.72997922	8063.95128597	0.04822631
6.96000000	-0.26806019	-56125.36949243	8063.95135521	0.04807631
6.97000000	-0.26758017	-56206.00900633	8063.95142413	0.04792702
6.98000000	-0.26710165	-56286.64852091	8063.95149273	0.04777845
6.99000000	-0.26662460	-56367.28803618	8063.95156103	0.04763058
7.00000000	-0.26614903	-56447.92755213	8063.95162901	0.04748341
7.01000000	-0.26567493	-56528.56706876	8063.95169669	0.04733694
7.02000000	-0.26520229	-56609.20658606	8063.95176407	0.04719116
7.03000000	-0.26473111	-56689.84610404	8063.95183114	0.04704607
7.04000000	-0.26426137	-56770.48562269	8063.95189791	0.04690166
7.05000000	-0.26379307	-56851.12514200	8063.95196439	0.04675794
7.06000000	-0.26332621	-56931.76466197	8063.95203056	0.04661488
7.07000000	-0.26286077	-57012.40418261	8063.95209644	0.04647250
7.08000000	-0.26239675	-57093.04370390	8063.95216203	0.04633078
7.09000000	-0.26193415	-57173.68322585	8063.95222732	0.04618973
7.10000000	-0.26147296	-57254.32274845	8063.95229232	0.04604933
7.11000000	-0.26101316	-57334.96227169	8063.95235704	0.04590959
7.12000000	-0.26055476	-57415.60179559	8063.95242146	0.04577050
7.13000000	-0.26009775	-57496.24132012	8063.95248561	0.04563205
7.14000000	-0.25964212	-57576.88084530	8063.95254946	0.04549425
7.15000000	-0.25918786	-57657.52037111	8063.95261304	0.04535708
7.16000000	-0.25873498	-57738.15989756	8063.95267634	0.04522054
7.17000000	-0.25828345	-57818.79942464	8063.95273936	0.04508464
7.18000000	-0.25783328	-57899.43895234	8063.95280210	0.04494936
7.19000000	-0.25738446	-57980.07848068	8063.95286456	0.04481470
7.20000000	-0.25693699	-58060.71800963	8063.95292676	0.04468066
7.21000000	-0.25649085	-58141.35753921	8063.95298868	0.04454723
7.22000000	-0.25604604	-58221.99706941	8063.95305033	0.04441441
7.23000000	-0.25560256	-58302.63660022	8063.95311171	0.04428220
7.24000000	-0.25516039	-58383.27613164	8063.95317282	0.04415059
7.25000000	-0.25471954	-58463.91566367	8063.95323367	0.04401958
7.26000000	-0.25428000	-58544.55519631	8063.95329426	0.04388917
7.27000000	-0.25384176	-58625.19472956	8063.95335458	0.04375935
7.28000000	-0.25340481	-58705.83426340	8063.95341464	0.04363011
7.29000000	-0.25296915	-58786.47379785	8063.95347444	0.04350146
7.30000000	-0.25253478	-58867.11333289	8063.95353399	0.04337339
7.31000000	-0.25210168	-58947.75286853	8063.95359328	0.04324590
7.32000000	-0.25166986	-59028.39240476	8063.95365231	0.04311898
7.33000000	-0.25123930	-59109.03194157	8063.95371109	0.04299263
7.34000000	-0.25081001	-59189.67147898	8063.95376961	0.04286684
7.35000000	-0.25038196	-59270.31101696	8063.95382789	0.04274162
7.36000000	-0.24995517	-59350.95055553	8063.95388592	0.04261696
7.37000000	-0.24952962	-59431.59009468	8063.95394370	0.04249286
7.38000000	-0.24910531	-59512.22963441	8063.95400123	0.04236931
7.39000000	-0.24868223	-59592.86917471	8063.95405852	0.04224631
7.40000000	-0.24826038	-59673.50871558	8063.95411557	0.04212385
7.41000000	-0.24783976	-59754.14825702	8063.95417237	0.04200194
7.42000000	-0.24742034	-59834.78779902	8063.95422893	0.04188057
7.43000000	-0.24700214	-59915.42734159	8063.95428526	0.04175973
7.44000000	-0.24658515	-59996.06688473	8063.95434134	0.04163943
7.45000000	-0.24616935	-60076.70642842	8063.95439719	0.04151965
7.46000000	-0.24575475	-60157.34597267	8063.95445280	0.04140041
7.47000000	-0.24534134	-60237.98551748	8063.95450818	0.04128168
7.48000000	-0.24492912	-60318.62506283	8063.95456333	0.04116348
7.49000000	-0.24451807	-60399.26460874	8063.95461825	0.04104580
7.50000000	-0.24410820	-60479.90415520	8063.95467293	0.04092863
7.51000000	-0.24369950	-60560.54370220	8063.95472739	0.04081197
7.52000000	-0.24329196	-60641.18324974	8063.95478162	0.04069582
7.53000000	-0.24288558	-60721.82279783	8063.95483562	0.04058017
7.54000000	-0.24248035	-60802.46234646	8063.95488940	0.04046503
7.55000000	-0.24207628	-60883.10189562	8063.95494296	0.04035039
7.56000000	-0.24167334	-60963.74144531	8063.95499629	0.04023624
7.57000000	-0.24127155	-61044.38099554	8063.95504940	0.04012259
7.58000000	-0.24087089	-61125.02054630	8063.95510230	0.04000943
7.59000000	-0.24047136	-61205.66009759	8063.95515497	0.03989675
7.60000000	-0.24007295	-61286.29964940	8063.95520743	0.03978456
7.61000000	-0.23967567	-61366.93920174	8063.95525967	0.03967285
7.62000000	-0.23927950	-61447.57875459	8063.95531169	0.03956163
7.63000000	-0.23888443	-61528.21830797	8063.95536350	0.03945087
7.64000000	-0.23849048	-61608.85786186	8063.95541510	0.03934060
7.65000000	-0.23809762	-61689.49741627	8063.95546649	0.03923079
7.66000000	-0.23770586	-61770.13697119	8063.95551767	0.03912145
7.67000000	-0.23731519	-61850.77652662	8063.95556864	0.03901258
7.68000000	-0.23692561	-61931.41608256	8063.95561940	0.03890417
7.69000000	-0.23653710	-62012.05563901	8063.95566995	0.03879622
7.70000000	-0.23614968	-62092.69519596	8063.95572030	0.03868873
7.71000000	-0.23576333	-62173.33475342	8063.95577044	0.03858169
7.72000000	-0.23537804	-62253.97431137	8063.95582038	0.03847510
7.73000000	-0.23499382	-62334.61386982	8063.95587012	0.03836897
7.74000000	-0.23461066	-62415.25342877	8063.95591965	0.03826328
7.75000000	-0.23422856	-62495.89298822	8063.95596899	0.03815804
7.76000000	-0.23384750	-62576.53254815	8063.95601813	0.03805323
7.77000000	-0.23346749	-62657.17210858	8063.95606706	0.03794887
7.78000000	-0.23308852	-62737.81166949	8063.95611581	0.03784495
7.79000000	-0.23271059	-62818.45123089	8063.95616435	0.03774146
7.80000000	-0.23233369	-62899.09079278	8063.95621270	0.03763840
7.81000000	-0.23195782	-62979.73035515	8063.95626086	0.03753577
7.82000000	-0.23158298	-63060.36991799	8063.95630883	0.03743357
7.83000000	-0.23120915	-63141.00948132	8063.95635660	0.03733179
7.84000000	-0.23083634	-63221.64904513	8063.95640418	0.03723044
7.85000000	-0.23046454	-63302.28860941	8063.95645158	0.03712950
7.86000000	-0.23009375	-63382.92817416	8063.95649878	0.03702899
7.87000000	-0.22972396	-63463.56773938	8063.95654580	0.03692889
7.88000000	-0.22935517	-63544.20730507	8063.95659263	0.03682920
7.89000000	-0.22898737	-63624.84687123	8063.95663927	0.03672992
7.90000000	-0.22862057	-63705.48643786	8063.95668573	0.03663105
7.91000000	-0.22825475	-63786.12600495	8063.95673201	0.03653259
7.92000000	-0.22788991	-63866.76557250	8063.95677810	0.03643453
7.93000000	-0.22752606	-63947.40514051	8063.95682402	0.03633687
7.94000000	-0.22716318	-64028.04470898	8063.95686975	0.03623962
7.95000000	-0.22680126	-64108.68427790	8063.95691530	0.03614276
7.96000000	-0.22644032	-64189.32384728	8063.95696067	0.03604629
7.97000000	-0.22608034	-64269.96341711	8063.95700587	0.03595022
7.98000000	-0.22572131	-64350.60298740	8063.95705089	0.03585454
7.99000000	-0.22536325	-64431.24255813	8063.95709573	0.03575924
8.00000000	-0.22500613	-64511.88212931	8063.95714040	0.03566433
