T	Ut	Ft	St	Ct
0.01000000	-1.95312500	-83.11880369	8116.56786866	0.00000000
0.02000000	-1.95312500	-164.28448237	8116.56786866	0.00000000
0.03000000	-1.95312500	-245.45016106	8116.56786866	0.00000000
0.04000000	-1.95312500	-326.61583975	8116.56786866	0.00000000
0.05000000	-1.95312500	-407.78151843	8116.56786866	0.00000000
0.06000000	-1.95312500	-488.94719712	8116.56786866	0.00000000
0.07000000	-1.95312500	-570.11287581	8116.56786866	0.00000000
0.08000000	-1.95312500	-651.27855449	8116.56786866	0.00000000
0.09000000	-1.95312500	-732.44423318	8116.56786866	0.00000000
0.10000000	-1.95312500	-813.60991187	8116.56786866	0.00000000
0.11000000	-1.95312500	-894.77559055	8116.56786866	0.00000000
0.12000000	-1.95312500	-975.94126924	8116.56786866	0.00000000
0.13000000	-1.95312500	-1057.10694793	8116.56786866	0.00000000
0.14000000	-1.95312500	-1138.27262661	8116.56786866	0.00000000
0.15000000	-1.95312500	-1219.43830530	8116.56786866	0.00000000
0.16000000	-1.95312500	-1300.60398398	8116.56786866	0.00000000
0.17000000	-1.95312500	-1381.76966267	8116.56786866	0.00000000
0.18000000	-1.95312500	-1462.93534136	8116.56786866	0.00000000
0.19000000	-1.95312500	-1544.10102004	8116.56786866	0.00000000
0.20000000	-1.95312500	-1625.26669873	8116.56786866	0.00000000
0.21000000	-1.95312500	-1706.43237742	8116.56786866	0.00000001
0.22000000	-1.95312500	-1787.59805610	8116.56786866	0.00000002
0.23000000	-1.95312500	-1868.76373479	8116.56786866	0.00000003
0.24000000	-1.95312500	-1949.92941348	8116.56786866	0.00000006
0.25000000	-1.95312500	-2031.09509216	8116.56786866	0.00000011
0.26000000	-1.95312500	-2112.26077085	8116.56786867	0.00000019
0.27000000	-1.95312499	-2193.42644954	8116.56786868	0.00000032
0.28000000	-1.95312499	-2274.59212822	8116.56786869	0.00000050
0.29000000	-1.95312498	-2355.75780691	8116.56786871	0.00000076
0.30000000	-1.95312497	-2436.92348560	8116.56786875	0.00000112
0.31000000	-1.95312496	-2518.08916429	8116.56786879	0.00000162
0.32000000	-1.95312494	-2599.25484297	8116.56786885	0.00000227
0.33000000	-1.95312491	-2680.42052166	8116.56786893	0.00000312
0.34000000	-1.95312488	-2761.58620035	8116.56786904	0.00000420
0.35000000	-1.95312483	-2842.75187904	8116.56786918	0.00000555
0.36000000	-1.95312477	-2923.91755774	8116.56786936	0.00000721
0.37000000	-1.95312468	-3005.08323643	8116.56786959	0.00000922
0.38000000	-1.95312458	-3086.24891513	8116.56786986	0.00001161
0.39000000	-1.95312445	-3167.41459383	8116.56787020	0.00001444
0.40000000	-1.95312429	-3248.58027253	8116.56787061	0.00001774
0.41000000	-1.95312409	-3329.74595124	8116.56787109	0.00002156
0.42000000	-1.95312386	-3410.91162996	8116.56787166	0.00002592
0.43000000	-1.95312357	-3492.07730868	8116.56787233	0.00003087
0.44000000	-1.95312324	-3573.24298740	8116.56787310	0.00003643
0.45000000	-1.95312284	-3654.40866614	8116.56787399	0.00004264
0.46000000	-1.95312238	-3735.57434488	8116.56787500	0.00004953
0.47000000	-1.95312185	-3816.74002364	8116.56787614	0.00005712
0.48000000	-1.95312124	-3897.90570241	8116.56787743	0.00006544
0.49000000	-1.95312054	-3979.07138119	8116.56787887	0.00007450
0.50000000	-1.95311975	-4060.23705998	8116.56788048	0.00008432
0.51000000	-1.95311885	-4141.40273880	8116.56788225	0.00009494
0.52000000	-1.95311784	-4222.56841763	8116.56788420	0.00010635
0.53000000	-1.95311672	-4303.73409648	8116.56788634	0.00011860
0.54000000	-1.95311547	-4384.89977536	8116.56788868	0.00013168
0.55000000	-1.95311408	-4466.06545426	8116.56789122	0.00014564
0.56000000	-1.95311255	-4547.23113318	8116.56789398	0.00016050
0.57000000	-1.95311087	-4628.39681214	8116.56789696	0.00017630
0.58000000	-1.95310902	-4709.56249112	8116.56790017	0.00019308
0.59000000	-1.95310701	-4790.72817014	8116.56790362	0.00021090
0.60000000	-1.95310480	-4871.89384920	8116.56790732	0.00022983
0.61000000	-1.95310240	-4953.05952829	8116.56791128	0.00024995
0.62000000	-1.95309980	-5034.22520742	8116.56791552	0.00027138
0.63000000	-1.95309697	-5115.39088660	8116.56792004	0.00029422
0.64000000	-1.95309391	-5196.55656582	8116.56792487	0.00031863
0.65000000	-1.95309059	-5277.72224510	8116.56793001	0.00034478
0.66000000	-1.95308701	-5358.88792442	8116.56793548	0.00037289
0.67000000	-1.95308313	-5440.05360381	8116.56794131	0.00040319
0.68000000	-1.95307894	-5521.21928325	8116.56794752	0.00043596
0.69000000	-1.95307440	-5602.38496276	8116.56795414	0.00047153
0.70000000	-1.95306949	-5683.55064234	8116.56796120	0.00051025
0.71000000	-1.95306418	-5764.71632199	8116.56796874	0.00055253
0.72000000	-1.95305843	-5845.88200171	8116.56797678	0.00059885
0.73000000	-1.95305219	-5927.04768152	8116.56798539	0.00064971
0.74000000	-1.95304542	-6008.21336142	8116.56799460	0.00070570
0.75000000	-1.95303806	-6089.37904142	8116.56800448	0.00076745
0.76000000	-1.95303005	-6170.54472151	8116.56801509	0.00083566
0.77000000	-1.95302132	-6251.71040172	8116.56802649	0.00091110
0.78000000	-1.95301180	-6332.87608205	8116.56803878	0.00099461
0.79000000	-1.95300140	-6414.04176250	8116.56805203	0.00108708
0.80000000	-1.95299002	-6495.20744309	8116.56806633	0.00118950
0.81000000	-1.95297757	-6576.37312383	8116.56808180	0.00130293
0.82000000	-1.95296393	-6657.53880473	8116.56809854	0.00142848
0.83000000	-1.95294896	-6738.70448581	8116.56811669	0.00156738
0.84000000	-1.95293253	-6819.87016707	8116.56813636	0.00172090
0.85000000	-1.95291449	-6901.03584854	8116.56815771	0.00189041
0.86000000	-1.95289466	-6982.20153023	8116.56818089	0.00207735
0.87000000	-1.95287288	-7063.36721216	8116.56820608	0.00228324
0.88000000	-1.95284893	-7144.53289436	8116.56823344	0.00250969
0.89000000	-1.95282261	-7225.69857684	8116.56826318	0.00275837
0.90000000	-1.95279368	-7306.86425963	8116.56829550	0.00303105
0.91000000	-1.95276190	-7388.02994276	8116.56833061	0.00332957
0.92000000	-1.95272700	-7469.19562625	8116.56836876	0.00365584
0.93000000	-1.95268869	-7550.36131015	8116.56841017	0.00401187
0.94000000	-1.95264665	-7631.52699447	8116.56845512	0.00439974
0.95000000	-1.95260058	-7712.69267926	8116.56850388	0.00482159
0.96000000	-1.95255010	-7793.85836456	8116.56855673	0.00527966
0.97000000	-1.95249486	-7875.02405041	8116.56861397	0.00577627
0.98000000	-1.95243444	-7956.18973686	8116.56867593	0.00631382
0.99000000	-1.95236843	-8037.35542395	8116.56874294	0.00689479
1.00000000	-1.95229639	-8118.52111173	8116.56881534	0.00752173
1.01000000	-1.95221784	-8199.68680027	8116.56889350	0.00819731
1.02000000	-1.95213227	-8280.85248962	8116.56897779	0.00892425
1.03000000	-1.95203917	-8362.01817985	8116.56906862	0.00970539
1.04000000	-1.95193798	-8443.18387102	8116.56916639	0.01054366
1.05000000	-1.95182810	-8524.34956320	8116.56927153	0.01144210
1.06000000	-1.95170892	-8605.51525648	8116.56938448	0.01240385
1.07000000	-1.95157980	-8686.68095092	8116.56950572	0.01343218
1.08000000	-1.95144005	-8767.84664662	8116.56963572	0.01453046
1.09000000	-1.95128895	-8849.01234366	8116.56977497	0.01570221
1.10000000	-1.95112574	-8930.17804215	8116.56992401	0.01695111
1.11000000	-1.95094965	-9011.34374218	8116.57008336	0.01828096
1.12000000	-1.95075984	-9092.50944385	8116.57025358	0.01969577
1.13000000	-1.95055544	-9173.67514729	8116.57043526	0.02119969
1.14000000	-1.95033554	-9254.84085260	8116.57062900	0.02279710
1.15000000	-1.95009917	-9336.00655991	8116.57083543	0.02449259
1.16000000	-1.94984534	-9417.17226935	8116.57105518	0.02629096
1.17000000	-1.94957299	-9498.33798106	8116.57128895	0.02819728
1.18000000	-1.94928102	-9579.50369518	8116.57153743	0.03021689
1.19000000	-1.94896826	-9660.66941186	8116.57180135	0.03235542
1.20000000	-1.94863349	-9741.83513126	8116.57208147	0.03461883
1.21000000	-1.94827545	-9823.00085355	8116.57237860	0.03701341
1.22000000	-1.94789277	-9904.16657889	8116.57269355	0.03954583
1.23000000	-1.94748405	-9985.33230748	8116.57302718	0.04222314
1.24000000	-1.94704780	-10066.49803950	8116.57338041	0.04505284
1.25000000	-1.94658245	-10147.66377516	8116.57375416	0.04804288
1.26000000	-1.94608638	-10228.82951466	8116.57414943	0.05120172
1.27000000	-1.94555783	-10309.99525822	8116.57456724	0.05453834
1.28000000	-1.94499498	-10391.16100608	8116.57500867	0.05806229
1.29000000	-1.94439592	-10472.32675848	8116.57547485	0.06178373
1.30000000	-1.94375862	-10553.49251566	8116.57596696	0.06571350
1.31000000	-1.94308092	-10634.65827791	8116.57648625	0.06986313
1.32000000	-1.94236058	-10715.82404548	8116.57703402	0.07424491
1.33000000	-1.94159521	-10796.98981869	8116.57761164	0.07887192
1.34000000	-1.94078228	-10878.15559782	8116.57822056	0.08375816
1.35000000	-1.93991913	-10959.32138321	8116.57886228	0.08891852
1.36000000	-1.93900294	-11040.48717518	8116.57953841	0.09436892
1.37000000	-1.93803073	-11121.65297410	8116.58025063	0.10012635
1.38000000	-1.93699933	-11202.81878032	8116.58100072	0.10620896
1.39000000	-1.93590540	-11283.98459424	8116.58179054	0.11263614
1.40000000	-1.93474539	-11365.15041627	8116.58262206	0.11942861
1.41000000	-1.93351554	-11446.31624683	8116.58349737	0.12660852
1.42000000	-1.93221185	-11527.48208637	8116.58441868	0.13419955
1.43000000	-1.93083009	-11608.64793536	8116.58538830	0.14222698
1.44000000	-1.92936576	-11689.81379431	8116.58640871	0.15071786
1.45000000	-1.92781409	-11770.97966372	8116.58748250	0.15970100
1.46000000	-1.92617000	-11852.14554414	8116.58861243	0.16920716
1.47000000	-1.92442810	-11933.31143616	8116.58980140	0.17926906
1.48000000	-1.92258265	-12014.47734038	8116.59105252	0.18992146
1.49000000	-1.92062758	-12095.64325743	8116.59236903	0.20120120
1.50000000	-1.91855641	-12176.80918799	8116.59375439	0.21314714
1.51000000	-1.91636228	-12257.97513276	8116.59521224	0.22580015
1.52000000	-1.91403790	-12339.14109249	8116.59674644	0.23920294
1.53000000	-1.91157557	-12420.30706796	8116.59836104	0.25339987
1.54000000	-1.90896711	-12501.47305999	8116.60006031	0.26843665
1.55000000	-1.90620388	-12582.63906946	8116.60184876	0.28435986
1.56000000	-1.90327680	-12663.80509728	8116.60373108	0.30121647
1.57000000	-1.90017629	-12744.97114441	8116.60571218	0.31905305
1.58000000	-1.89689232	-12826.13721187	8116.60779718	0.33791494
1.59000000	-1.89341443	-12907.30330072	8116.60999138	0.35784516
1.60000000	-1.88973172	-12988.46941208	8116.61230022	0.37888319
1.61000000	-1.88583295	-13069.63554712	8116.61472930	0.40106356
1.62000000	-1.88170655	-13150.80170708	8116.61728428	0.42441429
1.63000000	-1.87734070	-13231.96789325	8116.61997089	0.44895521
1.64000000	-1.87272344	-13313.13410696	8116.62279483	0.47469625
1.65000000	-1.86784278	-13394.30034962	8116.62576172	0.50163567
1.66000000	-1.86268678	-13475.46662269	8116.62887705	0.52975849
1.67000000	-1.85724376	-13556.63292767	8116.63214606	0.55903504
1.68000000	-1.85150239	-13637.79926614	8116.63557366	0.58941989
1.69000000	-1.84545187	-13718.96563969	8116.63916439	0.62085124
1.70000000	-1.83908213	-13800.13204998	8116.64292226	0.65325083
1.71000000	-1.83238394	-13881.29849871	8116.64685074	0.68652460
1.72000000	-1.82534909	-13962.46498758	8116.65095261	0.72056397
1.73000000	-1.81797051	-14043.63151834	8116.65522996	0.75524795
1.74000000	-1.81024242	-14124.79809277	8116.65968411	0.79044583
1.75000000	-1.80216034	-14205.96471262	8116.66431559	0.82602044
1.76000000	-1.79372122	-14287.13137967	8116.66912412	0.86183168
1.77000000	-1.78492338	-14368.29809568	8116.67410864	0.89774006
1.78000000	-1.77576655	-14449.46486242	8116.67926735	0.93360988
1.79000000	-1.76625175	-14530.63168160	8116.68459769	0.96931157
1.80000000	-1.75638128	-14611.79855494	8116.69009647	1.00472299
1.81000000	-1.74615864	-14692.96548408	8116.69575991	1.03972907
1.82000000	-1.73558842	-14774.13247067	8116.70158365	1.07421984
1.83000000	-1.72467632	-14855.29951627	8116.70756281	1.10808645
1.84000000	-1.71342915	-14936.46662242	8116.71369200	1.14121547
1.85000000	-1.70185489	-15017.63379059	8116.71996525	1.17348156
1.86000000	-1.68996288	-15098.80102219	8116.72637597	1.20473918
1.87000000	-1.67776404	-15179.96831855	8116.73291685	1.23481394
1.88000000	-1.66527124	-15261.13568093	8116.73957962	1.26349461
1.89000000	-1.65249964	-15342.30311051	8116.74635496	1.29052676
1.90000000	-1.63946720	-15423.47060837	8116.75323220	1.31560917
1.91000000	-1.62619511	-15504.63817546	8116.76019914	1.33839417
1.92000000	-1.61270827	-15585.80581261	8116.76724184	1.35849260
1.93000000	-1.59903561	-15666.97352050	8116.77434450	1.37548412
1.94000000	-1.58521039	-15748.14129964	8116.78148930	1.38893265
1.95000000	-1.57127021	-15829.30915036	8116.78865648	1.39840662
1.96000000	-1.55725686	-15910.47707277	8116.79582444	1.40350263
1.97000000	-1.54321593	-15991.64506677	8116.80296997	1.40387090
1.98000000	-1.52919612	-16072.81313201	8116.81006863	1.39924017
1.99000000	-1.51524837	-16153.98126790	8116.81709524	1.38943974
2.00000000	-1.50142475	-16235.14947359	8116.82402442	1.37441639
2.01000000	-1.48777722	-16316.31774798	8116.83083123	1.35424447
2.02000000	-1.47435635	-16397.48608973	8116.83749177	1.32912800
2.03000000	-1.46121006	-16478.65449726	8116.84398384	1.29939467
2.04000000	-1.44838240	-16559.82296878	8116.85028744	1.26548248
2.05000000	-1.43591258	-16640.99150232	8116.85638524	1.22792053
2.06000000	-1.42383417	-16722.16009575	8116.86226290	1.18730587
2.07000000	-1.41217451	-16803.32874681	8116.86790932	1.14427885
2.08000000	-1.40095443	-16884.49745314	8116.87331668	1.09949910
2.09000000	-1.39018818	-16965.66621233	8116.87848046	1.05362401
2.10000000	-1.37988348	-17046.83502193	8116.88339926	1.00729137
2.11000000	-1.37004185	-17128.00387950	8116.88807472	0.96110705
2.12000000	-1.36065894	-17209.17278263	8116.89251117	0.91563828
2.13000000	-1.35172494	-17290.34172895	8116.89671550	0.87141279
2.14000000	-1.34322490	-17371.51071619	8116.90069687	0.82892378
2.15000000	-1.33513911	-17452.67974218	8116.90446655	0.78864060
2.16000000	-1.32744319	-17533.84880486	8116.90803781	0.75102531
2.17000000	-1.32010812	-17615.01790233	8116.91142590	0.71655529
2.18000000	-1.31309987	-17696.18703283	8116.91464814	0.68575264
2.19000000	-1.30637884	-17777.35619480	8116.91772418	0.65922146
2.20000000	-1.29989878	-17858.52538690	8116.92067642	0.63769473
2.21000000	-1.29360523	-17939.69460800	8116.92353067	0.62209296
2.22000000	-1.28743328	-18020.86385729	8116.92631712	0.61359737
2.23000000	-1.28130454	-18102.03313424	8116.92907162	0.61374036
2.24000000	-1.27512309	-18183.20243875	8116.93183735	0.62451591
2.25000000	-1.26877024	-18264.37177120	8116.93466709	0.64851059
2.26000000	-1.26209782	-18345.54113252	8116.93762597	0.68905220
2.27000000	-1.25492007	-18426.71052442	8116.94079487	0.75036519
2.28000000	-1.24700388	-18507.87994945	8116.94427438	0.83770814
2.29000000	-1.23805805	-18589.04941135	8116.94818922	0.95744514
2.30000000	-1.22772244	-18670.21891520	8116.95269250	1.11696802
2.31000000	-1.21555919	-18751.38846777	8116.95796909	1.32433838
2.32000000	-1.20104964	-18832.55807788	8116.96423631	1.58746667
2.33000000	-1.18360269	-18913.72775662	8116.97173988	1.91261414
2.34000000	-1.16258228	-18994.89751767	8116.98074162	2.30204701
2.35000000	-1.13736257	-19076.06737730	8116.99149563	2.75087711
2.36000000	-1.10741700	-19157.23735413	8117.00421065	3.24357591
2.37000000	-1.07243930	-19238.40746844	8117.01899964	3.75133792
2.38000000	-1.03247914	-19319.57774093	8117.03582428	4.23211907
2.39000000	-0.98805608	-19400.74819095	8117.05444974	4.63516590
2.40000000	-0.94020301	-19481.91883446	8117.07442977	4.91049832
2.41000000	-0.89039768	-19563.08968199	8117.09513872	5.02116899
2.42000000	-0.84037673	-19644.26073725	8117.11585145	4.95365024
2.43000000	-0.79187577	-19725.43199663	8117.13585221	4.72157829
2.44000000	-0.74637454	-19806.60344989	8117.15453908	4.36109599
2.45000000	-0.70492167	-19887.77508162	8117.17149386	3.92026410
2.46000000	-0.66807499	-19968.94687326	8117.18650336	3.44741518
2.47000000	-0.63594514	-20050.11880509	8117.19953844	2.98261529
2.48000000	-0.60830123	-20131.29085780	8117.21070829	2.55384501
2.49000000	-0.58469347	-20212.46301369	8117.22020892	2.17718780
2.50000000	-0.56456089	-20293.63525721	8117.22827853	1.85929968
2.51000000	-0.54730994	-20374.80757532	8117.23516549	1.60056300
2.52000000	-0.53236245	-20455.97995738	8117.24110910	1.39794133
2.53000000	-0.51917840	-20537.15239509	8117.24633071	1.24714302
2.54000000	-0.50726062	-20618.32488226	8117.25103214	1.14407204
2.55000000	-0.49614811	-20699.49741462	8117.25539863	1.08570568
2.56000000	-0.48540262	-20780.66998970	8117.25960433	1.07056609
2.57000000	-0.47459202	-20861.84260674	8117.26381895	1.09891609
2.58000000	-0.46327285	-20943.01526668	8117.26821466	1.17275130
2.59000000	-0.45097375	-21024.18797223	8117.27297239	1.29559874
2.60000000	-0.43718215	-21105.36072798	8117.27828686	1.47207578
2.61000000	-0.42133692	-21186.53354053	8117.28436920	1.70711815
2.62000000	-0.40283082	-21267.70641868	8117.29144575	2.00476702
2.63000000	-0.38102763	-21348.87937354	8117.29975130	2.36644070
2.64000000	-0.35529909	-21430.05241857	8117.30951496	2.78874945
2.65000000	-0.32508457	-21511.22556938	8117.32093767	3.26118093
2.66000000	-0.28997188	-21592.39884334	8117.33416220	3.76438380
2.67000000	-0.24978753	-21673.57225881	8117.34924018	4.27018427
2.68000000	-0.20467285	-21754.74583411	8117.36610495	4.74460780
2.69000000	-0.15511104	-21835.91958624	8117.38456327	5.15469894
2.70000000	-0.10186832	-21917.09352971	8117.40431903	5.47872258
2.71000000	-0.04582334	-21998.26767582	8117.42503782	5.71785012
2.72000000	0.01231639	-22079.44203276	8117.44645189	5.90666387
2.73000000	0.07238827	-22160.61660692	8117.46849641	6.12046867
2.74000000	0.13520280	-22241.79140570	8117.49146296	6.47886640
2.75000000	0.20298747	-22322.96644186	8117.51615612	7.14502900
2.76000000	0.27978378	-22404.14173935	8117.54403012	8.31543055
2.77000000	0.37163102	-22485.31734020	8117.57724593	10.18348883
2.78000000	0.48613565	-22566.49331108	8117.61850602	12.84762236
2.79000000	0.63074659	-22647.66974600	8117.67042745	16.14547492
2.80000000	0.80922717	-22728.84675973	8117.73428104	19.48317684
2.81000000	1.01728337	-22810.02446644	8117.80845189	21.88488073
2.82000000	1.24076745	-22891.20294641	8117.88784180	22.46571664
2.83000000	1.45986308	-22972.38221704	8117.96539933	21.05709916
2.84000000	1.65745723	-23053.56222783	8118.03510037	18.32302833
2.85000000	1.82518109	-23134.74288287	8118.09405753	15.23566267
2.86000000	1.96343204	-23215.92407368	8118.14248452	12.51144018
2.87000000	2.07763017	-23297.10570397	8118.18234639	10.44328298
2.88000000	2.17447899	-23378.28770007	8118.21603440	9.02562208
2.89000000	2.25987222	-23459.47001109	8118.24563436	8.12650080
2.90000000	2.33823366	-23540.65260438	8118.27270277	7.59577337
2.91000000	2.41259764	-23621.83546029	8118.29830170	7.30923734
2.92000000	2.48493063	-23703.01856782	8118.32311591	7.17736593
2.93000000	2.55645863	-23784.20192143	8118.34756999	7.14031168
2.94000000	2.62792398	-23865.38551889	8118.37191934	7.15986884
2.95000000	2.69976479	-23946.56935997	8118.39631348	7.21236109
2.96000000	2.77223238	-24027.75344559	8118.42083715	7.28339136
2.97000000	2.84546517	-24108.93777730	8118.44553619	7.36430195
2.98000000	2.91953389	-24190.12235698	8118.47043318	7.44992268
2.99000000	2.99446901	-24271.30718665	8118.49553701	7.53720097
3.00000000	3.07027755	-24352.49226841	8118.52084865	7.62439780
3.01000000	3.14695367	-24433.67760431	8118.54636478	7.71062551
3.02000000	3.22448576	-24514.86319637	8118.57208017	7.79557698
3.03000000	3.30286126	-24596.04904656	8118.59798938	7.87935176
3.04000000	3.38207010	-24677.23515679	8118.62408779	7.96232457
3.05000000	3.46210685	-24758.42152894	8118.65037239	8.04503022
3.06000000	3.54297178	-24839.60816485	8118.67684204	8.12805815
3.07000000	3.62467094	-24920.79506640	8118.70349750	8.21196072
3.08000000	3.70721542	-25001.98223543	8118.73034118	8.29718367
3.09000000	3.79062003	-25083.16967386	8118.75737666	8.38402656
3.10000000	3.87490185	-25164.35738362	8118.78460822	8.47263602
3.11000000	3.96007871	-25245.54536669	8118.81204032	8.56302915
3.12000000	4.04616816	-25326.73362511	8118.83967733	8.65513828
3.13000000	4.13318686	-25407.92216093	8118.86752326	8.74886466
3.14000000	4.22115057	-25489.11097628	8118.89558180	8.84412789
3.15000000	4.31007444	-25570.30007329	8118.92385642	8.94089966
3.16000000	4.39997370	-25651.48945414	8118.95235058	9.03921507
3.17000000	4.49086417	-25732.67912105	8118.98106789	9.13916020
3.18000000	4.58276269	-25813.86907626	8119.01001225	9.24083970
3.19000000	4.67568702	-25895.05932206	8119.03918780	9.34433223
3.20000000	4.76965541	-25976.24986080	8119.06859881	9.44964297
3.21000000	4.86468559	-26057.44069484	8119.09824935	9.55666210
3.22000000	4.96079352	-26138.63182659	8119.12814289	9.66513628
3.23000000	5.05799182	-26219.82325851	8119.15828184	9.77465746
3.24000000	5.15628832	-26301.01499305	8119.18866709	9.88467097
3.25000000	5.25568465	-26382.20703267	8119.21929764	9.99450309
3.26000000	5.35617529	-26463.39937981	8119.25017028	10.10340668
3.27000000	5.45774715	-26544.59203687	8119.28127951	10.21062230
3.28000000	5.56037976	-26625.78500616	8119.31261766	10.31545047
3.29000000	5.66404630	-26706.97828995	8119.34417515	10.41732842
3.30000000	5.76871528	-26788.17189036	8119.37594111	10.51590194
3.31000000	5.87435299	-26869.36580943	8119.40790405	10.61108116
3.32000000	5.98092624	-26950.56004906	8119.44005280	10.70306875
3.33000000	6.08840532	-27031.75461107	8119.47237730	10.79235130
3.34000000	6.19676663	-27112.94949717	8119.50486940	10.87965001
3.35000000	6.30599460	-27194.14470900	8119.53752346	10.96583404
3.36000000	6.41608262	-27275.34024817	8119.57033654	11.05180782
3.37000000	6.52703281	-27356.53611626	8119.60330833	11.13839013
3.38000000	6.63885457	-27437.73231487	8119.63644066	11.22620606
3.39000000	6.75156226	-27518.92884562	8119.66973684	11.31561225
3.40000000	6.86517235	-27600.12571016	8119.70320074	11.40667017
3.41000000	6.97970051	-27681.32291020	8119.73683599	11.49917391
3.42000000	7.09515934	-27762.52044746	8119.77064526	11.59272823
3.43000000	7.21155700	-27843.71832369	8119.80462994	11.68686297
3.44000000	7.32889713	-27924.91654065	8119.83879005	11.78116245
3.45000000	7.44717997	-28006.11510008	8119.87312465	11.87538524
3.46000000	7.56640461	-28087.31400372	8119.90763246	11.96955155
3.47000000	7.68657184	-28168.51325330	8119.94231272	12.06398164
3.48000000	7.80768711	-28249.71285055	8119.97716599	12.15927828
3.49000000	7.92976300	-28330.91279721	8120.01219490	12.25625690
3.50000000	8.05282092	-28412.11309505	8120.04740456	12.35583707
3.51000000	8.17689142	-28493.31374592	8120.08280266	12.45891542
3.52000000	8.30201342	-28574.51475176	8120.11839920	12.56624260
3.53000000	8.42823216	-28655.71611461	8120.15420588	12.67832517
3.54000000	8.55559649	-28736.91783662	8120.19023534	12.79536719
3.55000000	8.68415570	-28818.11992010	8120.22650023	12.91725837
3.56000000	8.81395654	-28899.32236745	8120.26301236	13.04360667
3.57000000	8.94504068	-28980.52518121	8120.29978204	13.17380579
3.58000000	9.07744305	-29061.72836398	8120.33681761	13.30712262
3.59000000	9.21119096	-29142.93191847	8120.37412519	13.44278855
3.60000000	9.34630423	-29224.13584740	8120.41170879	13.58007988
3.61000000	9.48279590	-29305.34015357	8120.44957049	13.71837746
3.62000000	9.62067351	-29386.54483974	8120.48771084	13.85720179
3.63000000	9.75994058	-29467.74990871	8120.52612928	13.99622529
3.64000000	9.90059807	-29548.95536325	8120.56482454	14.13526848
3.65000000	10.04264586	-29630.16120612	8120.60379506	14.27428792
3.66000000	10.18608400	-29711.36744006	8120.64303936	14.41336343
3.67000000	10.33091395	-29792.57406782	8120.68255634	14.55268859
3.68000000	10.47713960	-29873.78109210	8120.72234557	14.69256408
3.69000000	10.62476838	-29954.98851564	8120.76240759	14.83338936
3.70000000	10.77381215	-30036.19634117	8120.80274414	14.97564551
3.71000000	10.92428783	-30117.40457145	8120.84335830	15.11986225
3.72000000	11.07621769	-30198.61320927	8120.88425456	15.26656585
3.73000000	11.22962897	-30279.82225750	8120.92543873	15.41621029
3.74000000	11.38455274	-30361.03171903	8120.96691759	15.56910134
3.75000000	11.54102214	-30442.24159685	8121.00869840	15.72532904
3.76000000	11.69906992	-30523.45189403	8121.05078828	15.88472609
3.77000000	11.85872583	-30604.66261367	8121.09319350	16.04686672
3.78000000	12.02001428	-30685.87375896	8121.13591885	16.21111274
3.79000000	12.18295257	-30767.08533313	8121.17896720	16.37670163
3.80000000	12.34755020	-30848.29733939	8121.22233937	16.54286037
3.81000000	12.51380942	-30929.50978099	8121.26603423	16.70892101
3.82000000	12.68172670	-31010.72266114	8121.31004917	16.87441299
3.83000000	12.85129502	-31091.93598303	8121.35438069	17.03911388
3.84000000	13.02250641	-31173.14974980	8121.39902505	17.20305228
3.85000000	13.19535431	-31254.36396456	8121.44397893	17.36647020
3.86000000	13.36983539	-31335.57863040	8121.48923984	17.52976318
3.87000000	13.54595078	-31416.79375038	8121.53480650	17.69342018
3.88000000	13.72370681	-31498.00932755	8121.58067896	17.85798171
3.89000000	13.90311535	-31579.22536498	8121.62685870	18.02402536
3.90000000	14.08419433	-31660.44186576	8121.67334874	18.19217520
3.91000000	14.26696817	-31741.65883300	8121.72015375	18.36312216
3.92000000	14.45146865	-31822.87626990	8121.76728024	18.53763681
3.93000000	14.63773559	-31904.09417971	8121.81473672	18.71655738
3.94000000	14.82581736	-31985.31256577	8121.86253379	18.90074231
3.95000000	15.01577065	-32066.53143156	8121.91068411	19.09098617
3.96000000	15.20765937	-32147.75078068	8121.95920203	19.28790768
3.97000000	15.40155218	-32228.97061688	8122.00810304	19.49182732
3.98000000	15.59751901	-32310.19094407	8122.05740278	19.70265767
3.99000000	15.79562654	-32391.41176631	8122.10711600	19.91983198
4.00000000	15.99593332	-32472.63308781	8122.15725528	20.14229474
4.01000000	16.19848517	-32553.85491287	8122.20782994	20.36857142
4.02000000	16.40331167	-32635.07724588	8122.25884516	20.59692262
4.03000000	16.61042459	-32716.30009124	8122.31030170	20.82557115
4.04000000	16.81981888	-32797.52345337	8122.36219610	21.05297300
4.05000000	17.03147634	-32878.74733660	8122.41452172	21.27808703
4.06000000	17.24537183	-32959.97174521	8122.46727021	21.50059106
4.07000000	17.46148108	-33041.19668339	8122.52043353	21.72099615
4.08000000	17.67978910	-33122.42215525	8122.57400597	21.94062708
4.09000000	17.90029759	-33203.64816487	8122.62798593	22.16146355
4.10000000	18.12303025	-33284.87471634	8122.68237722	22.38586599
4.11000000	18.34803484	-33366.10181381	8122.73718945	22.61623643
4.12000000	18.57538196	-33447.32946158	8122.79243775	22.85468190
4.13000000	18.80516064	-33528.55766409	8122.84814158	23.10275079
4.14000000	19.03747199	-33609.78642600	8122.90432319	23.36130187
4.15000000	19.27242235	-33691.01575222	8122.96100592	23.63054020
4.16000000	19.51011761	-33772.24564787	8123.01821286	23.91021911
4.17000000	19.75066027	-33853.47611830	8123.07596608	24.19996758
4.18000000	19.99415006	-33934.70716908	8123.13428688	24.49966591
4.19000000	20.24068819	-34015.93880600	8123.19319670	24.80976971
4.20000000	20.49038407	-34097.17103506	8123.25271884	25.13148155
4.21000000	20.74336278	-34178.40386251	8123.31288012	25.46669628
4.22000000	20.99977063	-34259.63729490	8123.37371221	25.81769869
4.23000000	21.25977669	-34340.87133911	8123.43525196	26.18665823
4.24000000	21.52356865	-34422.10600243	8123.49754035	26.57502971
4.25000000	21.79134283	-34503.34129256	8123.56062009	26.98300980
4.26000000	22.06328974	-34584.57721761	8123.62453224	27.40920508
4.27000000	22.33957784	-34665.81378609	8123.68931240	27.85063263
4.28000000	22.62033927	-34747.05100684	8123.75498741	28.30310852
4.29000000	22.90566133	-34828.28888888	8123.82157348	28.76199836
4.30000000	23.19558686	-34909.52744137	8123.88907633	29.22322994
4.31000000	23.49012547	-34990.76667346	8123.95749395	29.68441651
4.32000000	23.78927584	-35072.00659428	8124.02682179	30.14591887
4.33000000	24.09305759	-35153.24721293	8124.09706017	30.61168092
4.34000000	24.40154982	-35234.48853856	8124.16822313	31.08968762
4.35000000	24.71493164	-35315.73058059	8124.24034764	31.59189297
4.36000000	25.03351859	-35396.97334894	8124.31350173	32.13342185
4.37000000	25.35778629	-35478.21685440	8124.38778963	32.73075805
4.38000000	25.68836926	-35559.46110898	8124.46335120	33.39852532
4.39000000	26.02601885	-35640.70612622	8124.54035195	34.14445355
4.40000000	26.37150081	-35721.95192138	8124.61895959	34.96238440
4.41000000	26.72541531	-35803.19851121	8124.69930307	35.82393190
4.42000000	27.08793426	-35884.44591335	8124.78141349	36.67077397
4.43000000	27.45847934	-35965.69414493	8124.86515221	37.41119500
4.44000000	27.83540550	-36046.94322059	8124.95014101	37.92540935
4.45000000	28.21579636	-36128.19314975	8125.03571823	38.08282821
4.46000000	28.59548865	-36209.44393381	8125.12094674	37.76984503
4.47000000	28.96939681	-36290.69556374	8125.20468916	36.92029417
4.48000000	29.33210598	-36371.94801862	8125.28574210	35.53662389
4.49000000	29.67858719	-36453.20126589	8125.36299623	33.69214039
4.50000000	30.00483132	-36534.45526293	8125.43557650	31.51319062
4.51000000	30.30823566	-36615.70995994	8125.50292585	29.14938147
4.52000000	30.58768293	-36696.96530323	8125.56481995	26.74380771
4.53000000	30.84336307	-36778.22123836	8125.62132482	24.41237488
4.54000000	31.07644833	-36859.47771269	8125.67272269	22.23513491
4.55000000	31.28873406	-36940.73467717	8125.71943104	20.25744629
4.56000000	31.48232251	-37021.99208728	8125.76193197	18.49668604
4.57000000	31.65938481	-37103.24990343	8125.80071953	16.95064285
4.58000000	31.82200458	-37184.50809087	8125.83626538	15.60516948
4.59000000	31.97208965	-37265.76661938	8125.86899979	14.44007008
4.60000000	32.11133305	-37347.02546277	8125.89930344	13.43310949
4.61000000	32.24120601	-37428.28459845	8125.92750639	12.56246129
4.62000000	32.36296939	-37509.54400684	8125.95389096	11.80802542
4.63000000	32.47769430	-37590.80367101	8125.97869661	11.15200427
4.64000000	32.58628605	-37672.06357619	8126.00212548	10.57903260
4.65000000	32.68950806	-37753.32370950	8126.02434786	10.07606320
4.66000000	32.78800392	-37834.58405961	8126.04550719	9.63213609
4.67000000	32.88231694	-37915.84461651	8126.06572451	9.23810677
4.68000000	32.97290690	-37997.10537130	8126.08510218	8.88637519
4.69000000	33.06016429	-38078.36631604	8126.10372715	8.57063577
4.70000000	33.14442206	-38159.62744358	8126.12167354	8.28565727
4.71000000	33.22596541	-38240.88874746	8126.13900486	8.02709398
4.72000000	33.30503986	-38322.15022181	8126.15577578	7.79132692
4.73000000	33.38185780	-38403.41186127	8126.17203363	7.57533184
4.74000000	33.45660390	-38484.67366091	8126.18781958	7.37657042
4.75000000	33.52943948	-38565.93561621	8126.20316962	7.19290140
4.76000000	33.60050615	-38647.19772296	8126.21811536	7.02250822
4.77000000	33.66992871	-38728.45997726	8126.23268469	6.86384043
4.78000000	33.73781758	-38809.72237548	8126.24690231	6.71556655
4.79000000	33.80427083	-38890.98491421	8126.26079020	6.57653614
4.80000000	33.86937577	-38972.24759025	8126.27436792	6.44574943
4.81000000	33.93321038	-39053.51040059	8126.28765301	6.32233314
4.82000000	33.99584444	-39134.77334239	8126.30066117	6.20552104
4.83000000	34.05734055	-39216.03641294	8126.31340652	6.09463849
4.84000000	34.11775498	-39297.29960968	8126.32590179	5.98909000
4.85000000	34.17713837	-39378.56293018	8126.33815846	5.88834914
4.86000000	34.23553643	-39459.82637209	8126.35018694	5.79195033
4.87000000	34.29299048	-39541.08993319	8126.36199665	5.69948194
4.88000000	34.34953795	-39622.35361132	8126.37359616	5.61058053
4.89000000	34.40521290	-39703.61740444	8126.38499332	5.52492585
4.90000000	34.46004635	-39784.88131054	8126.39619528	5.44223641
4.91000000	34.51406669	-39866.14532771	8126.40720864	5.36226554
4.92000000	34.56730000	-39947.40945411	8126.41803945	5.28479778
4.93000000	34.61977036	-40028.67368791	8126.42869336	5.20964559
4.94000000	34.67150009	-40109.93802740	8126.43917561	5.13664624
4.95000000	34.72250999	-40191.20247087	8126.44949108	5.06565898
4.96000000	34.77281957	-40272.46701668	8126.45964441	4.99656235
4.97000000	34.82244719	-40353.73166323	8126.46963992	4.92925176
4.98000000	34.87141026	-40434.99640897	8126.47948177	4.86363719
4.99000000	34.91972533	-40516.26125237	8126.48917389	4.79964114
5.00000000	34.96740825	-40597.52619196	8126.49872004	4.73719675
5.01000000	35.01447424	-40678.79122630	8126.50812386	4.67624611
5.02000000	35.06093798	-40760.05635397	8126.51738884	4.61673876
5.03000000	35.10681368	-40841.32157362	8126.52651835	4.55863039
5.04000000	35.15211512	-40922.58688390	8126.53551568	4.50188167
5.05000000	35.19685573	-41003.85228350	8126.54438401	4.44645730
5.06000000	35.24104857	-41085.11777116	8126.55312643	4.39232510
5.07000000	35.28470644	-41166.38334562	8126.56174597	4.33945538
5.08000000	35.32784180	-41247.64900568	8126.57024557	4.28782027
5.09000000	35.37046687	-41328.91475014	8126.57862810	4.23739331
5.10000000	35.41259361	-41410.18057786	8126.58689637	4.18814899
5.11000000	35.45423371	-41491.44648770	8126.59505311	4.14006249
5.12000000	35.49539863	-41572.71247856	8126.60310101	4.09310939
5.13000000	35.53609959	-41653.97854937	8126.61104268	4.04726551
5.14000000	35.57634756	-41735.24469907	8126.61888067	4.00250677
5.15000000	35.61615327	-41816.51092664	8126.62661746	3.95880909
5.16000000	35.65552720	-41897.77723109	8126.63425548	3.91614832
5.17000000	35.69447961	-41979.04361143	8126.64179711	3.87450024
5.18000000	35.73302050	-42060.31006672	8126.64924464	3.83384053
5.19000000	35.77115963	-42141.57659602	8126.65660032	3.79414477
5.20000000	35.80890653	-42222.84319842	8126.66386634	3.75538853
5.21000000	35.84627045	-42304.10987305	8126.67104482	3.71754736
5.22000000	35.88326044	-42385.37661904	8126.67813783	3.68059686
5.23000000	35.91988528	-42466.64343553	8126.68514738	3.64451277
5.24000000	35.95615350	-42547.91032171	8126.69207542	3.60927099
5.25000000	35.99207343	-42629.17727677	8126.69892385	3.57484769
5.26000000	36.02765311	-42710.44429993	8126.70569449	3.54121936
5.27000000	36.06290039	-42791.71139041	8126.71238915	3.50836288
5.28000000	36.09782286	-42872.97854746	8126.71900953	3.47625557
5.29000000	36.13242792	-42954.24577036	8126.72555733	3.44487526
5.30000000	36.16672272	-43035.51305837	8126.73203417	3.41420035
5.31000000	36.20071421	-43116.78041081	8126.73844162	3.38420982
5.32000000	36.23440913	-43198.04782698	8126.74478122	3.35488327
5.33000000	36.26781402	-43279.31530621	8126.75105445	3.32620095
5.34000000	36.30093523	-43360.58284785	8126.75726275	3.29814379
5.35000000	36.33377892	-43441.85045126	8126.76340751	3.27069335
5.36000000	36.36635106	-43523.11811580	8126.76949009	3.24383184
5.37000000	36.39865746	-43604.38584086	8126.77551179	3.21754212
5.38000000	36.43070376	-43685.65362583	8126.78147390	3.19180764
5.39000000	36.46249541	-43766.92147014	8126.78737765	3.16661245
5.40000000	36.49403775	-43848.18937320	8126.79322425	3.14194112
5.41000000	36.52533593	-43929.45733444	8126.79901486	3.11777873
5.42000000	36.55639497	-44010.72535331	8126.80475061	3.09411082
5.43000000	36.58721975	-44091.99342927	8126.81043260	3.07092333
5.44000000	36.61781500	-44173.26156179	8126.81606191	3.04820257
5.45000000	36.64818531	-44254.52975034	8126.82163957	3.02593519
5.46000000	36.67833517	-44335.79799441	8126.82716659	3.00410811
5.47000000	36.70826890	-44417.06629350	8126.83264395	2.98270849
5.48000000	36.73799072	-44498.33464713	8126.83807260	2.96172371
5.49000000	36.76750471	-44579.60305480	8126.84345346	2.94114131
5.50000000	36.79681485	-44660.87151604	8126.84878743	2.92094902
5.51000000	36.82592495	-44742.14003039	8126.85407538	2.90113468
5.52000000	36.85483876	-44823.40859740	8126.85931814	2.88168625
5.53000000	36.88355986	-44904.67721661	8126.86451654	2.86259182
5.54000000	36.91209174	-44985.94588758	8126.86967136	2.84383959
5.55000000	36.94043775	-45067.21460989	8126.87478336	2.82541785
5.56000000	36.96860116	-45148.48338311	8126.87985329	2.80731504
5.57000000	36.99658508	-45229.75220682	8126.88488185	2.78951971
5.58000000	37.02439254	-45311.02108061	8126.88986974	2.77202057
5.59000000	37.05202644	-45392.29000408	8126.89481762	2.75480648
5.60000000	37.07948958	-45473.55897683	8126.89972615	2.73786649
5.61000000	37.10678465	-45554.82799847	8126.90459592	2.72118983
5.62000000	37.13391422	-45636.09706862	8126.90942755	2.70476599
5.63000000	37.16088078	-45717.36618690	8126.91422161	2.68858469
5.64000000	37.18768669	-45798.63535293	8126.91897866	2.67263591
5.65000000	37.21433424	-45879.90456635	8126.92369922	2.65690994
5.66000000	37.24082560	-45961.17382680	8126.92838382	2.64139736
5.67000000	37.26716287	-46042.44313391	8126.93303294	2.62608911
5.68000000	37.29334803	-46123.71248734	8126.93764707	2.61097646
5.69000000	37.31938302	-46204.98188674	8126.94222667	2.59605105
5.70000000	37.34526965	-46286.25133176	8126.94677218	2.58130489
5.71000000	37.37100969	-46367.52082207	8126.95128402	2.56673040
5.72000000	37.39660481	-46448.79035733	8126.95576261	2.55232036
5.73000000	37.42205662	-46530.05993721	8126.96020835	2.53806798
5.74000000	37.44736667	-46611.32956139	8126.96462161	2.52396686
5.75000000	37.47253644	-46692.59922953	8126.96900278	2.51001101
5.76000000	37.49756736	-46773.86894134	8126.97335220	2.49619483
5.77000000	37.52246079	-46855.13869647	8126.97767024	2.48251313
5.78000000	37.54721805	-46936.40849464	8126.98195721	2.46896111
5.79000000	37.57184043	-47017.67833552	8126.98621346	2.45553433
5.80000000	37.59632914	-47098.94821880	8126.99043930	2.44222875
5.81000000	37.62068539	-47180.21814420	8126.99463504	2.42904067
5.82000000	37.64491034	-47261.48811141	8126.99880099	2.41596675
5.83000000	37.66900510	-47342.75812012	8127.00293743	2.40300396
5.84000000	37.69297078	-47424.02817006	8127.00704466	2.39014962
5.85000000	37.71680844	-47505.29826092	8127.01112297	2.37740133
5.86000000	37.74051915	-47586.56839242	8127.01517262	2.36475697
5.87000000	37.76410392	-47667.83856428	8127.01919390	2.35221470
5.88000000	37.78756378	-47749.10877621	8127.02318707	2.33977293
5.89000000	37.81089971	-47830.37902793	8127.02715240	2.32743030
5.90000000	37.83411271	-47911.64931916	8127.03109015	2.31518567
5.91000000	37.85720375	-47992.91964964	8127.03500057	2.30303810
5.92000000	37.88017380	-48074.19001908	8127.03888393	2.29098683
5.93000000	37.90302381	-48155.46042723	8127.04274048	2.27903128
5.94000000	37.92575474	-48236.73087380	8127.04657046	2.26717099
5.95000000	37.94836754	-48318.00135855	8127.05037413	2.25540567
5.96000000	37.97086317	-48399.27188120	8127.05415174	2.24373511
5.97000000	37.99324256	-48480.54244150	8127.05790353	2.23215925
5.98000000	38.01550667	-48561.81303919	8127.06162974	2.22067808
5.99000000	38.03765644	-48643.08367401	8127.06533063	2.20929167
6.00000000	38.05969282	-48724.35434571	8127.06900642	2.19800018
6.01000000	38.08161676	-48805.62505405	8127.07265737	2.18680377
6.02000000	38.10342921	-48886.89579878	8127.07628372	2.17570267
6.03000000	38.12513113	-48968.16657965	8127.07988570	2.16469711
6.04000000	38.14672347	-49049.43739641	8127.08346356	2.15378735
6.05000000	38.16820720	-49130.70824884	8127.08701753	2.14297363
6.06000000	38.18958327	-49211.97913668	8127.09054785	2.13225618
6.07000000	38.21085264	-49293.25005972	8127.09405475	2.12163521
6.08000000	38.23201629	-49374.52101770	8127.09753849	2.11111090
6.09000000	38.25307518	-49455.79201041	8127.10099928	2.10068336
6.10000000	38.27403028	-49537.06303761	8127.10443736	2.09035268
6.11000000	38.29488256	-49618.33409908	8127.10785297	2.08011887
6.12000000	38.31563298	-49699.60519460	8127.11124634	2.06998188
6.13000000	38.33628252	-49780.87632394	8127.11461769	2.05994159
6.14000000	38.35683214	-49862.14748688	8127.11796727	2.04999778
6.15000000	38.37728280	-49943.41868321	8127.12129529	2.04015015
6.16000000	38.39763546	-50024.68991271	8127.12460198	2.03039831
6.17000000	38.41789108	-50105.96117518	8127.12788756	2.02074178
6.18000000	38.43805061	-50187.23247040	8127.13115227	2.01117997
6.19000000	38.45811499	-50268.50379816	8127.13439631	2.00171218
6.20000000	38.47808516	-50349.77515825	8127.13761991	1.99233762
6.21000000	38.49796205	-50431.04655049	8127.14082328	1.98305538
6.22000000	38.51774658	-50512.31797465	8127.14400663	1.97386447
6.23000000	38.53743964	-50593.58943055	8127.14717018	1.96476376
6.24000000	38.55704215	-50674.86091799	8127.15031412	1.95575204
6.25000000	38.57655498	-50756.13243677	8127.15343868	1.94682799
6.26000000	38.59597900	-50837.40398670	8127.15654404	1.93799018
6.27000000	38.61531506	-50918.67556759	8127.15963041	1.92923710
6.28000000	38.63456401	-50999.94717925	8127.16269797	1.92056714
6.29000000	38.65372668	-51081.21882149	8127.16574693	1.91197861
6.30000000	38.67280385	-51162.49049412	8127.16877746	1.90346972
6.31000000	38.69179633	-51243.76219697	8127.17178975	1.89503862
6.32000000	38.71070488	-51325.03392986	8127.17478398	1.88668340
6.33000000	38.72953024	-51406.30569259	8127.17776032	1.87840207
6.34000000	38.74827316	-51487.57748500	8127.18071895	1.87019260
6.35000000	38.76693433	-51568.84930691	8127.18366004	1.86205289
6.36000000	38.78551444	-51650.12115815	8127.18658374	1.85398082
6.37000000	38.80401416	-51731.39303853	8127.18949022	1.84597425
6.38000000	38.82243414	-51812.66494789	8127.19237963	1.83803099
6.39000000	38.84077499	-51893.93688607	8127.19525212	1.83014887
6.40000000	38.85903731	-51975.20885288	8127.19810784	1.82232569
6.41000000	38.87722169	-52056.48084817	8127.20094694	1.81455927
6.42000000	38.89532868	-52137.75287177	8127.20376954	1.80684743
6.43000000	38.91335881	-52219.02492351	8127.20657579	1.79918802
6.44000000	38.93131261	-52300.29700323	8127.20936581	1.79157892
6.45000000	38.94919055	-52381.56911077	8127.21213974	1.78401805
6.46000000	38.96699312	-52462.84124597	8127.21489769	1.77650337
6.47000000	38.98472077	-52544.11340867	8127.21763979	1.76903289
6.48000000	39.00237392	-52625.38559871	8127.22036615	1.76160469
6.49000000	39.01995300	-52706.65781594	8127.22307688	1.75421692
6.50000000	39.03745839	-52787.93006020	8127.22577209	1.74686777
6.51000000	39.05489047	-52869.20233133	8127.22845189	1.73955555
6.52000000	39.07224962	-52950.47462918	8127.23111638	1.73227862
6.53000000	39.08953616	-53031.74695361	8127.23376566	1.72503546
6.54000000	39.10675043	-53113.01930445	8127.23639983	1.71782460
6.55000000	39.12389275	-53194.29168155	8127.23901898	1.71064470
6.56000000	39.14096343	-53275.56408478	8127.24162320	1.70349450
6.57000000	39.15796274	-53356.83651397	8127.24421259	1.69637284
6.58000000	39.17489098	-53438.10896898	8127.24678723	1.68927867
6.59000000	39.19174840	-53519.38144966	8127.24934720	1.68221102
6.60000000	39.20853528	-53600.65395587	8127.25189260	1.67516905
6.61000000	39.22525187	-53681.92648747	8127.25442350	1.66815200
6.62000000	39.24189840	-53763.19904430	8127.25693998	1.66115923
6.63000000	39.25847513	-53844.47162622	8127.25944213	1.65419017
6.64000000	39.27498228	-53925.74423309	8127.26193003	1.64724438
6.65000000	39.29142009	-54007.01686477	8127.26440374	1.64032150
6.66000000	39.30778879	-54088.28952112	8127.26686335	1.63342127
6.67000000	39.32408859	-54169.56220199	8127.26930893	1.62654351
6.68000000	39.34031973	-54250.83490725	8127.27174057	1.61968813
6.69000000	39.35648243	-54332.10763676	8127.27415832	1.61285514
6.70000000	39.37257691	-54413.38039037	8127.27656228	1.60604462
6.71000000	39.38860340	-54494.65316796	8127.27895251	1.59925670
6.72000000	39.40456212	-54575.92596938	8127.28132909	1.59249162
6.73000000	39.42045331	-54657.19879449	8127.28369210	1.58574966
6.74000000	39.43627719	-54738.47164317	8127.28604160	1.57903117
6.75000000	39.45203401	-54819.74451528	8127.28837767	1.57233657
6.76000000	39.46772400	-54901.01741068	8127.29070040	1.56566629
6.77000000	39.48334742	-54982.29032925	8127.29300985	1.55902086
6.78000000	39.49890451	-55063.56327084	8127.29530610	1.55240081
6.79000000	39.51439552	-55144.83623532	8127.29758923	1.54580672
6.80000000	39.52982073	-55226.10922258	8127.29985931	1.53923921
6.81000000	39.54518040	-55307.38223247	8127.30211643	1.53269890
6.82000000	39.56047480	-55388.65526486	8127.30436065	1.52618647
6.83000000	39.57570422	-55469.92831964	8127.30659207	1.51970257
6.84000000	39.59086895	-55551.20139666	8127.30881076	1.51324790
6.85000000	39.60596928	-55632.47449581	8127.31101680	1.50682315
6.86000000	39.62100551	-55713.74761696	8127.31321027	1.50042901
6.87000000	39.63597796	-55795.02075997	8127.31539126	1.49406617
6.88000000	39.65088694	-55876.29392474	8127.31755984	1.48773533
6.89000000	39.66573278	-55957.56711113	8127.31971610	1.48143715
6.90000000	39.68051580	-56038.84031902	8127.32186012	1.47517229
6.91000000	39.69523634	-56120.11354829	8127.32399199	1.46894142
6.92000000	39.70989474	-56201.38679882	8127.32611179	1.46274515
6.93000000	39.72449136	-56282.66007049	8127.32821960	1.45658409
6.94000000	39.73902654	-56363.93336317	8127.33031552	1.45045881
6.95000000	39.75350066	-56445.20667676	8127.33239963	1.44436988
6.96000000	39.76791406	-56526.48001113	8127.33447201	1.43831781
6.97000000	39.78226714	-56607.75336616	8127.33653275	1.43230309
6.98000000	39.79656025	-56689.02674174	8127.33858195	1.42632619
6.99000000	39.81079379	-56770.30013776	8127.34061968	1.42038752
7.00000000	39.82496813	-56851.57355410	8127.34264603	1.41448747
7.01000000	39.83908367	-56932.84699064	8127.34466110	1.40862640
7.02000000	39.85314079	-57014.12044728	8127.34666497	1.40280460
7.03000000	39.86713989	-57095.39392391	8127.34865772	1.39702237
7.04000000	39.88108137	-57176.66742040	8127.35063946	1.39127994
7.05000000	39.89496562	-57257.94093666	8127.35261025	1.38557750
7.06000000	39.90879305	-57339.21447257	8127.35457020	1.37991521
7.07000000	39.92256406	-57420.48802803	8127.35651939	1.37429320
7.08000000	39.93627905	-57501.76160292	8127.35845791	1.36871155
7.09000000	39.94993843	-57583.03519715	8127.36038584	1.36317030
7.10000000	39.96354259	-57664.30881060	8127.36230327	1.35766947
7.11000000	39.97709195	-57745.58244318	8127.36421029	1.35220902
7.12000000	39.99058691	-57826.85609477	8127.36610698	1.34678891
7.13000000	40.00402786	-57908.12976529	8127.36799343	1.34140902
7.14000000	40.01741522	-57989.40345461	8127.36986972	1.33606925
7.15000000	40.03074938	-58070.67716265	8127.37173595	1.33076942
7.16000000	40.04403074	-58151.95088930	8127.37359218	1.32550935
7.17000000	40.05725970	-58233.22463446	8127.37543852	1.32028883
7.18000000	40.07043665	-58314.49839803	8127.37727503	1.31510761
7.19000000	40.08356198	-58395.77217993	8127.37910180	1.30996542
7.20000000	40.09663609	-58477.04598004	8127.38091891	1.30486198
7.21000000	40.10965935	-58558.31979827	8127.38272644	1.29979696
7.22000000	40.12263215	-58639.59363453	8127.38452447	1.29477003
7.23000000	40.13555488	-58720.86748873	8127.38631309	1.28978085
7.24000000	40.14842790	-58802.14136076	8127.38809236	1.28482903
7.25000000	40.16125158	-58883.41525055	8127.38986236	1.27991420
7.26000000	40.17402630	-58964.68915798	8127.39162318	1.27503595
7.27000000	40.18675242	-59045.96308298	8127.39337488	1.27019387
7.28000000	40.19943030	-59127.23702545	8127.39511755	1.26538753
7.29000000	40.21206029	-59208.51098530	8127.39685125	1.26061652
7.30000000	40.22464275	-59289.78496244	8127.39857605	1.25588038
7.31000000	40.23717801	-59371.05895679	8127.40029204	1.25117868
7.32000000	40.24966643	-59452.33296826	8127.40199927	1.24651097
7.33000000	40.26210834	-59533.60699675	8127.40369783	1.24187678
7.34000000	40.27450408	-59614.88104218	8127.40538777	1.23727568
7.35000000	40.28685397	-59696.15510448	8127.40706918	1.23270720
7.36000000	40.29915833	-59777.42918354	8127.40874210	1.22817089
7.37000000	40.31141749	-59858.70327929	8127.41040662	1.22366631
7.38000000	40.32363176	-59939.97739164	8127.41206279	1.21919300
7.39000000	40.33580145	-60021.25152052	8127.41371069	1.21475052
7.40000000	40.34792687	-60102.52566583	8127.41535037	1.21033844
7.41000000	40.36000832	-60183.79982750	8127.41698189	1.20595632
7.42000000	40.37204610	-60265.07400544	8127.41860533	1.20160374
7.43000000	40.38404049	-60346.34819958	8127.42022074	1.19728029
7.44000000	40.39599180	-60427.62240983	8127.42182818	1.19298555
7.45000000	40.40790030	-60508.89663611	8127.42342771	1.18871914
7.46000000	40.41976627	-60590.17087836	8127.42501939	1.18448065
7.47000000	40.43159000	-60671.44513648	8127.42660328	1.18026972
7.48000000	40.44337176	-60752.71941040	8127.42817943	1.17608599
7.49000000	40.45511181	-60833.99370004	8127.42974791	1.17192908
7.50000000	40.46681043	-60915.26800533	8127.43130877	1.16779867
7.51000000	40.47846787	-60996.54232619	8127.43286206	1.16369442
7.52000000	40.49008440	-61077.81666255	8127.43440784	1.15961602
7.53000000	40.50166028	-61159.09101432	8127.43594616	1.15556315
7.54000000	40.51319575	-61240.36538144	8127.43747708	1.15153552
7.55000000	40.52469107	-61321.63976384	8127.43900065	1.14753286
7.56000000	40.53614649	-61402.91416143	8127.44051692	1.14355488
7.57000000	40.54756225	-61484.18857415	8127.44202595	1.13960135
7.58000000	40.55893860	-61565.46300193	8127.44352777	1.13567201
7.59000000	40.57027577	-61646.73744468	8127.44502246	1.13176663
7.60000000	40.58157401	-61728.01190235	8127.44651005	1.12788499
7.61000000	40.59283355	-61809.28637486	8127.44799059	1.12402688
7.62000000	40.60405462	-61890.56086214	8127.44946414	1.12019211
7.63000000	40.61523747	-61971.83536412	8127.45093075	1.11638049
7.64000000	40.62638231	-62053.10988073	8127.45239045	1.11259185
7.65000000	40.63748938	-62134.38441191	8127.45384331	1.10882603
7.66000000	40.64855891	-62215.65895758	8127.45528936	1.10508286
7.67000000	40.65959111	-62296.93351767	8127.45672866	1.10136221
7.68000000	40.67058623	-62378.20809213	8127.45816124	1.09766394
7.69000000	40.68154447	-62459.48268087	8127.45958717	1.09398793
7.70000000	40.69246606	-62540.75728385	8127.46100648	1.09033405
7.71000000	40.70335122	-62622.03190098	8127.46241922	1.08670221
7.72000000	40.71420018	-62703.30653221	8127.46382544	1.08309230
7.73000000	40.72501314	-62784.58117747	8127.46522518	1.07950422
7.74000000	40.73579033	-62865.85583669	8127.46661848	1.07593789
7.75000000	40.74653197	-62947.13050982	8127.46800539	1.07239323
7.76000000	40.75723827	-63028.40519678	8127.46938596	1.06887016
7.77000000	40.76790944	-63109.67989752	8127.47076023	1.06536861
7.78000000	40.77854571	-63190.95461196	8127.47212824	1.06188852
7.79000000	40.78914729	-63272.22934006	8127.47349003	1.05842982
7.80000000	40.79971438	-63353.50408174	8127.47484566	1.05499247
7.81000000	40.81024721	-63434.77883695	8127.47619515	1.05157640
7.82000000	40.82074598	-63516.05360563	8127.47753857	1.04818156
7.83000000	40.83121091	-63597.32838770	8127.47887594	1.04480791
7.84000000	40.84164221	-63678.60318313	8127.48020731	1.04145540
7.85000000	40.85204009	-63759.87799183	8127.48153273	1.03812399
7.86000000	40.86240476	-63841.15281376	8127.48285223	1.03481364
7.87000000	40.87273643	-63922.42764886	8127.48416586	1.03152430
7.88000000	40.88303531	-64003.70249706	8127.48547365	1.02825593
7.89000000	40.89330162	-64084.97735831	8127.48677566	1.02500849
7.90000000	40.90353555	-64166.25223255	8127.48807191	1.02178195
7.91000000	40.91373733	-64247.52711973	8127.48936246	1.01857625
7.92000000	40.92390715	-64328.80201978	8127.49064734	1.01539136
7.93000000	40.93404522	-64410.07693266	8127.49192659	1.01222723
7.94000000	40.94415176	-64491.35185830	8127.49320026	1.00908383
7.95000000	40.95422697	-64572.62679664	8127.49446838	1.00596110
7.96000000	40.96427105	-64653.90174764	8127.49573099	1.00285900
7.97000000	40.97428422	-64735.17671124	8127.49698814	0.99977748
7.98000000	40.98426667	-64816.45168739	8127.49823986	0.99671649
7.99000000	40.99421861	-64897.72667602	8127.49948619	0.99367597
8.00000000	41.00414026	-64979.00167710	8127.50072717	0.99065586
