T	Ut	Ft	St	Ct
0.0100	-1.9922	-3.0118	101.9614	0.0000
0.0200	-1.9922	-4.0314	101.9614	0.0000
0.0300	-1.9922	-5.0510	101.9614	0.0000
0.0400	-1.9922	-6.0706	101.9614	0.0000
0.0500	-1.9922	-7.0903	101.9614	0.0000
0.0600	-1.9922	-8.1099	101.9614	0.0000
0.0700	-1.9922	-9.1295	101.9614	0.0000
0.0800	-1.9922	-10.1491	101.9614	0.0000
0.0900	-1.9922	-11.1687	101.9614	0.0000
0.1000	-1.9922	-12.1883	101.9614	0.0000
0.1100	-1.9922	-13.2079	101.9614	0.0000
0.1200	-1.9922	-14.2276	101.9614	-0.0000
0.1300	-1.9922	-15.2472	101.9614	0.0000
0.1400	-1.9922	-16.2668	101.9614	0.0000
0.1500	-1.9922	-17.2864	101.9614	0.0000
0.1600	-1.9922	-18.3060	101.9614	0.0000
0.1700	-1.9922	-19.3256	101.9614	0.0000
0.1800	-1.9922	-20.3452	101.9614	0.0000
0.1900	-1.9922	-21.3649	101.9614	0.0000
0.2000	-1.9922	-22.3845	101.9614	0.0000
0.2100	-1.9922	-23.4041	101.9614	0.0000
0.2200	-1.9922	-24.4237	101.9614	0.0000
0.2300	-1.9922	-25.4433	101.9614	0.0000
0.2400	-1.9922	-26.4629	101.9614	0.0000
0.2500	-1.9922	-27.4825	101.9614	0.0000
0.2600	-1.9922	-28.5022	101.9614	0.0000
0.2700	-1.9922	-29.5218	101.9614	0.0000
0.2800	-1.9922	-30.5414	101.9614	0.0000
0.2900	-1.9922	-31.5610	101.9614	0.0000
0.3000	-1.9922	-32.5806	101.9614	0.0000
0.3100	-1.9922	-33.6002	101.9614	0.0000
0.3200	-1.9922	-34.6198	101.9614	0.0000
0.3300	-1.9922	-35.6394	101.9614	0.0000
0.3400	-1.9922	-36.6591	101.9614	0.0000
0.3500	-1.9922	-37.6787	101.9614	0.0000
0.3600	-1.9922	-38.6983	101.9614	0.0000
0.3700	-1.9922	-39.7179	101.9614	0.0000
0.3800	-1.9922	-40.7375	101.9614	0.0000
0.3900	-1.9922	-41.7571	101.9614	0.0000
0.4000	-1.9922	-42.7767	101.9614	0.0000
0.4100	-1.9922	-43.7964	101.9614	0.0000
0.4200	-1.9922	-44.8160	101.9614	0.0000
0.4300	-1.9922	-45.8356	101.9614	0.0000
0.4400	-1.9922	-46.8552	101.9614	0.0001
0.4500	-1.9922	-47.8748	101.9614	0.0001
0.4600	-1.9922	-48.8944	101.9614	0.0001
0.4700	-1.9922	-49.9140	101.9614	0.0001
0.4800	-1.9922	-50.9337	101.9614	0.0001
0.4900	-1.9922	-51.9533	101.9614	0.0001
0.5000	-1.9922	-52.9729	101.9614	0.0001
0.5100	-1.9922	-53.9925	101.9614	0.0002
0.5200	-1.9922	-55.0121	101.9614	0.0002
0.5300	-1.9922	-56.0317	101.9614	0.0002
0.5400	-1.9922	-57.0513	101.9614	0.0003
0.5500	-1.9922	-58.0710	101.9614	0.0003
0.5600	-1.9922	-59.0906	101.9614	0.0004
0.5700	-1.9922	-60.1102	101.9615	0.0004
0.5800	-1.9922	-61.1298	101.9615	0.0005
0.5900	-1.9922	-62.1494	101.9615	0.0005
0.6000	-1.9921	-63.1690	101.9615	0.0006
0.6100	-1.9921	-64.1886	101.9615	0.0007
0.6200	-1.9921	-65.2083	101.9615	0.0008
0.6300	-1.9921	-66.2279	101.9615	0.0009
0.6400	-1.9921	-67.2475	101.9615	0.0010
0.6500	-1.9921	-68.2671	101.9615	0.0012
0.6600	-1.9921	-69.2867	101.9616	0.0013
0.6700	-1.9921	-70.3063	101.9616	0.0015
0.6800	-1.9921	-71.3260	101.9616	0.0017
0.6900	-1.9920	-72.3456	101.9616	0.0019
0.7000	-1.9920	-73.3652	101.9617	0.0021
0.7100	-1.9920	-74.3848	101.9617	0.0024
0.7200	-1.9920	-75.4044	101.9617	0.0026
0.7300	-1.9919	-76.4240	101.9618	0.0029
0.7400	-1.9919	-77.4437	101.9618	0.0033
0.7500	-1.9919	-78.4633	101.9619	0.0036
0.7600	-1.9918	-79.4829	101.9619	0.0040
0.7700	-1.9918	-80.5025	101.9620	0.0044
0.7800	-1.9918	-81.5221	101.9620	0.0048
0.7900	-1.9917	-82.5418	101.9621	0.0053
0.8000	-1.9917	-83.5614	101.9622	0.0058
0.8100	-1.9916	-84.5810	101.9622	0.0064
0.8200	-1.9915	-85.6006	101.9623	0.0070
0.8300	-1.9915	-86.6202	101.9624	0.0076
0.8400	-1.9914	-87.6399	101.9625	0.0083
0.8500	-1.9913	-88.6595	101.9626	0.0090
0.8600	-1.9912	-89.6791	101.9627	0.0097
0.8700	-1.9911	-90.6987	101.9628	0.0105
0.8800	-1.9910	-91.7184	101.9629	0.0113
0.8900	-1.9909	-92.7380	101.9631	0.0121
0.9000	-1.9907	-93.7576	101.9632	0.0130
0.9100	-1.9906	-94.7773	101.9634	0.0139
0.9200	-1.9905	-95.7969	101.9635	0.0149
0.9300	-1.9903	-96.8165	101.9637	0.0158
0.9400	-1.9901	-97.8362	101.9639	0.0168
0.9500	-1.9900	-98.8558	101.9640	0.0178
0.9600	-1.9898	-99.8755	101.9642	0.0188
0.9700	-1.9896	-100.8951	101.9644	0.0197
0.9800	-1.9894	-101.9147	101.9646	0.0207
0.9900	-1.9892	-102.9344	101.9649	0.0217
1.0000	-1.9890	-103.9540	101.9651	0.0226
1.0100	-1.9887	-104.9737	101.9653	0.0235
1.0200	-1.9885	-105.9934	101.9656	0.0244
1.0300	-1.9882	-107.0130	101.9658	0.0252
1.0400	-1.9880	-108.0327	101.9660	0.0259
1.0500	-1.9877	-109.0523	101.9663	0.0266
1.0600	-1.9875	-110.0720	101.9665	0.0272
1.0700	-1.9872	-111.0917	101.9668	0.0277
1.0800	-1.9869	-112.1113	101.9671	0.0281
1.0900	-1.9866	-113.1310	101.9673	0.0285
1.1000	-1.9863	-114.1507	101.9676	0.0287
1.1100	-1.9860	-115.1704	101.9678	0.0289
1.1200	-1.9858	-116.1900	101.9681	0.0290
1.1300	-1.9855	-117.2097	101.9684	0.0290
1.1400	-1.9852	-118.2294	101.9686	0.0289
1.1500	-1.9849	-119.2491	101.9689	0.0287
1.1600	-1.9846	-120.2688	101.9691	0.0284
1.1700	-1.9843	-121.2885	101.9694	0.0281
1.1800	-1.9840	-122.3082	101.9696	0.0277
1.1900	-1.9838	-123.3279	101.9698	0.0273
1.2000	-1.9835	-124.3476	101.9701	0.0267
1.2100	-1.9832	-125.3673	101.9703	0.0262
1.2200	-1.9830	-126.3870	101.9705	0.0256
1.2300	-1.9827	-127.4067	101.9707	0.0250
1.2400	-1.9825	-128.4264	101.9709	0.0243
1.2500	-1.9822	-129.4461	101.9711	0.0236
1.2600	-1.9820	-130.4658	101.9713	0.0230
1.2700	-1.9818	-131.4855	101.9715	0.0223
1.2800	-1.9816	-132.5052	101.9716	0.0216
1.2900	-1.9813	-133.5249	101.9718	0.0208
1.3000	-1.9811	-134.5447	101.9719	0.0201
1.3100	-1.9809	-135.5644	101.9721	0.0195
1.3200	-1.9807	-136.5841	101.9722	0.0188
1.3300	-1.9806	-137.6038	101.9724	0.0181
1.3400	-1.9804	-138.6236	101.9725	0.0174
1.3500	-1.9802	-139.6433	101.9726	0.0168
1.3600	-1.9801	-140.6630	101.9728	0.0162
1.3700	-1.9799	-141.6827	101.9729	0.0155
1.3800	-1.9797	-142.7025	101.9730	0.0150
1.3900	-1.9796	-143.7222	101.9731	0.0144
1.4000	-1.9795	-144.7419	101.9732	0.0138
1.4100	-1.9793	-145.7617	101.9733	0.0133
1.4200	-1.9792	-146.7814	101.9734	0.0128
1.4300	-1.9791	-147.8011	101.9735	0.0123
1.4400	-1.9789	-148.8209	101.9736	0.0118
1.4500	-1.9788	-149.8406	101.9736	0.0114
1.4600	-1.9787	-150.8603	101.9737	0.0109
1.4700	-1.9786	-151.8801	101.9738	0.0105
1.4800	-1.9785	-152.8998	101.9739	0.0101
1.4900	-1.9784	-153.9196	101.9739	0.0097
1.5000	-1.9783	-154.9393	101.9740	0.0094
1.5100	-1.9782	-155.9590	101.9741	0.0090
1.5200	-1.9781	-156.9788	101.9741	0.0087
1.5300	-1.9780	-157.9985	101.9742	0.0084
1.5400	-1.9780	-159.0183	101.9742	0.0081
1.5500	-1.9779	-160.0380	101.9743	0.0078
1.5600	-1.9778	-161.0577	101.9743	0.0075
1.5700	-1.9777	-162.0775	101.9744	0.0072
1.5800	-1.9777	-163.0972	101.9744	0.0070
1.5900	-1.9776	-164.1170	101.9745	0.0067
1.6000	-1.9775	-165.1367	101.9745	0.0065
1.6100	-1.9775	-166.1565	101.9745	0.0063
1.6200	-1.9774	-167.1762	101.9746	0.0061
1.6300	-1.9773	-168.1960	101.9746	0.0059
1.6400	-1.9773	-169.2157	101.9746	0.0057
1.6500	-1.9772	-170.2354	101.9747	0.0055
1.6600	-1.9772	-171.2552	101.9747	0.0053
1.6700	-1.9771	-172.2749	101.9747	0.0052
1.6800	-1.9771	-173.2947	101.9748	0.0050
1.6900	-1.9770	-174.3144	101.9748	0.0048
1.7000	-1.9770	-175.3342	101.9748	0.0047
1.7100	-1.9769	-176.3539	101.9749	0.0046
1.7200	-1.9769	-177.3737	101.9749	0.0044
1.7300	-1.9768	-178.3934	101.9749	0.0043
1.7400	-1.9768	-179.4132	101.9749	0.0042
1.7500	-1.9768	-180.4329	101.9750	0.0040
1.7600	-1.9767	-181.4527	101.9750	0.0039
1.7700	-1.9767	-182.4724	101.9750	0.0038
1.7800	-1.9766	-183.4922	101.9750	0.0037
1.7900	-1.9766	-184.5119	101.9750	0.0036
1.8000	-1.9766	-185.5317	101.9751	0.0035
1.8100	-1.9765	-186.5514	101.9751	0.0034
1.8200	-1.9765	-187.5712	101.9751	0.0033
1.8300	-1.9765	-188.5909	101.9751	0.0033
1.8400	-1.9764	-189.6107	101.9751	0.0032
1.8500	-1.9764	-190.6304	101.9752	0.0031
1.8600	-1.9764	-191.6502	101.9752	0.0030
1.8700	-1.9763	-192.6699	101.9752	0.0029
1.8800	-1.9763	-193.6897	101.9752	0.0029
1.8900	-1.9763	-194.7094	101.9752	0.0028
1.9000	-1.9763	-195.7292	101.9752	0.0027
1.9100	-1.9762	-196.7489	101.9752	0.0027
1.9200	-1.9762	-197.7687	101.9753	0.0026
1.9300	-1.9762	-198.7885	101.9753	0.0026
1.9400	-1.9761	-199.8082	101.9753	0.0025
1.9500	-1.9761	-200.8280	101.9753	0.0025
1.9600	-1.9761	-201.8477	101.9753	0.0024
1.9700	-1.9761	-202.8675	101.9753	0.0023
1.9800	-1.9761	-203.8872	101.9753	0.0023
1.9900	-1.9760	-204.9070	101.9753	0.0023
2.0000	-1.9760	-205.9267	101.9754	0.0022
2.0100	-1.9760	-206.9465	101.9754	0.0022
2.0200	-1.9760	-207.9662	101.9754	0.0021
2.0300	-1.9759	-208.9860	101.9754	0.0021
2.0400	-1.9759	-210.0057	101.9754	0.0020
2.0500	-1.9759	-211.0255	101.9754	0.0020
2.0600	-1.9759	-212.0453	101.9754	0.0020
2.0700	-1.9759	-213.0650	101.9754	0.0020
2.0800	-1.9758	-214.0848	101.9754	0.0020
2.0900	-1.9758	-215.1045	101.9755	0.0022
2.1000	-1.9758	-216.1243	101.9755	0.0026
2.1100	-1.9758	-217.1440	101.9755	0.0037
2.1200	-1.9757	-218.1638	101.9755	0.0061
2.1300	-1.9756	-219.1835	101.9755	0.0121
2.1400	-1.9754	-220.2033	101.9756	0.0269
2.1500	-1.9750	-221.2230	101.9758	0.0635
2.1600	-1.9740	-222.2428	101.9763	0.1559
2.1700	-1.9714	-223.2626	101.9775	0.3907
2.1800	-1.9650	-224.2824	101.9804	0.9847
2.1900	-1.9490	-225.3022	101.9878	2.4272
2.2000	-1.9110	-226.3221	102.0051	5.4977
2.2100	-1.8334	-227.3424	102.0402	10.1109
2.2200	-1.7151	-228.3630	102.0936	12.7885
2.2300	-1.5956	-229.3842	102.1474	10.4039
2.2400	-1.5125	-230.4059	102.1845	6.3140
2.2500	-1.4640	-231.4279	102.2062	3.7041
2.2600	-1.4336	-232.4500	102.2197	2.5543
2.2700	-1.4105	-233.4723	102.2299	2.1324
2.2800	-1.3900	-234.4946	102.2389	1.9943
2.2900	-1.3703	-235.5170	102.2475	1.9478
2.3000	-1.3510	-236.5395	102.2559	1.9196
2.3100	-1.3319	-237.5621	102.2642	1.8846
2.3200	-1.3133	-238.5848	102.2722	1.8364
2.3300	-1.2953	-239.6076	102.2800	1.7757
2.3400	-1.2778	-240.6304	102.2874	1.7060
2.3500	-1.2612	-241.6533	102.2945	1.6313
2.3600	-1.2452	-242.6763	102.3013	1.5552
2.3700	-1.2300	-243.6994	102.3077	1.4807
2.3800	-1.2156	-244.7225	102.3138	1.4097
2.3900	-1.2018	-245.7456	102.3196	1.3435
2.4000	-1.1887	-246.7689	102.3251	1.2827
2.4100	-1.1762	-247.7921	102.3303	1.2275
2.4200	-1.1641	-248.8155	102.3353	1.1774
2.4300	-1.1526	-249.8388	102.3400	1.1323
2.4400	-1.1415	-250.8623	102.3446	1.0915
2.4500	-1.1308	-251.8857	102.3490	1.0545
2.4600	-1.1204	-252.9092	102.3532	1.0208
2.4700	-1.1103	-253.9328	102.3573	0.9900
2.4800	-1.1006	-254.9564	102.3612	0.9615
2.4900	-1.0911	-255.9800	102.3650	0.9351
2.5000	-1.0819	-257.0037	102.3687	0.9105
2.5100	-1.0729	-258.0274	102.3723	0.8875
2.5200	-1.0641	-259.0511	102.3758	0.8657
2.5300	-1.0556	-260.0749	102.3792	0.8452
2.5400	-1.0472	-261.0987	102.3825	0.8257
2.5500	-1.0390	-262.1226	102.3857	0.8073
2.5600	-1.0311	-263.1464	102.3888	0.7898
2.5700	-1.0232	-264.1703	102.3919	0.7731
2.5800	-1.0156	-265.1943	102.3948	0.7573
2.5900	-1.0081	-266.2182	102.3977	0.7423
2.6000	-1.0007	-267.2422	102.4006	0.7281
2.6100	-0.9935	-268.2662	102.4033	0.7145
2.6200	-0.9864	-269.2903	102.4060	0.7017
2.6300	-0.9795	-270.3144	102.4087	0.6894
2.6400	-0.9727	-271.3385	102.4113	0.6778
2.6500	-0.9659	-272.3626	102.4138	0.6667
2.6600	-0.9593	-273.3867	102.4163	0.6561
2.6700	-0.9528	-274.4109	102.4188	0.6460
2.6800	-0.9464	-275.4351	102.4212	0.6363
2.6900	-0.9401	-276.4593	102.4235	0.6270
2.7000	-0.9339	-277.4836	102.4258	0.6180
2.7100	-0.9277	-278.5079	102.4281	0.6093
2.7200	-0.9217	-279.5321	102.4303	0.6009
2.7300	-0.9157	-280.5565	102.4325	0.5927
2.7400	-0.9098	-281.5808	102.4347	0.5847
2.7500	-0.9040	-282.6052	102.4368	0.5769
2.7600	-0.8983	-283.6295	102.4389	0.5693
2.7700	-0.8926	-284.6539	102.4409	0.5619
2.7800	-0.8870	-285.6784	102.4429	0.5546
2.7900	-0.8815	-286.7028	102.4449	0.5474
2.8000	-0.8761	-287.7273	102.4468	0.5403
2.8100	-0.8707	-288.7517	102.4488	0.5333
2.8200	-0.8654	-289.7762	102.4506	0.5265
2.8300	-0.8602	-290.8007	102.4525	0.5197
2.8400	-0.8550	-291.8253	102.4543	0.5131
2.8500	-0.8499	-292.8498	102.4561	0.5065
2.8600	-0.8449	-293.8744	102.4579	0.5000
2.8700	-0.8399	-294.8990	102.4596	0.4936
2.8800	-0.8350	-295.9236	102.4613	0.4874
2.8900	-0.8302	-296.9482	102.4630	0.4812
2.9000	-0.8254	-297.9728	102.4646	0.4750
2.9100	-0.8207	-298.9975	102.4663	0.4690
2.9200	-0.8160	-300.0222	102.4679	0.4631
2.9300	-0.8114	-301.0469	102.4694	0.4573
2.9400	-0.8069	-302.0716	102.4710	0.4516
2.9500	-0.8024	-303.0963	102.4725	0.4459
2.9600	-0.7980	-304.1210	102.4740	0.4404
2.9700	-0.7936	-305.1458	102.4755	0.4350
2.9800	-0.7893	-306.1705	102.4769	0.4296
2.9900	-0.7850	-307.1953	102.4784	0.4244
3.0000	-0.7808	-308.2201	102.4798	0.4193
3.0100	-0.7766	-309.2449	102.4812	0.4143
3.0200	-0.7725	-310.2697	102.4825	0.4093
3.0300	-0.7684	-311.2945	102.4839	0.4045
3.0400	-0.7644	-312.3194	102.4852	0.3998
3.0500	-0.7604	-313.3442	102.4865	0.3952
3.0600	-0.7565	-314.3691	102.4878	0.3907
3.0700	-0.7526	-315.3940	102.4891	0.3863
3.0800	-0.7488	-316.4189	102.4903	0.3820
3.0900	-0.7450	-317.4438	102.4915	0.3778
3.1000	-0.7412	-318.4687	102.4928	0.3736
3.1100	-0.7375	-319.4937	102.4939	0.3696
3.1200	-0.7338	-320.5186	102.4951	0.3657
3.1300	-0.7302	-321.5436	102.4963	0.3619
3.1400	-0.7266	-322.5685	102.4974	0.3581
3.1500	-0.7230	-323.5935	102.4986	0.3545
3.1600	-0.7195	-324.6185	102.4997	0.3509
3.1700	-0.7160	-325.6435	102.5008	0.3474
3.1800	-0.7125	-326.6685	102.5019	0.3440
3.1900	-0.7091	-327.6935	102.5030	0.3407
3.2000	-0.7057	-328.7186	102.5040	0.3374
3.2100	-0.7024	-329.7436	102.5051	0.3342
3.2200	-0.6990	-330.7687	102.5061	0.3311
3.2300	-0.6957	-331.7938	102.5071	0.3280
3.2400	-0.6925	-332.8188	102.5081	0.3250
3.2500	-0.6892	-333.8439	102.5091	0.3220
3.2600	-0.6860	-334.8690	102.5101	0.3191
3.2700	-0.6829	-335.8941	102.5111	0.3163
3.2800	-0.6797	-336.9192	102.5120	0.3135
3.2900	-0.6766	-337.9444	102.5130	0.3107
3.3000	-0.6735	-338.9695	102.5139	0.3080
3.3100	-0.6704	-339.9946	102.5149	0.3053
3.3200	-0.6674	-341.0198	102.5158	0.3026
3.3300	-0.6644	-342.0450	102.5167	0.3000
3.3400	-0.6614	-343.0701	102.5176	0.2974
3.3500	-0.6584	-344.0953	102.5185	0.2949
3.3600	-0.6555	-345.1205	102.5193	0.2924
3.3700	-0.6526	-346.1457	102.5202	0.2899
3.3800	-0.6497	-347.1709	102.5211	0.2874
3.3900	-0.6468	-348.1961	102.5219	0.2850
3.4000	-0.6440	-349.2213	102.5227	0.2826
3.4100	-0.6412	-350.2466	102.5236	0.2802
3.4200	-0.6384	-351.2718	102.5244	0.2778
3.4300	-0.6356	-352.2971	102.5252	0.2755
3.4400	-0.6329	-353.3223	102.5260	0.2732
3.4500	-0.6302	-354.3476	102.5268	0.2709
3.4600	-0.6275	-355.3728	102.5276	0.2686
3.4700	-0.6248	-356.3981	102.5283	0.2664
3.4800	-0.6221	-357.4234	102.5291	0.2642
3.4900	-0.6195	-358.4487	102.5299	0.2620
3.5000	-0.6169	-359.4740	102.5306	0.2598
3.5100	-0.6143	-360.4993	102.5313	0.2577
3.5200	-0.6117	-361.5246	102.5321	0.2556
3.5300	-0.6092	-362.5500	102.5328	0.2535
3.5400	-0.6067	-363.5753	102.5335	0.2514
3.5500	-0.6042	-364.6006	102.5342	0.2494
3.5600	-0.6017	-365.6260	102.5349	0.2474
3.5700	-0.5992	-366.6513	102.5356	0.2454
3.5800	-0.5968	-367.6767	102.5363	0.2434
3.5900	-0.5944	-368.7021	102.5370	0.2415
3.6000	-0.5919	-369.7274	102.5376	0.2395
3.6100	-0.5896	-370.7528	102.5383	0.2376
3.6200	-0.5872	-371.7782	102.5389	0.2358
3.6300	-0.5848	-372.8036	102.5396	0.2339
3.6400	-0.5825	-373.8290	102.5402	0.2321
3.6500	-0.5802	-374.8544	102.5409	0.2303
3.6600	-0.5779	-375.8798	102.5415	0.2285
3.6700	-0.5756	-376.9052	102.5421	0.2268
3.6800	-0.5734	-377.9306	102.5427	0.2250
3.6900	-0.5711	-378.9561	102.5433	0.2233
3.7000	-0.5689	-379.9815	102.5439	0.2216
3.7100	-0.5667	-381.0070	102.5445	0.2200
3.7200	-0.5645	-382.0324	102.5451	0.2183
3.7300	-0.5623	-383.0579	102.5457	0.2167
3.7400	-0.5602	-384.0833	102.5463	0.2151
3.7500	-0.5580	-385.1088	102.5469	0.2135
3.7600	-0.5559	-386.1343	102.5474	0.2119
3.7700	-0.5538	-387.1597	102.5480	0.2104
3.7800	-0.5517	-388.1852	102.5485	0.2088
3.7900	-0.5496	-389.2107	102.5491	0.2073
3.8000	-0.5476	-390.2362	102.5496	0.2058
3.8100	-0.5455	-391.2617	102.5502	0.2043
3.8200	-0.5435	-392.2872	102.5507	0.2029
3.8300	-0.5414	-393.3127	102.5512	0.2014
3.8400	-0.5394	-394.3382	102.5518	0.2000
3.8500	-0.5374	-395.3637	102.5523	0.1986
3.8600	-0.5355	-396.3893	102.5528	0.1972
3.8700	-0.5335	-397.4148	102.5533	0.1958
3.8800	-0.5315	-398.4403	102.5538	0.1944
3.8900	-0.5296	-399.4659	102.5543	0.1930
3.9000	-0.5277	-400.4914	102.5548	0.1917
3.9100	-0.5258	-401.5170	102.5553	0.1903
3.9200	-0.5239	-402.5425	102.5558	0.1890
3.9300	-0.5220	-403.5681	102.5563	0.1877
3.9400	-0.5201	-404.5937	102.5567	0.1864
3.9500	-0.5183	-405.6192	102.5572	0.1851
3.9600	-0.5164	-406.6448	102.5577	0.1839
3.9700	-0.5146	-407.6704	102.5581	0.1826
3.9800	-0.5128	-408.6960	102.5586	0.1814
3.9900	-0.5110	-409.7215	102.5590	0.1801
4.0000	-0.5092	-410.7471	102.5595	0.1789
4.0100	-0.5074	-411.7727	102.5599	0.1777
4.0200	-0.5056	-412.7983	102.5604	0.1765
4.0300	-0.5039	-413.8239	102.5608	0.1753
4.0400	-0.5021	-414.8496	102.5612	0.1742
4.0500	-0.5004	-415.8752	102.5617	0.1730
4.0600	-0.4986	-416.9008	102.5621	0.1718
4.0700	-0.4969	-417.9264	102.5625	0.1707
4.0800	-0.4952	-418.9520	102.5629	0.1696
4.0900	-0.4935	-419.9777	102.5634	0.1685
4.1000	-0.4919	-421.0033	102.5638	0.1674
4.1100	-0.4902	-422.0289	102.5642	0.1663
4.1200	-0.4885	-423.0546	102.5646	0.1652
4.1300	-0.4869	-424.0802	102.5650	0.1641
4.1400	-0.4853	-425.1059	102.5654	0.1631
4.1500	-0.4836	-426.1315	102.5658	0.1620
4.1600	-0.4820	-427.1572	102.5662	0.1610
4.1700	-0.4804	-428.1829	102.5665	0.1600
4.1800	-0.4788	-429.2085	102.5669	0.1589
4.1900	-0.4772	-430.2342	102.5673	0.1579
4.2000	-0.4757	-431.2599	102.5677	0.1569
4.2100	-0.4741	-432.2856	102.5680	0.1559
4.2200	-0.4725	-433.3112	102.5684	0.1550
4.2300	-0.4710	-434.3369	102.5688	0.1540
4.2400	-0.4695	-435.3626	102.5691	0.1530
4.2500	-0.4679	-436.3883	102.5695	0.1521
4.2600	-0.4664	-437.4140	102.5699	0.1511
4.2700	-0.4649	-438.4397	102.5702	0.1502
4.2800	-0.4634	-439.4654	102.5706	0.1493
4.2900	-0.4619	-440.4911	102.5709	0.1484
4.3000	-0.4604	-441.5168	102.5713	0.1475
4.3100	-0.4590	-442.5425	102.5716	0.1466
4.3200	-0.4575	-443.5683	102.5719	0.1457
4.3300	-0.4561	-444.5940	102.5723	0.1448
4.3400	-0.4546	-445.6197	102.5726	0.1439
4.3500	-0.4532	-446.6454	102.5729	0.1431
4.3600	-0.4518	-447.6712	102.5733	0.1422
4.3700	-0.4503	-448.6969	102.5736	0.1414
4.3800	-0.4489	-449.7226	102.5739	0.1405
4.3900	-0.4475	-450.7484	102.5742	0.1397
4.4000	-0.4461	-451.7741	102.5745	0.1389
4.4100	-0.4448	-452.7999	102.5749	0.1381
4.4200	-0.4434	-453.8256	102.5752	0.1373
4.4300	-0.4420	-454.8514	102.5755	0.1365
4.4400	-0.4406	-455.8771	102.5758	0.1357
4.4500	-0.4393	-456.9029	102.5761	0.1349
4.4600	-0.4379	-457.9287	102.5764	0.1341
4.4700	-0.4366	-458.9544	102.5767	0.1333
4.4800	-0.4353	-459.9802	102.5770	0.1326
4.4900	-0.4340	-461.0060	102.5773	0.1318
4.5000	-0.4326	-462.0317	102.5776	0.1311
4.5100	-0.4313	-463.0575	102.5779	0.1303
4.5200	-0.4300	-464.0833	102.5782	0.1296
4.5300	-0.4287	-465.1091	102.5784	0.1289
4.5400	-0.4275	-466.1349	102.5787	0.1281
4.5500	-0.4262	-467.1606	102.5790	0.1274
4.5600	-0.4249	-468.1864	102.5793	0.1267
4.5700	-0.4236	-469.2122	102.5796	0.1260
4.5800	-0.4224	-470.2380	102.5798	0.1253
4.5900	-0.4211	-471.2638	102.5801	0.1246
4.6000	-0.4199	-472.2896	102.5804	0.1240
4.6100	-0.4187	-473.3154	102.5806	0.1233
4.6200	-0.4174	-474.3412	102.5809	0.1226
4.6300	-0.4162	-475.3671	102.5812	0.1219
4.6400	-0.4150	-476.3929	102.5814	0.1213
4.6500	-0.4138	-477.4187	102.5817	0.1206
4.6600	-0.4126	-478.4445	102.5820	0.1200
4.6700	-0.4114	-479.4703	102.5822	0.1194
4.6800	-0.4102	-480.4961	102.5825	0.1187
4.6900	-0.4090	-481.5220	102.5827	0.1181
4.7000	-0.4078	-482.5478	102.5830	0.1175
4.7100	-0.4067	-483.5736	102.5832	0.1169
4.7200	-0.4055	-484.5995	102.5835	0.1162
4.7300	-0.4043	-485.6253	102.5837	0.1156
4.7400	-0.4032	-486.6511	102.5840	0.1150
4.7500	-0.4020	-487.6770	102.5842	0.1144
4.7600	-0.4009	-488.7028	102.5844	0.1139
4.7700	-0.3998	-489.7287	102.5847	0.1133
4.7800	-0.3986	-490.7545	102.5849	0.1127
4.7900	-0.3975	-491.7804	102.5851	0.1121
4.8000	-0.3964	-492.8062	102.5854	0.1115
4.8100	-0.3953	-493.8321	102.5856	0.1110
4.8200	-0.3942	-494.8579	102.5858	0.1104
4.8300	-0.3931	-495.8838	102.5861	0.1099
4.8400	-0.3920	-496.9097	102.5863	0.1093
4.8500	-0.3909	-497.9355	102.5865	0.1088
4.8600	-0.3898	-498.9614	102.5867	0.1082
4.8700	-0.3887	-499.9873	102.5870	0.1077
4.8800	-0.3876	-501.0131	102.5872	0.1072
4.8900	-0.3866	-502.0390	102.5874	0.1066
4.9000	-0.3855	-503.0649	102.5876	0.1061
4.9100	-0.3844	-504.0907	102.5878	0.1056
4.9200	-0.3834	-505.1166	102.5881	0.1051
4.9300	-0.3823	-506.1425	102.5883	0.1046
4.9400	-0.3813	-507.1684	102.5885	0.1041
4.9500	-0.3803	-508.1943	102.5887	0.1036
4.9600	-0.3792	-509.2202	102.5889	0.1031
4.9700	-0.3782	-510.2461	102.5891	0.1026
4.9800	-0.3772	-511.2719	102.5893	0.1021
4.9900	-0.3762	-512.2978	102.5895	0.1016
5.0000	-0.3751	-513.3237	102.5897	0.1011
5.0100	-0.3741	-514.3496	102.5899	0.1007
5.0200	-0.3731	-515.3755	102.5901	0.1002
5.0300	-0.3721	-516.4014	102.5903	0.0997
5.0400	-0.3711	-517.4273	102.5905	0.0993
5.0500	-0.3701	-518.4532	102.5907	0.0988
5.0600	-0.3692	-519.4792	102.5909	0.0983
5.0700	-0.3682	-520.5051	102.5911	0.0979
5.0800	-0.3672	-521.5310	102.5913	0.0974
5.0900	-0.3662	-522.5569	102.5915	0.0970
5.1000	-0.3653	-523.5828	102.5917	0.0965
5.1100	-0.3643	-524.6087	102.5919	0.0961
5.1200	-0.3633	-525.6346	102.5921	0.0957
5.1300	-0.3624	-526.6606	102.5922	0.0952
5.1400	-0.3614	-527.6865	102.5924	0.0948
5.1500	-0.3605	-528.7124	102.5926	0.0944
5.1600	-0.3596	-529.7383	102.5928	0.0939
5.1700	-0.3586	-530.7643	102.5930	0.0935
5.1800	-0.3577	-531.7902	102.5932	0.0931
5.1900	-0.3568	-532.8161	102.5933	0.0927
5.2000	-0.3558	-533.8421	102.5935	0.0923
5.2100	-0.3549	-534.8680	102.5937	0.0919
5.2200	-0.3540	-535.8939	102.5939	0.0914
5.2300	-0.3531	-536.9199	102.5940	0.0910
5.2400	-0.3522	-537.9458	102.5942	0.0906
5.2500	-0.3513	-538.9718	102.5944	0.0902
5.2600	-0.3504	-539.9977	102.5946	0.0898
5.2700	-0.3495	-541.0237	102.5947	0.0895
5.2800	-0.3486	-542.0496	102.5949	0.0891
5.2900	-0.3477	-543.0756	102.5951	0.0887
5.3000	-0.3468	-544.1015	102.5952	0.0883
5.3100	-0.3459	-545.1275	102.5954	0.0879
5.3200	-0.3450	-546.1534	102.5956	0.0875
5.3300	-0.3442	-547.1794	102.5957	0.0871
5.3400	-0.3433	-548.2053	102.5959	0.0868
5.3500	-0.3424	-549.2313	102.5960	0.0864
5.3600	-0.3416	-550.2573	102.5962	0.0860
5.3700	-0.3407	-551.2832	102.5964	0.0857
5.3800	-0.3399	-552.3092	102.5965	0.0853
5.3900	-0.3390	-553.3351	102.5967	0.0849
5.4000	-0.3382	-554.3611	102.5968	0.0846
5.4100	-0.3373	-555.3871	102.5970	0.0842
5.4200	-0.3365	-556.4131	102.5972	0.0838
5.4300	-0.3356	-557.4390	102.5973	0.0835
5.4400	-0.3348	-558.4650	102.5975	0.0831
5.4500	-0.3340	-559.4910	102.5976	0.0828
5.4600	-0.3332	-560.5169	102.5978	0.0824
5.4700	-0.3323	-561.5429	102.5979	0.0821
5.4800	-0.3315	-562.5689	102.5981	0.0817
5.4900	-0.3307	-563.5949	102.5982	0.0814
5.5000	-0.3299	-564.6209	102.5984	0.0811
5.5100	-0.3291	-565.6469	102.5985	0.0807
5.5200	-0.3283	-566.6728	102.5987	0.0804
5.5300	-0.3275	-567.6988	102.5988	0.0801
5.5400	-0.3267	-568.7248	102.5989	0.0797
5.5500	-0.3259	-569.7508	102.5991	0.0794
5.5600	-0.3251	-570.7768	102.5992	0.0791
5.5700	-0.3243	-571.8028	102.5994	0.0787
5.5800	-0.3235	-572.8288	102.5995	0.0784
5.5900	-0.3227	-573.8548	102.5997	0.0781
5.6000	-0.3219	-574.8808	102.5998	0.0778
5.6100	-0.3212	-575.9068	102.5999	0.0775
5.6200	-0.3204	-576.9328	102.6001	0.0771
5.6300	-0.3196	-577.9588	102.6002	0.0768
5.6400	-0.3189	-578.9848	102.6003	0.0765
5.6500	-0.3181	-580.0108	102.6005	0.0762
5.6600	-0.3173	-581.0368	102.6006	0.0759
5.6700	-0.3166	-582.0628	102.6007	0.0756
5.6800	-0.3158	-583.0888	102.6009	0.0753
5.6900	-0.3151	-584.1148	102.6010	0.0750
5.7000	-0.3143	-585.1408	102.6011	0.0747
5.7100	-0.3136	-586.1668	102.6013	0.0744
5.7200	-0.3128	-587.1929	102.6014	0.0741
5.7300	-0.3121	-588.2189	102.6015	0.0738
5.7400	-0.3114	-589.2449	102.6017	0.0735
5.7500	-0.3106	-590.2709	102.6018	0.0732
5.7600	-0.3099	-591.2969	102.6019	0.0729
5.7700	-0.3092	-592.3229	102.6020	0.0726
5.7800	-0.3084	-593.3490	102.6022	0.0724
5.7900	-0.3077	-594.3750	102.6023	0.0721
5.8000	-0.3070	-595.4010	102.6024	0.0718
5.8100	-0.3063	-596.4270	102.6025	0.0715
5.8200	-0.3056	-597.4531	102.6027	0.0712
5.8300	-0.3049	-598.4791	102.6028	0.0710
5.8400	-0.3041	-599.5051	102.6029	0.0707
5.8500	-0.3034	-600.5311	102.6030	0.0704
5.8600	-0.3027	-601.5572	102.6031	0.0701
5.8700	-0.3020	-602.5832	102.6033	0.0699
5.8800	-0.3013	-603.6092	102.6034	0.0696
5.8900	-0.3006	-604.6353	102.6035	0.0693
5.9000	-0.3000	-605.6613	102.6036	0.0691
5.9100	-0.2993	-606.6873	102.6037	0.0688
5.9200	-0.2986	-607.7134	102.6039	0.0685
5.9300	-0.2979	-608.7394	102.6040	0.0683
5.9400	-0.2972	-609.7655	102.6041	0.0680
5.9500	-0.2965	-610.7915	102.6042	0.0677
5.9600	-0.2959	-611.8175	102.6043	0.0675
5.9700	-0.2952	-612.8436	102.6044	0.0672
5.9800	-0.2945	-613.8696	102.6045	0.0670
5.9900	-0.2938	-614.8957	102.6046	0.0667
6.0000	-0.2932	-615.9217	102.6048	0.0665
6.0100	-0.2925	-616.9478	102.6049	0.0662
6.0200	-0.2919	-617.9738	102.6050	0.0660
6.0300	-0.2912	-618.9999	102.6051	0.0657
6.0400	-0.2905	-620.0259	102.6052	0.0655
6.0500	-0.2899	-621.0520	102.6053	0.0652
6.0600	-0.2892	-622.0780	102.6054	0.0650
6.0700	-0.2886	-623.1041	102.6055	0.0648
6.0800	-0.2879	-624.1301	102.6056	0.0645
6.0900	-0.2873	-625.1562	102.6057	0.0643
6.1000	-0.2867	-626.1823	102.6058	0.0641
6.1100	-0.2860	-627.2083	102.6059	0.0638
6.1200	-0.2854	-628.2344	102.6060	0.0636
6.1300	-0.2847	-629.2604	102.6061	0.0634
6.1400	-0.2841	-630.2865	102.6063	0.0631
6.1500	-0.2835	-631.3126	102.6064	0.0629
6.1600	-0.2829	-632.3386	102.6065	0.0627
6.1700	-0.2822	-633.3647	102.6066	0.0624
6.1800	-0.2816	-634.3908	102.6067	0.0622
6.1900	-0.2810	-635.4168	102.6068	0.0620
6.2000	-0.2804	-636.4429	102.6069	0.0618
6.2100	-0.2797	-637.4690	102.6070	0.0615
6.2200	-0.2791	-638.4950	102.6071	0.0613
6.2300	-0.2785	-639.5211	102.6072	0.0611
6.2400	-0.2779	-640.5472	102.6073	0.0609
6.2500	-0.2773	-641.5732	102.6074	0.0607
6.2600	-0.2767	-642.5993	102.6074	0.0605
6.2700	-0.2761	-643.6254	102.6075	0.0602
6.2800	-0.2755	-644.6515	102.6076	0.0600
6.2900	-0.2749	-645.6776	102.6077	0.0598
6.3000	-0.2743	-646.7036	102.6078	0.0596
6.3100	-0.2737	-647.7297	102.6079	0.0594
6.3200	-0.2731	-648.7558	102.6080	0.0592
6.3300	-0.2725	-649.7819	102.6081	0.0590
6.3400	-0.2719	-650.8079	102.6082	0.0588
6.3500	-0.2713	-651.8340	102.6083	0.0586
6.3600	-0.2708	-652.8601	102.6084	0.0584
6.3700	-0.2702	-653.8862	102.6085	0.0582
6.3800	-0.2696	-654.9123	102.6086	0.0580
6.3900	-0.2690	-655.9384	102.6087	0.0578
6.4000	-0.2684	-656.9645	102.6088	0.0576
6.4100	-0.2679	-657.9905	102.6088	0.0574
6.4200	-0.2673	-659.0166	102.6089	0.0572
6.4300	-0.2667	-660.0427	102.6090	0.0570
6.4400	-0.2662	-661.0688	102.6091	0.0568
6.4500	-0.2656	-662.0949	102.6092	0.0566
6.4600	-0.2650	-663.1210	102.6093	0.0564
6.4700	-0.2645	-664.1471	102.6094	0.0562
6.4800	-0.2639	-665.1732	102.6095	0.0560
6.4900	-0.2633	-666.1993	102.6095	0.0558
6.5000	-0.2628	-667.2254	102.6096	0.0556
6.5100	-0.2622	-668.2515	102.6097	0.0555
6.5200	-0.2617	-669.2776	102.6098	0.0553
6.5300	-0.2611	-670.3037	102.6099	0.0551
6.5400	-0.2606	-671.3298	102.6100	0.0549
6.5500	-0.2600	-672.3559	102.6101	0.0547
6.5600	-0.2595	-673.3820	102.6101	0.0545
6.5700	-0.2589	-674.4081	102.6102	0.0544
6.5800	-0.2584	-675.4342	102.6103	0.0542
6.5900	-0.2578	-676.4603	102.6104	0.0540
6.6000	-0.2573	-677.4864	102.6105	0.0538
6.6100	-0.2568	-678.5125	102.6105	0.0536
6.6200	-0.2562	-679.5386	102.6106	0.0535
6.6300	-0.2557	-680.5647	102.6107	0.0533
6.6400	-0.2552	-681.5908	102.6108	0.0531
6.6500	-0.2546	-682.6169	102.6109	0.0529
6.6600	-0.2541	-683.6430	102.6109	0.0528
6.6700	-0.2536	-684.6691	102.6110	0.0526
6.6800	-0.2531	-685.6952	102.6111	0.0524
6.6900	-0.2525	-686.7214	102.6112	0.0523
6.7000	-0.2520	-687.7475	102.6113	0.0521
6.7100	-0.2515	-688.7736	102.6113	0.0519
6.7200	-0.2510	-689.7997	102.6114	0.0518
6.7300	-0.2505	-690.8258	102.6115	0.0516
6.7400	-0.2499	-691.8519	102.6116	0.0514
6.7500	-0.2494	-692.8780	102.6116	0.0513
6.7600	-0.2489	-693.9042	102.6117	0.0511
6.7700	-0.2484	-694.9303	102.6118	0.0509
6.7800	-0.2479	-695.9564	102.6119	0.0508
6.7900	-0.2474	-696.9825	102.6119	0.0506
6.8000	-0.2469	-698.0086	102.6120	0.0505
6.8100	-0.2464	-699.0348	102.6121	0.0503
6.8200	-0.2459	-700.0609	102.6122	0.0501
6.8300	-0.2454	-701.0870	102.6122	0.0500
6.8400	-0.2449	-702.1131	102.6123	0.0498
6.8500	-0.2444	-703.1392	102.6124	0.0497
6.8600	-0.2439	-704.1654	102.6125	0.0495
6.8700	-0.2434	-705.1915	102.6125	0.0494
6.8800	-0.2429	-706.2176	102.6126	0.0492
6.8900	-0.2424	-707.2437	102.6127	0.0491
6.9000	-0.2419	-708.2699	102.6127	0.0489
6.9100	-0.2414	-709.2960	102.6128	0.0488
6.9200	-0.2409	-710.3221	102.6129	0.0486
6.9300	-0.2405	-711.3483	102.6130	0.0485
6.9400	-0.2400	-712.3744	102.6130	0.0483
6.9500	-0.2395	-713.4005	102.6131	0.0482
6.9600	-0.2390	-714.4266	102.6132	0.0480
6.9700	-0.2385	-715.4528	102.6132	0.0479
6.9800	-0.2381	-716.4789	102.6133	0.0477
6.9900	-0.2376	-717.5050	102.6134	0.0476
7.0000	-0.2371	-718.5312	102.6134	0.0474
7.0100	-0.2366	-719.5573	102.6135	0.0473
7.0200	-0.2362	-720.5835	102.6136	0.0471
7.0300	-0.2357	-721.6096	102.6136	0.0470
7.0400	-0.2352	-722.6357	102.6137	0.0469
7.0500	-0.2347	-723.6619	102.6138	0.0467
7.0600	-0.2343	-724.6880	102.6138	0.0466
7.0700	-0.2338	-725.7141	102.6139	0.0464
7.0800	-0.2334	-726.7403	102.6140	0.0463
7.0900	-0.2329	-727.7664	102.6140	0.0462
7.1000	-0.2324	-728.7926	102.6141	0.0460
7.1100	-0.2320	-729.8187	102.6142	0.0459
7.1200	-0.2315	-730.8448	102.6142	0.0457
7.1300	-0.2311	-731.8710	102.6143	0.0456
7.1400	-0.2306	-732.8971	102.6144	0.0455
7.1500	-0.2301	-733.9233	102.6144	0.0453
7.1600	-0.2297	-734.9494	102.6145	0.0452
7.1700	-0.2292	-735.9756	102.6145	0.0451
7.1800	-0.2288	-737.0017	102.6146	0.0449
7.1900	-0.2283	-738.0279	102.6147	0.0448
7.2000	-0.2279	-739.0540	102.6147	0.0447
7.2100	-0.2274	-740.0801	102.6148	0.0445
7.2200	-0.2270	-741.1063	102.6149	0.0444
7.2300	-0.2266	-742.1324	102.6149	0.0443
7.2400	-0.2261	-743.1586	102.6150	0.0442
7.2500	-0.2257	-744.1847	102.6150	0.0440
7.2600	-0.2252	-745.2109	102.6151	0.0439
7.2700	-0.2248	-746.2370	102.6152	0.0438
7.2800	-0.2244	-747.2632	102.6152	0.0436
7.2900	-0.2239	-748.2894	102.6153	0.0435
7.3000	-0.2235	-749.3155	102.6153	0.0434
7.3100	-0.2231	-750.3417	102.6154	0.0433
7.3200	-0.2226	-751.3678	102.6155	0.0431
7.3300	-0.2222	-752.3940	102.6155	0.0430
7.3400	-0.2218	-753.4201	102.6156	0.0429
7.3500	-0.2213	-754.4463	102.6156	0.0428
7.3600	-0.2209	-755.4724	102.6157	0.0427
7.3700	-0.2205	-756.4986	102.6158	0.0425
7.3800	-0.2201	-757.5248	102.6158	0.0424
7.3900	-0.2196	-758.5509	102.6159	0.0423
7.4000	-0.2192	-759.5771	102.6159	0.0422
7.4100	-0.2188	-760.6032	102.6160	0.0420
7.4200	-0.2184	-761.6294	102.6160	0.0419
7.4300	-0.2180	-762.6556	102.6161	0.0418
7.4400	-0.2175	-763.6817	102.6162	0.0417
7.4500	-0.2171	-764.7079	102.6162	0.0416
7.4600	-0.2167	-765.7340	102.6163	0.0415
7.4700	-0.2163	-766.7602	102.6163	0.0413
7.4800	-0.2159	-767.7864	102.6164	0.0412
7.4900	-0.2155	-768.8125	102.6164	0.0411
7.5000	-0.2151	-769.8387	102.6165	0.0410
7.5100	-0.2146	-770.8649	102.6165	0.0409
7.5200	-0.2142	-771.8910	102.6166	0.0408
7.5300	-0.2138	-772.9172	102.6166	0.0407
7.5400	-0.2134	-773.9434	102.6167	0.0405
7.5500	-0.2130	-774.9695	102.6168	0.0404
7.5600	-0.2126	-775.9957	102.6168	0.0403
7.5700	-0.2122	-777.0219	102.6169	0.0402
7.5800	-0.2118	-778.0480	102.6169	0.0401
7.5900	-0.2114	-779.0742	102.6170	0.0400
7.6000	-0.2110	-780.1004	102.6170	0.0399
7.6100	-0.2106	-781.1265	102.6171	0.0398
7.6200	-0.2102	-782.1527	102.6171	0.0396
7.6300	-0.2098	-783.1789	102.6172	0.0395
7.6400	-0.2094	-784.2051	102.6172	0.0394
7.6500	-0.2090	-785.2312	102.6173	0.0393
7.6600	-0.2086	-786.2574	102.6173	0.0392
7.6700	-0.2083	-787.2836	102.6174	0.0391
7.6800	-0.2079	-788.3097	102.6174	0.0390
7.6900	-0.2075	-789.3359	102.6175	0.0389
7.7000	-0.2071	-790.3621	102.6175	0.0388
7.7100	-0.2067	-791.3883	102.6176	0.0387
7.7200	-0.2063	-792.4144	102.6176	0.0386
7.7300	-0.2059	-793.4406	102.6177	0.0385
7.7400	-0.2055	-794.4668	102.6177	0.0384
7.7500	-0.2052	-795.4930	102.6178	0.0383
7.7600	-0.2048	-796.5192	102.6178	0.0382
7.7700	-0.2044	-797.5453	102.6179	0.0381
7.7800	-0.2040	-798.5715	102.6179	0.0380
7.7900	-0.2036	-799.5977	102.6180	0.0379
7.8000	-0.2033	-800.6239	102.6180	0.0378
7.8100	-0.2029	-801.6501	102.6181	0.0377
7.8200	-0.2025	-802.6762	102.6181	0.0376
7.8300	-0.2021	-803.7024	102.6182	0.0375
7.8400	-0.2018	-804.7286	102.6182	0.0374
7.8500	-0.2014	-805.7548	102.6183	0.0373
7.8600	-0.2010	-806.7810	102.6183	0.0372
7.8700	-0.2006	-807.8071	102.6184	0.0371
7.8800	-0.2003	-808.8333	102.6184	0.0370
7.8900	-0.1999	-809.8595	102.6185	0.0369
7.9000	-0.1995	-810.8857	102.6185	0.0368
7.9100	-0.1992	-811.9119	102.6185	0.0367
7.9200	-0.1988	-812.9381	102.6186	0.0366
7.9300	-0.1984	-813.9643	102.6186	0.0365
7.9400	-0.1981	-814.9904	102.6187	0.0364
7.9500	-0.1977	-816.0166	102.6187	0.0363
7.9600	-0.1973	-817.0428	102.6188	0.0362
7.9700	-0.1970	-818.0690	102.6188	0.0361
7.9800	-0.1966	-819.0952	102.6189	0.0360
7.9900	-0.1963	-820.1214	102.6189	0.0359
8.0000	-0.1959	-821.1476	102.6190	0.0358
