T	Ut	Ft	St	Ct
0.01000000	-1.99951172	-3.14701954	114.75078253	0.00000000
0.02000000	-1.99951172	-4.29452737	114.75078253	0.00000000
0.03000000	-1.99951172	-5.44203519	114.75078253	0.00000000
0.04000000	-1.99951172	-6.58954302	114.75078253	0.00000000
0.05000000	-1.99951172	-7.73705085	114.75078253	0.00000000
0.06000000	-1.99951172	-8.88455867	114.75078253	0.00000000
0.07000000	-1.99951172	-10.03206650	114.75078253	0.00000000
0.08000000	-1.99951172	-11.17957432	114.75078253	0.00000000
0.09000000	-1.99951172	-12.32708215	114.75078253	0.00000000
0.10000000	-1.99951172	-13.47458997	114.75078253	0.00000000
0.11000000	-1.99951172	-14.62209780	114.75078253	0.00000000
0.12000000	-1.99951172	-15.76960562	114.75078253	0.00000000
0.13000000	-1.99951172	-16.91711345	114.75078253	-0.00000000
0.14000000	-1.99951172	-18.06462127	114.75078253	-0.00000000
0.15000000	-1.99951172	-19.21212910	114.75078253	0.00000000
0.16000000	-1.99951172	-20.35963692	114.75078253	0.00000000
0.17000000	-1.99951172	-21.50714475	114.75078253	0.00000000
0.18000000	-1.99951172	-22.65465257	114.75078253	0.00000000
0.19000000	-1.99951172	-23.80216040	114.75078253	0.00000000
0.20000000	-1.99951172	-24.94966822	114.75078253	0.00000000
0.21000000	-1.99951172	-26.09717605	114.75078253	0.00000001
0.22000000	-1.99951172	-27.24468387	114.75078253	0.00000001
0.23000000	-1.99951172	-28.39219170	114.75078253	0.00000003
0.24000000	-1.99951172	-29.53969953	114.75078253	0.00000005
0.25000000	-1.99951172	-30.68720735	114.75078253	0.00000009
0.26000000	-1.99951172	-31.83471518	114.75078254	0.00000016
0.27000000	-1.99951171	-32.98222300	114.75078255	0.00000026
0.28000000	-1.99951171	-34.12973083	114.75078256	0.00000042
0.29000000	-1.99951171	-35.27723865	114.75078258	0.00000064
0.30000000	-1.99951170	-36.42474648	114.75078260	0.00000094
0.31000000	-1.99951169	-37.57225430	114.75078264	0.00000136
0.32000000	-1.99951167	-38.71976213	114.75078269	0.00000191
0.33000000	-1.99951165	-39.86726996	114.75078276	0.00000262
0.34000000	-1.99951162	-41.01477779	114.75078285	0.00000353
0.35000000	-1.99951158	-42.16228562	114.75078297	0.00000467
0.36000000	-1.99951152	-43.30979345	114.75078312	0.00000608
0.37000000	-1.99951145	-44.45730128	114.75078331	0.00000780
0.38000000	-1.99951137	-45.60480911	114.75078354	0.00000988
0.39000000	-1.99951125	-46.75231695	114.75078383	0.00001235
0.40000000	-1.99951112	-47.89982479	114.75078418	0.00001527
0.41000000	-1.99951095	-49.04733263	114.75078460	0.00001870
0.42000000	-1.99951074	-50.19484048	114.75078510	0.00002270
0.43000000	-1.99951049	-51.34234834	114.75078568	0.00002733
0.44000000	-1.99951019	-52.48985620	114.75078637	0.00003268
0.45000000	-1.99950984	-53.63736406	114.75078717	0.00003883
0.46000000	-1.99950941	-54.78487194	114.75078810	0.00004589
0.47000000	-1.99950891	-55.93237983	114.75078917	0.00005395
0.48000000	-1.99950833	-57.07988772	114.75079040	0.00006316
0.49000000	-1.99950765	-58.22739563	114.75079181	0.00007364
0.50000000	-1.99950685	-59.37490356	114.75079342	0.00008557
0.51000000	-1.99950593	-60.52241150	114.75079524	0.00009912
0.52000000	-1.99950486	-61.66991947	114.75079731	0.00011447
0.53000000	-1.99950363	-62.81742745	114.75079965	0.00013186
0.54000000	-1.99950222	-63.96493546	114.75080230	0.00015152
0.55000000	-1.99950059	-65.11244350	114.75080528	0.00017368
0.56000000	-1.99949874	-66.25995157	114.75080863	0.00019863
0.57000000	-1.99949661	-67.40745967	114.75081238	0.00022665
0.58000000	-1.99949419	-68.55496782	114.75081659	0.00025802
0.59000000	-1.99949144	-69.70247600	114.75082130	0.00029308
0.60000000	-1.99948832	-70.84998424	114.75082654	0.00033213
0.61000000	-1.99948478	-71.99749254	114.75083239	0.00037552
0.62000000	-1.99948079	-73.14500089	114.75083888	0.00042362
0.63000000	-1.99947629	-74.29250932	114.75084607	0.00047684
0.64000000	-1.99947124	-75.44001782	114.75085403	0.00053569
0.65000000	-1.99946556	-76.58752640	114.75086284	0.00060082
0.66000000	-1.99945919	-77.73503508	114.75087255	0.00067315
0.67000000	-1.99945207	-78.88254386	114.75088327	0.00075403
0.68000000	-1.99944408	-80.03005275	114.75089510	0.00084557
0.69000000	-1.99943511	-81.17756176	114.75090819	0.00095107
0.70000000	-1.99942499	-82.32507091	114.75092274	0.00107573
0.71000000	-1.99941350	-83.47258022	114.75093904	0.00122769
0.72000000	-1.99940031	-84.62008970	114.75095749	0.00141948
0.73000000	-1.99938492	-85.76759938	114.75097871	0.00167010
0.74000000	-1.99936662	-86.91510929	114.75100361	0.00200759
0.75000000	-1.99934435	-88.06261947	114.75103350	0.00247198
0.76000000	-1.99931658	-89.21012998	114.75107027	0.00311789
0.77000000	-1.99928115	-90.35764091	114.75111656	0.00401477
0.78000000	-1.99923518	-91.50515236	114.75117587	0.00524154
0.79000000	-1.99917498	-92.65266448	114.75125253	0.00686961
0.80000000	-1.99909634	-93.80017748	114.75135143	0.00892860
0.81000000	-1.99899517	-94.94769160	114.75147708	0.01135421
0.82000000	-1.99886872	-96.09520712	114.75163220	0.01393563
0.83000000	-1.99871715	-97.24272434	114.75181589	0.01630530
0.84000000	-1.99854480	-98.39024352	114.75202228	0.01802059
0.85000000	-1.99836011	-99.53776483	114.75224085	0.01873517
0.86000000	-1.99817375	-100.68528833	114.75245881	0.01836486
0.87000000	-1.99799573	-101.83281396	114.75266463	0.01712444
0.88000000	-1.99783284	-102.98034156	114.75285081	0.01541095
0.89000000	-1.99768772	-104.12787090	114.75301482	0.01363239
0.90000000	-1.99755938	-105.27540178	114.75315822	0.01209210
0.91000000	-1.99744450	-106.42293401	114.75328518	0.01096090
0.92000000	-1.99733857	-107.57046745	114.75340095	0.01030537
0.93000000	-1.99723679	-108.71800201	114.75351100	0.01013030
0.94000000	-1.99713444	-109.86553767	114.75362045	0.01041173
0.95000000	-1.99702715	-111.01307444	114.75373399	0.01111487
0.96000000	-1.99691087	-112.16061238	114.75385573	0.01219971
0.97000000	-1.99678204	-113.30815159	114.75398923	0.01361949
0.98000000	-1.99663756	-114.45569221	114.75413740	0.01531749
0.99000000	-1.99647498	-115.60323439	114.75430244	0.01722664
1.00000000	-1.99629256	-116.75077832	114.75448576	0.01927525
1.01000000	-1.99608923	-117.89832417	114.75468806	0.02139879
1.02000000	-1.99586448	-119.04587214	114.75490947	0.02355275
1.03000000	-1.99561814	-120.19342243	114.75514979	0.02571793
1.04000000	-1.99535010	-121.34097520	114.75540875	0.02788923
1.05000000	-1.99506039	-122.48853066	114.75568597	0.03004683
1.06000000	-1.99474944	-123.63608898	114.75598070	0.03212078
1.07000000	-1.99441871	-124.78365033	114.75629123	0.03397180
1.08000000	-1.99407138	-125.93121485	114.75661433	0.03541126
1.09000000	-1.99371245	-127.07878264	114.75694513	0.03626547
1.10000000	-1.99334829	-128.22635376	114.75727770	0.03645931
1.11000000	-1.99298521	-129.37392818	114.75760628	0.03607462
1.12000000	-1.99262793	-130.52150585	114.75792671	0.03535141
1.13000000	-1.99227815	-131.66908668	114.75823764	0.03463892
1.14000000	-1.99193380	-132.81667058	114.75854104	0.03433395
1.15000000	-1.99158876	-133.96425750	114.75884238	0.03484336
1.16000000	-1.99123283	-135.11184745	114.75915053	0.03658355
1.17000000	-1.99085150	-136.25944057	114.75947784	0.04000196
1.18000000	-1.99042558	-137.40703712	114.75984029	0.04558274
1.19000000	-1.98993111	-138.55463756	114.76025752	0.05377499
1.20000000	-1.98934068	-139.70224253	114.76075154	0.06476443
1.21000000	-1.98862803	-140.84985291	114.76134288	0.07805405
1.22000000	-1.98777718	-141.99746975	114.76204309	0.09203110
1.23000000	-1.98679396	-143.14509412	114.76284566	0.10403878
1.24000000	-1.98571201	-144.29272691	114.76372170	0.11141919
1.25000000	-1.98458512	-145.44036865	114.76462682	0.11301259
1.26000000	-1.98346818	-146.58801940	114.76551684	0.10972205
1.27000000	-1.98239990	-147.73567883	114.76636137	0.10366279
1.28000000	-1.98139701	-148.88334643	114.76714798	0.09695377
1.29000000	-1.98045780	-150.03102161	114.76787892	0.09113274
1.30000000	-1.97956814	-151.17870386	114.76856594	0.08716602
1.31000000	-1.97870634	-152.32639284	114.76922634	0.08563321
1.32000000	-1.97784628	-153.47408837	114.76988037	0.08684947
1.33000000	-1.97695995	-154.62179049	114.77054928	0.09087273
1.34000000	-1.97602038	-155.76949947	114.77125305	0.09741396
1.35000000	-1.97500569	-156.91721572	114.77200743	0.10573448
1.36000000	-1.97390355	-158.06493982	114.77282078	0.11469310
1.37000000	-1.97271383	-159.21267234	114.77369234	0.12306470
1.38000000	-1.97144716	-160.36041383	114.77461353	0.12998790
1.39000000	-1.97011995	-161.50816473	114.77557178	0.13516017
1.40000000	-1.96874960	-162.65592534	114.77655410	0.13864160
1.41000000	-1.96735198	-163.80369585	114.77754884	0.14067677
1.42000000	-1.96593880	-164.95147633	114.77854756	0.14191548
1.43000000	-1.96451216	-166.09926681	114.77954870	0.14360778
1.44000000	-1.96306114	-167.24706734	114.78055986	0.14689049
1.45000000	-1.96157081	-168.39487808	114.78159122	0.15113155
1.46000000	-1.96004659	-169.54269922	114.78263879	0.15289983
1.47000000	-1.95853659	-170.69053080	114.78366953	0.14763254
1.48000000	-1.95712424	-171.83837237	114.78462712	0.13344732
1.49000000	-1.95588884	-172.98622292	114.78545911	0.11298154
1.50000000	-1.95486916	-174.13408105	114.78614126	0.09110327
1.51000000	-1.95405856	-175.28194526	114.78667994	0.07160574
1.52000000	-1.95342381	-176.42981425	114.78709897	0.05602390
1.53000000	-1.95292526	-177.57768694	114.78742593	0.04426891
1.54000000	-1.95252817	-178.72556254	114.78768465	0.03558969
1.55000000	-1.95220597	-179.87344046	114.78789322	0.02916450
1.56000000	-1.95193962	-181.02132028	114.78806453	0.02432606
1.57000000	-1.95171578	-182.16920166	114.78820757	0.02059483
1.58000000	-1.95152513	-183.31708436	114.78832863	0.01764501
1.59000000	-1.95136100	-184.46496818	114.78843218	0.01525974
1.60000000	-1.95121854	-185.61285295	114.78852151	0.01329448
1.61000000	-1.95109405	-186.76073857	114.78859908	0.01165123
1.62000000	-1.95098467	-187.90862490	114.78866681	0.01026166
1.63000000	-1.95088813	-189.05651187	114.78872622	0.00907659
1.64000000	-1.95080258	-190.20439940	114.78877855	0.00805968
1.65000000	-1.95072646	-191.35228743	114.78882483	0.00718668
1.66000000	-1.95065831	-192.50017588	114.78886601	0.00648172
1.67000000	-1.95059477	-193.64806473	114.78890417	0.00650414
1.68000000	-1.95050560	-194.79595401	114.78895739	0.01478268
1.69000000	-1.95000306	-195.94384455	114.78925532	0.13082652
1.70000000	-1.94456773	-197.09174743	114.79245865	1.34840309
1.71000000	-1.91935220	-198.23973771	114.80724299	2.75730557
1.72000000	-1.90483302	-199.38786420	114.81571580	0.47448188
1.73000000	-1.90280425	-200.53602902	114.81689293	0.07609354
1.74000000	-1.90230310	-201.68419957	114.81718188	0.03655590
1.75000000	-1.90198807	-202.83237233	114.81736244	0.02765625
1.76000000	-1.90173887	-203.98054669	114.81750444	0.02247594
1.77000000	-1.90153426	-205.12872234	114.81762038	0.01861652
1.78000000	-1.90136368	-206.27689903	114.81771649	0.01562201
1.79000000	-1.90121969	-207.42507661	114.81779716	0.01326881
1.80000000	-1.90109651	-208.57325494	114.81786580	0.01146622
1.81000000	-1.90098719	-209.72143390	114.81792636	0.01071579
1.82000000	-1.90086280	-210.86961348	114.81799488	0.01670217
1.83000000	-1.90047867	-212.01779420	114.81820521	0.08348035
1.84000000	-1.89769437	-213.16598140	114.81972121	0.65154622
1.85000000	-1.88187529	-214.31421222	114.82829024	2.56582150
1.86000000	-1.85963551	-215.46256168	114.84028289	1.29855863
1.87000000	-1.85353076	-216.61098564	114.84355876	0.20985617
1.88000000	-1.85249910	-217.75942465	114.84410934	0.04866608
1.89000000	-1.85215497	-218.90786676	114.84429195	0.02626225
1.90000000	-1.85192512	-220.05631031	114.84441326	0.02066951
1.91000000	-1.85171989	-221.20475497	114.84452098	0.02287762
1.92000000	-1.85122240	-222.35320111	114.84478058	0.11950259
1.93000000	-1.84472697	-223.50165876	114.84815119	1.91483377
1.94000000	-1.79748889	-224.65024289	114.87255361	5.44759475
1.95000000	-1.77086078	-225.79905652	114.88625422	1.01127449
1.96000000	-1.76327041	-226.94793973	114.89013741	0.67203155
1.97000000	-1.75658486	-228.09685812	114.89353973	0.67077314
1.98000000	-1.74982305	-229.24581061	114.89696341	0.68206944
1.99000000	-1.74294027	-230.39479754	114.90043079	0.69439573
2.00000000	-1.73593692	-231.54381936	114.90394122	0.70643860
2.01000000	-1.72879712	-232.69287653	114.90750219	0.72284374
2.02000000	-1.72144634	-233.84196970	114.91115018	0.74902515
2.03000000	-1.71379271	-234.99109998	114.91492969	0.78212831
2.04000000	-1.70581018	-236.14026877	114.91885225	0.81360640
2.05000000	-1.69753219	-237.28947744	114.92290012	0.84196120
2.06000000	-1.68895892	-238.43872718	114.92707197	0.87362881
2.07000000	-1.68004871	-239.58801936	114.93138678	0.90812800
2.08000000	-1.67082182	-240.73735536	114.93583344	0.93530905
2.09000000	-1.66137661	-241.88673630	114.94036349	0.95289631
2.10000000	-1.65175494	-243.03616284	114.94495614	0.97293076
2.11000000	-1.64188703	-244.18563574	114.94964394	1.00146292
2.12000000	-1.63173679	-245.33515609	114.95444307	1.02687172
2.13000000	-1.62138417	-246.48472484	114.95931487	1.04285101
2.14000000	-1.61086089	-247.63434257	114.96424377	1.06440432
2.15000000	-1.60002876	-248.78401012	114.96929365	1.10539711
2.16000000	-1.58869930	-249.93372914	114.97455085	1.16246732
2.17000000	-1.57674633	-251.08350201	114.98007174	1.22964979
2.18000000	-1.56408595	-252.23333158	114.98589249	1.30234989
2.19000000	-1.55073148	-253.38322084	114.99200428	1.36593844
2.20000000	-1.53679833	-254.53317244	114.99835187	1.42173126
2.21000000	-1.52220445	-255.68318876	115.00497028	1.50463261
2.22000000	-1.50653481	-256.83327336	115.01204439	1.63765355
2.23000000	-1.48928900	-257.98343190	115.01979503	1.82026526
2.24000000	-1.46992796	-259.13367230	115.02845729	2.06246338
2.25000000	-1.44788507	-260.28400493	115.03827549	2.34821555
2.26000000	-1.42313062	-261.43444174	115.04925271	2.58079023
2.27000000	-1.39698671	-262.58499194	115.06079525	2.60262796
2.28000000	-1.37193644	-263.73565583	115.07180675	2.37518149
2.29000000	-1.34976795	-264.88642360	115.08150902	2.06212465
2.30000000	-1.33040578	-266.03728175	115.08994608	1.82902411
2.31000000	-1.31286682	-267.18821979	115.09755540	1.69014459
2.32000000	-1.29647278	-268.33923113	115.10463722	1.59105795
2.33000000	-1.28104781	-269.49031105	115.11127178	1.49259497
2.34000000	-1.26663431	-270.64145502	115.11744475	1.39109396
2.35000000	-1.25316182	-271.79265851	115.12319008	1.30851165
2.36000000	-1.24034689	-272.94391781	115.12863174	1.26019221
2.37000000	-1.22786651	-274.09523060	115.13390890	1.23898470
2.38000000	-1.21553491	-275.24659571	115.13910118	1.22768444
2.39000000	-1.20332089	-276.39801239	115.14422239	1.21435108
2.40000000	-1.19126133	-277.54947987	115.14925773	1.19711547
2.41000000	-1.17938629	-278.70099722	115.15419541	1.17727581
2.42000000	-1.16774118	-279.85256340	115.15901744	1.14972320
2.43000000	-1.15644181	-281.00417703	115.16367704	1.10759404
2.44000000	-1.14562749	-282.15583621	115.16811833	1.05436546
2.45000000	-1.13534881	-283.30753860	115.17232236	1.00273607
2.46000000	-1.12553194	-284.45928197	115.17632115	0.96300362
2.47000000	-1.11604493	-285.61106452	115.18016988	0.93615064
2.48000000	-1.10678666	-286.76288501	115.18391062	0.91599344
2.49000000	-1.09772336	-287.91474243	115.18755786	0.89657405
2.50000000	-1.08885401	-289.06663586	115.19111274	0.87766009
2.51000000	-1.08015529	-290.21856441	115.19458531	0.86314792
2.52000000	-1.07156708	-291.37052737	115.19800012	0.85568618
2.53000000	-1.06302135	-292.52252431	115.20138457	0.85422442
2.54000000	-1.05447235	-293.67455502	115.20475696	0.85588190
2.55000000	-1.04589957	-294.82661943	115.20812544	0.85885046
2.56000000	-1.03729143	-295.97871753	115.21149457	0.86296625
2.57000000	-1.02863908	-297.13084934	115.21486781	0.86731362
2.58000000	-1.01995722	-298.28301488	115.21823941	0.86798392
2.59000000	-1.01130954	-299.43521404	115.22158475	0.85972467
2.60000000	-1.00280047	-300.58744636	115.22486380	0.84033351
2.61000000	-0.99453063	-301.73971097	115.22803844	0.81270907
2.62000000	-0.98655499	-302.89200671	115.23108844	0.78241966
2.63000000	-0.97887665	-304.04433232	115.23401356	0.75368775
2.64000000	-0.97147232	-305.19668660	115.23682359	0.72756675
2.65000000	-0.96431910	-306.34906844	115.23952805	0.70334004
2.66000000	-0.95739970	-307.50147683	115.24213426	0.68090471
2.67000000	-0.95069167	-308.65391083	115.24465137	0.66125549
2.68000000	-0.94416311	-309.80636960	115.24709198	0.64499398
2.69000000	-0.93778319	-310.95885245	115.24946813	0.63128663
2.70000000	-0.93153386	-312.11135878	115.25178701	0.61866847
2.71000000	-0.92540840	-313.26388801	115.25405152	0.60652367
2.72000000	-0.91939983	-314.41643963	115.25626463	0.59545458
2.73000000	-0.91349270	-315.56901315	115.25843240	0.58633836
2.74000000	-0.90766606	-316.72160816	115.26056281	0.57928936
2.75000000	-0.90190260	-317.87422431	115.26266244	0.57352603
2.76000000	-0.89619467	-319.02686131	115.26473429	0.56803996
2.77000000	-0.89054276	-320.17951890	115.26677839	0.56228954
2.78000000	-0.88494962	-321.33219679	115.26879394	0.55632404
2.79000000	-0.87941614	-322.48489468	115.27078084	0.55039020
2.80000000	-0.87394158	-323.63761231	115.27273955	0.54451753
2.81000000	-0.86852636	-324.79034938	115.27467011	0.53847329
2.82000000	-0.86317346	-325.94310562	115.27657169	0.53203639
2.83000000	-0.85788686	-327.09588071	115.27844306	0.52524159
2.84000000	-0.85266897	-328.24867437	115.28028359	0.51834248
2.85000000	-0.84751956	-329.40148628	115.28209359	0.51156869
2.86000000	-0.84243707	-330.55431615	115.28387380	0.50494505
2.87000000	-0.83742062	-331.70716366	115.28562475	0.49833442
2.88000000	-0.83247073	-332.86002854	115.28734646	0.49162737
2.89000000	-0.82758819	-334.01291049	115.28903886	0.48489312
2.90000000	-0.82277209	-335.16580922	115.29070246	0.47839460
2.91000000	-0.81801825	-336.31872445	115.29233890	0.47250925
2.92000000	-0.81331854	-337.47165592	115.29395116	0.46763279
2.93000000	-0.80866115	-338.62460341	115.29554343	0.46408393
2.94000000	-0.80403199	-339.77756674	115.29712066	0.46198486
2.95000000	-0.79941727	-340.93054579	115.29868763	0.46112661
2.96000000	-0.79480734	-342.08354047	115.30024768	0.46089275
2.97000000	-0.79020050	-343.23655072	115.30180142	0.46032889
2.98000000	-0.78560540	-344.38957647	115.30334600	0.45838009
2.99000000	-0.78104034	-345.54261759	115.30487533	0.45421644
3.00000000	-0.77652964	-346.69567390	115.30638142	0.44750149
3.01000000	-0.77209805	-347.84874512	115.30785617	0.43848098
3.02000000	-0.76776537	-349.00183090	115.30929322	0.42786517
3.03000000	-0.76354297	-350.15493084	115.31068907	0.41658018
3.04000000	-0.75943303	-351.30804454	115.31204326	0.40550685
3.05000000	-0.75542991	-352.46117157	115.31335792	0.39529960
3.06000000	-0.75152292	-353.61431158	115.31463682	0.38631852
3.07000000	-0.74769913	-354.76746421	115.31588439	0.37865607
3.08000000	-0.74394572	-355.92062917	115.31710502	0.37221517
3.09000000	-0.74025141	-357.07380623	115.31830253	0.36679609
3.10000000	-0.73660717	-358.22699516	115.31948000	0.36216471
3.11000000	-0.73300625	-359.38019577	115.32063972	0.35809423
3.12000000	-0.72944408	-360.53340790	115.32178327	0.35438595
3.13000000	-0.72591787	-361.68663139	115.32291167	0.35087892
3.14000000	-0.72242623	-362.83986608	115.32402543	0.34745462
3.15000000	-0.71896876	-363.99311185	115.32512479	0.34403658
3.16000000	-0.71554562	-365.14636853	115.32620978	0.34058351
3.17000000	-0.71215727	-366.29963599	115.32728036	0.33707725
3.18000000	-0.70880427	-367.45291409	115.32833642	0.33351144
3.19000000	-0.70548723	-368.60620267	115.32937788	0.32988739
3.20000000	-0.70220668	-369.75950160	115.33040466	0.32621861
3.21000000	-0.69896290	-370.91281072	115.33141677	0.32253884
3.22000000	-0.69575575	-372.06612989	115.33241433	0.31890470
3.23000000	-0.69258442	-373.21945896	115.33339769	0.31538685
3.24000000	-0.68944741	-374.37279779	115.33436740	0.31205033
3.25000000	-0.68634268	-375.52614626	115.33532418	0.30893236
3.26000000	-0.68326804	-376.67950424	115.33626877	0.30602785
3.27000000	-0.68022156	-377.83287160	115.33720185	0.30328999
3.28000000	-0.67720193	-378.98624824	115.33812387	0.30064620
3.29000000	-0.67420857	-380.13963404	115.33903510	0.29802287
3.30000000	-0.67124158	-381.29302890	115.33993555	0.29536888
3.31000000	-0.66830135	-382.44643272	115.34082518	0.29266906
3.32000000	-0.66538829	-383.59984537	115.34170394	0.28994356
3.33000000	-0.66250243	-384.75326676	115.34257187	0.28723517
3.34000000	-0.65964337	-385.90669677	115.34342916	0.28459072
3.35000000	-0.65681028	-387.06013531	115.34427613	0.28204382
3.36000000	-0.65400213	-388.21358226	115.34511313	0.27960438
3.37000000	-0.65121789	-389.36703754	115.34594055	0.27725707
3.38000000	-0.64845680	-390.52050104	115.34675865	0.27496741
3.39000000	-0.64571849	-391.67397268	115.34756761	0.27269237
3.40000000	-0.64300303	-392.82745236	115.34836745	0.27039192
3.41000000	-0.64031083	-393.98094000	115.34915811	0.26803854
3.42000000	-0.63764247	-395.13443550	115.34993948	0.26562319
3.43000000	-0.63499854	-396.28793876	115.35071143	0.26315724
3.44000000	-0.63237940	-397.44144969	115.35147392	0.26067096
3.45000000	-0.62978504	-398.59496820	115.35222701	0.25820945
3.46000000	-0.62721494	-399.74849420	115.35297088	0.25582711
3.47000000	-0.62466804	-400.90202759	115.35370592	0.25358155
3.48000000	-0.62214267	-402.05556829	115.35443265	0.25152787
3.49000000	-0.61963668	-403.20911622	115.35515173	0.24971390
3.50000000	-0.61714747	-404.36267130	115.35586395	0.24817674
3.51000000	-0.61467214	-405.51623348	115.35657018	0.24694081
3.52000000	-0.61220761	-406.66980269	115.35727133	0.24601721
3.53000000	-0.60975076	-407.82337889	115.35796831	0.24540404
3.54000000	-0.60729854	-408.97696205	115.35866201	0.24508707
3.55000000	-0.60484812	-410.13055212	115.35935324	0.24504026
3.56000000	-0.60239696	-411.28414911	115.36004274	0.24522573
3.57000000	-0.59994299	-412.43775297	115.36073109	0.24559301
3.58000000	-0.59748471	-413.59136372	115.36141872	0.24607789
3.59000000	-0.59502131	-414.74498135	115.36210586	0.24660181
3.60000000	-0.59255285	-415.89860584	115.36279250	0.24707250
3.61000000	-0.59008037	-417.05223720	115.36347834	0.24738720
3.62000000	-0.58760598	-418.20587540	115.36416282	0.24743862
3.63000000	-0.58513282	-419.35952044	115.36484507	0.24712382
3.64000000	-0.58266502	-420.51317229	115.36552398	0.24635465
3.65000000	-0.58020746	-421.66683091	115.36619821	0.24506817
3.66000000	-0.57776549	-422.82049624	115.36686633	0.24323493
3.67000000	-0.57534456	-423.97416821	115.36752688	0.24086333
3.68000000	-0.57294986	-425.12784674	115.36817850	0.23799923
3.69000000	-0.57058596	-426.28153175	115.36882000	0.23472079
3.70000000	-0.56825649	-427.43522311	115.36945044	0.23112973
3.71000000	-0.56596402	-428.58892072	115.37006919	0.22734057
3.72000000	-0.56370995	-429.74262445	115.37067594	0.22346968
3.73000000	-0.56149454	-430.89633419	115.37127068	0.21962562
3.74000000	-0.55931704	-432.05004983	115.37185369	0.21590164
3.75000000	-0.55717586	-433.20377123	115.37242543	0.21237083
3.76000000	-0.55506881	-434.35749830	115.37298657	0.20908374
3.77000000	-0.55299328	-435.51123093	115.37353784	0.20606842
3.78000000	-0.55094651	-436.66496903	115.37408003	0.20333208
3.79000000	-0.54892574	-437.81871250	115.37461392	0.20086434
3.80000000	-0.54692840	-438.97246128	115.37514023	0.19864126
3.81000000	-0.54495221	-440.12621528	115.37565960	0.19662993
3.82000000	-0.54299522	-441.27997445	115.37617257	0.19479313
3.83000000	-0.54105589	-442.43373871	115.37667959	0.19309360
3.84000000	-0.53913301	-443.58750802	115.37718099	0.19149760
3.85000000	-0.53722568	-444.74128232	115.37767705	0.18997742
3.86000000	-0.53533327	-445.89506155	115.37816795	0.18851270
3.87000000	-0.53345529	-447.04884566	115.37865384	0.18709055
3.88000000	-0.53159134	-448.20263461	115.37913486	0.18570462
3.89000000	-0.52974108	-449.35642834	115.37961112	0.18435342
3.90000000	-0.52790415	-450.51022681	115.38008273	0.18303827
3.91000000	-0.52608019	-451.66402998	115.38054982	0.18176126
3.92000000	-0.52426880	-452.81783780	115.38101250	0.18052358
3.93000000	-0.52246959	-453.97165022	115.38147090	0.17932435
3.94000000	-0.52068219	-455.12546720	115.38192513	0.17816022
3.95000000	-0.51890629	-456.27928870	115.38237530	0.17702551
3.96000000	-0.51714161	-457.43311469	115.38282149	0.17591293
3.97000000	-0.51538798	-458.58694512	115.38326376	0.17481452
3.98000000	-0.51364530	-459.74077995	115.38370218	0.17372270
3.99000000	-0.51191353	-460.89461915	115.38413675	0.17263110
4.00000000	-0.51019269	-462.04846268	115.38456750	0.17153520
4.01000000	-0.50848284	-463.20231049	115.38499443	0.17043251
4.02000000	-0.50678406	-464.35616255	115.38541753	0.16932248
4.03000000	-0.50509642	-465.51001883	115.38583683	0.16820609
4.04000000	-0.50341996	-466.66387928	115.38625231	0.16708537
4.05000000	-0.50175472	-467.81774386	115.38666399	0.16596277
4.06000000	-0.50010070	-468.97161254	115.38707188	0.16484079
4.07000000	-0.49845789	-470.12548529	115.38747602	0.16372163
4.08000000	-0.49682625	-471.27936205	115.38787642	0.16260715
4.09000000	-0.49520573	-472.43324280	115.38827312	0.16149889
4.10000000	-0.49359625	-473.58712750	115.38866616	0.16039835
4.11000000	-0.49199773	-474.74101611	115.38905557	0.15930719
4.12000000	-0.49041007	-475.89490860	115.38944139	0.15822743
4.13000000	-0.48883313	-477.04880493	115.38982368	0.15716156
4.14000000	-0.48726678	-478.20270506	115.39020248	0.15611249
4.15000000	-0.48571082	-479.35660897	115.39057787	0.15508333
4.16000000	-0.48416504	-480.51051661	115.39094990	0.15407702
4.17000000	-0.48262919	-481.66442795	115.39131865	0.15309596
4.18000000	-0.48110303	-482.81834297	115.39168420	0.15214153
4.19000000	-0.47958627	-483.97226163	115.39204662	0.15121372
4.20000000	-0.47807867	-485.12618389	115.39240601	0.15031092
4.21000000	-0.47657998	-486.28010974	115.39276241	0.14942981
4.22000000	-0.47509002	-487.43403913	115.39311590	0.14856549
4.23000000	-0.47360864	-488.58797205	115.39346653	0.14771187
4.24000000	-0.47213577	-489.74190845	115.39381431	0.14686206
4.25000000	-0.47067141	-490.89584832	115.39415927	0.14600906
4.26000000	-0.46921562	-492.04979163	115.39450141	0.14514636
4.27000000	-0.46776853	-493.20373834	115.39484071	0.14426857
4.28000000	-0.46633031	-494.35768843	115.39517713	0.14337195
4.29000000	-0.46490116	-495.51164188	115.39551066	0.14245476
4.30000000	-0.46348128	-496.66559864	115.39584125	0.14151743
4.31000000	-0.46207087	-497.81955869	115.39616887	0.14056259
4.32000000	-0.46067007	-498.97352200	115.39649350	0.13959479
4.33000000	-0.45927900	-500.12748855	115.39681514	0.13862015
4.34000000	-0.45789767	-501.28145830	115.39713379	0.13764588
4.35000000	-0.45652605	-502.43543122	115.39744946	0.13667972
4.36000000	-0.45516402	-503.58940728	115.39776221	0.13572938
4.37000000	-0.45381139	-504.74338645	115.39807210	0.13480204
4.38000000	-0.45246788	-505.89736871	115.39837918	0.13390394
4.39000000	-0.45113319	-507.05135403	115.39868356	0.13304006
4.40000000	-0.44980696	-508.20534237	115.39898532	0.13221392
4.41000000	-0.44848878	-509.35933372	115.39928457	0.13142760
4.42000000	-0.44717827	-510.51332806	115.39958140	0.13068170
4.43000000	-0.44587502	-511.66732534	115.39987592	0.12997558
4.44000000	-0.44457863	-512.82132557	115.40016823	0.12930753
4.45000000	-0.44328875	-513.97532870	115.40045842	0.12867501
4.46000000	-0.44200502	-515.12933473	115.40074657	0.12807497
4.47000000	-0.44072715	-516.28334363	115.40103277	0.12750404
4.48000000	-0.43945486	-517.43735538	115.40131708	0.12695878
4.49000000	-0.43818790	-518.59136996	115.40159957	0.12643586
4.50000000	-0.43692607	-519.74538736	115.40188029	0.12593218
4.51000000	-0.43566920	-520.89940756	115.40215928	0.12544494
4.52000000	-0.43441713	-522.05343054	115.40243660	0.12497169
4.53000000	-0.43316973	-523.20745629	115.40271226	0.12451035
4.54000000	-0.43192689	-524.36148478	115.40298632	0.12405916
4.55000000	-0.43068852	-525.51551601	115.40325879	0.12361668
4.56000000	-0.42945453	-526.66954995	115.40352970	0.12318176
4.57000000	-0.42822486	-527.82358660	115.40379907	0.12275348
4.58000000	-0.42699944	-528.97762593	115.40406692	0.12233118
4.59000000	-0.42577822	-530.13166793	115.40433327	0.12191441
4.60000000	-0.42456113	-531.28571259	115.40459814	0.12150294
4.61000000	-0.42334814	-532.43975989	115.40486155	0.12109680
4.62000000	-0.42213918	-533.59380982	115.40512351	0.12069624
4.63000000	-0.42093420	-534.74786236	115.40538405	0.12030174
4.64000000	-0.41973312	-535.90191749	115.40564318	0.11991403
4.65000000	-0.41853589	-537.05597521	115.40590093	0.11953403
4.66000000	-0.41734241	-538.21003551	115.40615732	0.11916283
4.67000000	-0.41615260	-539.36409836	115.40641237	0.11880160
4.68000000	-0.41496634	-540.51816375	115.40666611	0.11845152
4.69000000	-0.41378353	-541.67223167	115.40691858	0.11811368
4.70000000	-0.41260403	-542.82630212	115.40716981	0.11778897
4.71000000	-0.41142770	-543.98037507	115.40741982	0.11747799
4.72000000	-0.41025442	-545.13445051	115.40766866	0.11718087
4.73000000	-0.40908404	-546.28852844	115.40791636	0.11689726
4.74000000	-0.40791643	-547.44260883	115.40816295	0.11662619
4.75000000	-0.40675148	-548.59669169	115.40840847	0.11636602
4.76000000	-0.40558908	-549.75077700	115.40865292	0.11611443
4.77000000	-0.40442917	-550.90486475	115.40889635	0.11586840
4.78000000	-0.40327171	-552.05895492	115.40913875	0.11562427
4.79000000	-0.40211670	-553.21304752	115.40938013	0.11537782
4.80000000	-0.40096418	-554.36714252	115.40962049	0.11512436
4.81000000	-0.39981425	-555.52123992	115.40985981	0.11485889
4.82000000	-0.39866706	-556.67533971	115.41009806	0.11457625
4.83000000	-0.39752280	-557.82944188	115.41033521	0.11427131
4.84000000	-0.39638172	-558.98354641	115.41057122	0.11393918
4.85000000	-0.39524412	-560.13765330	115.41080602	0.11357532
4.86000000	-0.39411033	-561.29176253	115.41103955	0.11317584
4.87000000	-0.39298073	-562.44587409	115.41127174	0.11273753
4.88000000	-0.39185572	-563.59998796	115.41150251	0.11225808
4.89000000	-0.39073571	-564.75410413	115.41173178	0.11173613
4.90000000	-0.38962114	-565.90822259	115.41195948	0.11117132
4.91000000	-0.38851243	-567.06234332	115.41218552	0.11056432
4.92000000	-0.38740999	-568.21646630	115.41240982	0.10991680
4.93000000	-0.38631422	-569.37059151	115.41263231	0.10923134
4.94000000	-0.38522548	-570.52471894	115.41285293	0.10851134
4.95000000	-0.38414409	-571.67884856	115.41307161	0.10776089
4.96000000	-0.38307035	-572.83298036	115.41328831	0.10698463
4.97000000	-0.38200447	-573.98711432	115.41350299	0.10618754
4.98000000	-0.38094665	-575.14125041	115.41371562	0.10537485
4.99000000	-0.37989701	-576.29538862	115.41392618	0.10455180
5.00000000	-0.37885563	-577.44952893	115.41413466	0.10372357
5.01000000	-0.37782254	-578.60367131	115.41434107	0.10289507
5.02000000	-0.37679771	-579.75781575	115.41454542	0.10207089
5.03000000	-0.37578109	-580.91196221	115.41474774	0.10125519
5.04000000	-0.37477257	-582.06611069	115.41494804	0.10045161
5.05000000	-0.37377201	-583.22026117	115.41514637	0.09966329
5.06000000	-0.37277924	-584.37441361	115.41534276	0.09889280
5.07000000	-0.37179408	-585.52856802	115.41553726	0.09814217
5.08000000	-0.37081633	-586.68272435	115.41572993	0.09741289
5.09000000	-0.36984575	-587.83688261	115.41592080	0.09670597
5.10000000	-0.36888213	-588.99104276	115.41610993	0.09602195
5.11000000	-0.36792524	-590.14520480	115.41629737	0.09536096
5.12000000	-0.36697484	-591.29936871	115.41648318	0.09472278
5.13000000	-0.36603071	-592.45353446	115.41666740	0.09410688
5.14000000	-0.36509263	-593.60770205	115.41685008	0.09351249
5.15000000	-0.36416039	-594.76187146	115.41703128	0.09293862
5.16000000	-0.36323379	-595.91604267	115.41721102	0.09238413
5.17000000	-0.36231265	-597.07021567	115.41738937	0.09184776
5.18000000	-0.36139678	-598.22439045	115.41756635	0.09132815
5.19000000	-0.36048603	-599.37856699	115.41774200	0.09082392
5.20000000	-0.35958025	-600.53274529	115.41791635	0.09033362
5.21000000	-0.35867932	-601.68692532	115.41808944	0.08985585
5.22000000	-0.35778310	-602.84110707	115.41826130	0.08938920
5.23000000	-0.35689150	-603.99529054	115.41843194	0.08893231
5.24000000	-0.35600443	-605.14947571	115.41860139	0.08848388
5.25000000	-0.35512180	-606.30366256	115.41876967	0.08804268
5.26000000	-0.35424355	-607.45785110	115.41893680	0.08760755
5.27000000	-0.35336963	-608.61204130	115.41910278	0.08717748
5.28000000	-0.35249999	-609.76623315	115.41926764	0.08675152
5.29000000	-0.35163459	-610.92042664	115.41943139	0.08632887
5.30000000	-0.35077340	-612.07462177	115.41959403	0.08590887
5.31000000	-0.34991641	-613.22881852	115.41975558	0.08549099
5.32000000	-0.34906358	-614.38301688	115.41991603	0.08507485
5.33000000	-0.34821490	-615.53721684	115.42007541	0.08466022
5.34000000	-0.34737037	-616.69141839	115.42023371	0.08424705
5.35000000	-0.34652996	-617.84562151	115.42039094	0.08383540
5.36000000	-0.34569365	-618.99982620	115.42054712	0.08342550
5.37000000	-0.34486144	-620.15403245	115.42070224	0.08301774
5.38000000	-0.34403329	-621.30824024	115.42085631	0.08261261
5.39000000	-0.34320918	-622.46244957	115.42100935	0.08221075
5.40000000	-0.34238906	-623.61666043	115.42116136	0.08181288
5.41000000	-0.34157290	-624.77087279	115.42131236	0.08141983
5.42000000	-0.34076065	-625.92508667	115.42146237	0.08103249
5.43000000	-0.33995223	-627.07930204	115.42161138	0.08065183
5.44000000	-0.33914758	-628.23351889	115.42175943	0.08027883
5.45000000	-0.33834663	-629.38773722	115.42190653	0.07991451
5.46000000	-0.33754926	-630.54195702	115.42205270	0.07955986
5.47000000	-0.33675539	-631.69617828	115.42219797	0.07921589
5.48000000	-0.33596491	-632.85040098	115.42234235	0.07888353
5.49000000	-0.33517768	-634.00462512	115.42248587	0.07856368
5.50000000	-0.33439359	-635.15885069	115.42262856	0.07825717
5.51000000	-0.33361249	-636.31307769	115.42277045	0.07796476
5.52000000	-0.33283424	-637.46730610	115.42291157	0.07768708
5.53000000	-0.33205870	-638.62153592	115.42305194	0.07742468
5.54000000	-0.33128570	-639.77576714	115.42319160	0.07717800
5.55000000	-0.33051508	-640.92999975	115.42333057	0.07694734
5.56000000	-0.32974670	-642.08423374	115.42346889	0.07673288
5.57000000	-0.32898037	-643.23846912	115.42360660	0.07653467
5.58000000	-0.32821595	-644.39270587	115.42374371	0.07635262
5.59000000	-0.32745327	-645.54694399	115.42388027	0.07618649
5.60000000	-0.32669217	-646.70118348	115.42401631	0.07603590
5.61000000	-0.32593250	-647.85542432	115.42415184	0.07590034
5.62000000	-0.32517411	-649.00966651	115.42428690	0.07577914
5.63000000	-0.32441687	-650.16391006	115.42442152	0.07567150
5.64000000	-0.32366064	-651.31815494	115.42455573	0.07557647
5.65000000	-0.32290530	-652.47240117	115.42468953	0.07549296
5.66000000	-0.32215075	-653.62664873	115.42482297	0.07541977
5.67000000	-0.32139688	-654.78089763	115.42495604	0.07535554
5.68000000	-0.32064361	-655.93514785	115.42508877	0.07529882
5.69000000	-0.31989088	-657.08939940	115.42522118	0.07524804
5.70000000	-0.31913864	-658.24365227	115.42535327	0.07520154
5.71000000	-0.31838684	-659.39790647	115.42548505	0.07515756
5.72000000	-0.31763548	-660.55216197	115.42561652	0.07511429
5.73000000	-0.31688456	-661.70641880	115.42574769	0.07506985
5.74000000	-0.31613410	-662.86067693	115.42587854	0.07502234
5.75000000	-0.31538413	-664.01493637	115.42600908	0.07496984
5.76000000	-0.31463472	-665.16919711	115.42613930	0.07491044
5.77000000	-0.31388595	-666.32345915	115.42626919	0.07484227
5.78000000	-0.31313791	-667.47772249	115.42639872	0.07476350
5.79000000	-0.31239072	-668.63198712	115.42652788	0.07467241
5.80000000	-0.31164451	-669.78625305	115.42665664	0.07456735
5.81000000	-0.31089943	-670.94052025	115.42678500	0.07444682
5.82000000	-0.31015563	-672.09478874	115.42691291	0.07430947
5.83000000	-0.30941330	-673.24905851	115.42704035	0.07415411
5.84000000	-0.30867261	-674.40332955	115.42716728	0.07397976
5.85000000	-0.30793377	-675.55760186	115.42729369	0.07378563
5.86000000	-0.30719697	-676.71187542	115.42741953	0.07357115
5.87000000	-0.30646241	-677.86615024	115.42754478	0.07333598
5.88000000	-0.30573032	-679.02042632	115.42766939	0.07308003
5.89000000	-0.30500088	-680.17470363	115.42779334	0.07280341
5.90000000	-0.30427432	-681.32898218	115.42791659	0.07250648
5.91000000	-0.30355082	-682.48326196	115.42803911	0.07218984
5.92000000	-0.30283058	-683.63754296	115.42816087	0.07185427
5.93000000	-0.30211379	-684.79182517	115.42828185	0.07150076
5.94000000	-0.30140062	-685.94610859	115.42840202	0.07113050
5.95000000	-0.30069123	-687.10039321	115.42852134	0.07074482
5.96000000	-0.29998577	-688.25467902	115.42863981	0.07034519
5.97000000	-0.29928437	-689.40896600	115.42875739	0.06993321
5.98000000	-0.29858714	-690.56325416	115.42887408	0.06951054
5.99000000	-0.29789419	-691.71754348	115.42898987	0.06907892
6.00000000	-0.29720559	-692.87183396	115.42910473	0.06864013
6.01000000	-0.29652141	-694.02612557	115.42921866	0.06819596
6.02000000	-0.29584168	-695.18041833	115.42933167	0.06774817
6.03000000	-0.29516645	-696.33471220	115.42944374	0.06729850
6.04000000	-0.29449571	-697.48900720	115.42955488	0.06684862
6.05000000	-0.29382947	-698.64330330	115.42966510	0.06640013
6.06000000	-0.29316770	-699.79760050	115.42977439	0.06595454
6.07000000	-0.29251037	-700.95189878	115.42988277	0.06551324
6.08000000	-0.29185742	-702.10619815	115.42999025	0.06507751
6.09000000	-0.29120879	-703.26049859	115.43009685	0.06464850
6.10000000	-0.29056442	-704.41480008	115.43020257	0.06422721
6.11000000	-0.28992422	-705.56910263	115.43030743	0.06381453
6.12000000	-0.28928810	-706.72340623	115.43041146	0.06341118
6.13000000	-0.28865596	-707.87771086	115.43051467	0.06301776
6.14000000	-0.28802771	-709.03201652	115.43061707	0.06263471
6.15000000	-0.28740323	-710.18632320	115.43071869	0.06226236
6.16000000	-0.28678243	-711.34063089	115.43081956	0.06190089
6.17000000	-0.28616518	-712.49493959	115.43091968	0.06155039
6.18000000	-0.28555138	-713.64924928	115.43101908	0.06121081
6.19000000	-0.28494093	-714.80355997	115.43111778	0.06088200
6.20000000	-0.28433371	-715.95787164	115.43121579	0.06056373
6.21000000	-0.28372962	-717.11218428	115.43131315	0.06025568
6.22000000	-0.28312856	-718.26649790	115.43140986	0.05995746
6.23000000	-0.28253044	-719.42081248	115.43150595	0.05966861
6.24000000	-0.28193516	-720.57512801	115.43160142	0.05938864
6.25000000	-0.28134264	-721.72944450	115.43169630	0.05911700
6.26000000	-0.28075279	-722.88376194	115.43179060	0.05885313
6.27000000	-0.28016555	-724.03808031	115.43188433	0.05859642
6.28000000	-0.27958084	-725.19239962	115.43197751	0.05834628
6.29000000	-0.27899861	-726.34671986	115.43207015	0.05810211
6.30000000	-0.27841878	-727.50104102	115.43216226	0.05786330
6.31000000	-0.27784132	-728.65536310	115.43225385	0.05762927
6.32000000	-0.27726618	-729.80968610	115.43234492	0.05739946
6.33000000	-0.27669332	-730.96401000	115.43243549	0.05717332
6.34000000	-0.27612271	-732.11833481	115.43252557	0.05695033
6.35000000	-0.27555431	-733.27266051	115.43261515	0.05673003
6.36000000	-0.27498810	-734.42698711	115.43270425	0.05651196
6.37000000	-0.27442406	-735.58131459	115.43279286	0.05629573
6.38000000	-0.27386218	-736.73564296	115.43288100	0.05608097
6.39000000	-0.27330244	-737.88997221	115.43296867	0.05586735
6.40000000	-0.27274483	-739.04430234	115.43305586	0.05565461
6.41000000	-0.27218934	-740.19863333	115.43314259	0.05544249
6.42000000	-0.27163598	-741.35296519	115.43322885	0.05523081
6.43000000	-0.27108473	-742.50729790	115.43331465	0.05501940
6.44000000	-0.27053559	-743.66163148	115.43339998	0.05480815
6.45000000	-0.26998856	-744.81596590	115.43348486	0.05459698
6.46000000	-0.26944365	-745.97030117	115.43356928	0.05438585
6.47000000	-0.26890085	-747.12463729	115.43365324	0.05417472
6.48000000	-0.26836016	-748.27897424	115.43373674	0.05396363
6.49000000	-0.26782157	-749.43331202	115.43381979	0.05375260
6.50000000	-0.26728510	-750.58765063	115.43390239	0.05354172
6.51000000	-0.26675074	-751.74199007	115.43398454	0.05333105
6.52000000	-0.26621848	-752.89633032	115.43406623	0.05312071
6.53000000	-0.26568832	-754.05067139	115.43414748	0.05291082
6.54000000	-0.26516026	-755.20501327	115.43422829	0.05270151
6.55000000	-0.26463429	-756.35935595	115.43430865	0.05249291
6.56000000	-0.26411040	-757.51369944	115.43438857	0.05228519
6.57000000	-0.26358858	-758.66804372	115.43446806	0.05207850
6.58000000	-0.26306883	-759.82238880	115.43454711	0.05187300
6.59000000	-0.26255112	-760.97673466	115.43462573	0.05166883
6.60000000	-0.26203545	-762.13108131	115.43470392	0.05146617
6.61000000	-0.26152179	-763.28542874	115.43478169	0.05126516
6.62000000	-0.26101014	-764.43977694	115.43485903	0.05106596
6.63000000	-0.26050046	-765.59412592	115.43493597	0.05086870
6.64000000	-0.25999276	-766.74847566	115.43501249	0.05067352
6.65000000	-0.25948699	-767.90282617	115.43508860	0.05048055
6.66000000	-0.25898314	-769.05717743	115.43516431	0.05028989
6.67000000	-0.25848118	-770.21152945	115.43523962	0.05010166
6.68000000	-0.25798109	-771.36588222	115.43531454	0.04991595
6.69000000	-0.25748285	-772.52023574	115.43538907	0.04973284
6.70000000	-0.25698643	-773.67459000	115.43546322	0.04955238
6.71000000	-0.25649180	-774.82894501	115.43553699	0.04937465
6.72000000	-0.25599893	-775.98330074	115.43561039	0.04919967
6.73000000	-0.25550779	-777.13765721	115.43568342	0.04902748
6.74000000	-0.25501837	-778.29201441	115.43575609	0.04885809
6.75000000	-0.25453062	-779.44637233	115.43582840	0.04869150
6.76000000	-0.25404453	-780.60073098	115.43590036	0.04852769
6.77000000	-0.25356006	-781.75509034	115.43597198	0.04836664
6.78000000	-0.25307719	-782.90945042	115.43604325	0.04820831
6.79000000	-0.25259588	-784.06381120	115.43611419	0.04805265
6.80000000	-0.25211613	-785.21817270	115.43618479	0.04789961
6.81000000	-0.25163788	-786.37253490	115.43625507	0.04774911
6.82000000	-0.25116113	-787.52689780	115.43632502	0.04760106
6.83000000	-0.25068585	-788.68126140	115.43639466	0.04745539
6.84000000	-0.25021202	-789.83562569	115.43646399	0.04731199
6.85000000	-0.24973961	-790.98999068	115.43653300	0.04717075
6.86000000	-0.24926860	-792.14435635	115.43660171	0.04703158
6.87000000	-0.24879897	-793.29872271	115.43667012	0.04689434
6.88000000	-0.24833070	-794.45308975	115.43673823	0.04675893
6.89000000	-0.24786379	-795.60745747	115.43680605	0.04662523
6.90000000	-0.24739819	-796.76182587	115.43687358	0.04649310
6.91000000	-0.24693392	-797.91619494	115.43694081	0.04636242
6.92000000	-0.24647094	-799.07056469	115.43700777	0.04623307
6.93000000	-0.24600925	-800.22493510	115.43707444	0.04610494
6.94000000	-0.24554884	-801.37930617	115.43714083	0.04597789
6.95000000	-0.24508969	-802.53367791	115.43720694	0.04585181
6.96000000	-0.24463180	-803.68805031	115.43727277	0.04572658
6.97000000	-0.24417516	-804.84242337	115.43733834	0.04560212
6.98000000	-0.24371976	-805.99679708	115.43740363	0.04547830
6.99000000	-0.24326559	-807.15117144	115.43746865	0.04535504
7.00000000	-0.24281265	-808.30554645	115.43753340	0.04523225
7.01000000	-0.24236094	-809.45992211	115.43759788	0.04510986
7.02000000	-0.24191046	-810.61429841	115.43766210	0.04498778
7.03000000	-0.24146119	-811.76867535	115.43772605	0.04486597
7.04000000	-0.24101314	-812.92305293	115.43778974	0.04474437
7.05000000	-0.24056630	-814.07743114	115.43785317	0.04462294
7.06000000	-0.24012068	-815.23180999	115.43791633	0.04450165
7.07000000	-0.23967627	-816.38618947	115.43797924	0.04438047
7.08000000	-0.23923307	-817.54056957	115.43804188	0.04425940
7.09000000	-0.23879108	-818.69495030	115.43810426	0.04413842
7.10000000	-0.23835030	-819.84933166	115.43816639	0.04401755
7.11000000	-0.23791073	-821.00371363	115.43822826	0.04389680
7.12000000	-0.23747236	-822.15809622	115.43828987	0.04377620
7.13000000	-0.23703520	-823.31247943	115.43835122	0.04365578
7.14000000	-0.23659924	-824.46686325	115.43841233	0.04353557
7.15000000	-0.23616449	-825.62124767	115.43847317	0.04341563
7.16000000	-0.23573093	-826.77563271	115.43853377	0.04329600
7.17000000	-0.23529857	-827.93001835	115.43859411	0.04317675
7.18000000	-0.23486739	-829.08440459	115.43865421	0.04305795
7.19000000	-0.23443741	-830.23879143	115.43871405	0.04293965
7.20000000	-0.23400860	-831.39317887	115.43877365	0.04282194
7.21000000	-0.23358097	-832.54756690	115.43883300	0.04270488
7.22000000	-0.23315450	-833.70195553	115.43889211	0.04258855
7.23000000	-0.23272919	-834.85634474	115.43895098	0.04247304
7.24000000	-0.23230504	-836.01073455	115.43900960	0.04235841
7.25000000	-0.23188202	-837.16512494	115.43906799	0.04224474
7.26000000	-0.23146014	-838.31951591	115.43912614	0.04213212
7.27000000	-0.23103938	-839.47390746	115.43918406	0.04202061
7.28000000	-0.23061972	-840.62829959	115.43924174	0.04191029
7.29000000	-0.23020116	-841.78269229	115.43929919	0.04180123
7.30000000	-0.22978369	-842.93708557	115.43935642	0.04169349
7.31000000	-0.22936729	-844.09147942	115.43941342	0.04158713
7.32000000	-0.22895195	-845.24587384	115.43947020	0.04148221
7.33000000	-0.22853764	-846.40026882	115.43952676	0.04137878
7.34000000	-0.22812436	-847.55466437	115.43958311	0.04127688
7.35000000	-0.22771210	-848.70906048	115.43963924	0.04117656
7.36000000	-0.22730083	-849.86345716	115.43969515	0.04107784
7.37000000	-0.22689054	-851.01785439	115.43975086	0.04098077
7.38000000	-0.22648121	-852.17225217	115.43980636	0.04088535
7.39000000	-0.22607282	-853.32665051	115.43986166	0.04079161
7.40000000	-0.22566537	-854.48104941	115.43991676	0.04069956
7.41000000	-0.22525883	-855.63544885	115.43997166	0.04060919
7.42000000	-0.22485318	-856.78984884	115.44002637	0.04052051
7.43000000	-0.22444841	-857.94424937	115.44008088	0.04043350
7.44000000	-0.22404450	-859.09865046	115.44013521	0.04034816
7.45000000	-0.22364144	-860.25305208	115.44018935	0.04026446
7.46000000	-0.22323921	-861.40745424	115.44024330	0.04018238
7.47000000	-0.22283779	-862.56185694	115.44029708	0.04010188
7.48000000	-0.22243717	-863.71626018	115.44035067	0.04002294
7.49000000	-0.22203733	-864.87066396	115.44040409	0.03994551
7.50000000	-0.22163825	-866.02506826	115.44045733	0.03986956
7.51000000	-0.22123993	-867.17947310	115.44051041	0.03979504
7.52000000	-0.22084235	-868.33387847	115.44056331	0.03972189
7.53000000	-0.22044549	-869.48828437	115.44061605	0.03965006
7.54000000	-0.22004934	-870.64269079	115.44066863	0.03957951
7.55000000	-0.21965389	-871.79709774	115.44072104	0.03951017
7.56000000	-0.21925913	-872.95150521	115.44077329	0.03944198
7.57000000	-0.21886505	-874.10591321	115.44082538	0.03937489
7.58000000	-0.21847163	-875.26032172	115.44087732	0.03930884
7.59000000	-0.21807887	-876.41473075	115.44092910	0.03924376
7.60000000	-0.21768675	-877.56914030	115.44098073	0.03917958
7.61000000	-0.21729528	-878.72355037	115.44103221	0.03911626
7.62000000	-0.21690443	-879.87796094	115.44108353	0.03905372
7.63000000	-0.21651420	-881.03237204	115.44113471	0.03899191
7.64000000	-0.21612459	-882.18678364	115.44118574	0.03893076
7.65000000	-0.21573558	-883.34119575	115.44123662	0.03887021
7.66000000	-0.21534718	-884.49560837	115.44128736	0.03881019
7.67000000	-0.21495938	-885.65002150	115.44133796	0.03875066
7.68000000	-0.21457217	-886.80443513	115.44138841	0.03869155
7.69000000	-0.21418554	-887.95884926	115.44143872	0.03863279
7.70000000	-0.21379951	-889.11326390	115.44148888	0.03857435
7.71000000	-0.21341406	-890.26767904	115.44153891	0.03851615
7.72000000	-0.21302919	-891.42209468	115.44158879	0.03845814
7.73000000	-0.21264489	-892.57651082	115.44163854	0.03840028
7.74000000	-0.21226118	-893.73092745	115.44168815	0.03834250
7.75000000	-0.21187804	-894.88534458	115.44173762	0.03828475
7.76000000	-0.21149548	-896.03976220	115.44178695	0.03822698
7.77000000	-0.21111350	-897.19418032	115.44183614	0.03816915
7.78000000	-0.21073210	-898.34859893	115.44188520	0.03811120
7.79000000	-0.21035128	-899.50301802	115.44193411	0.03805308
7.80000000	-0.20997104	-900.65743761	115.44198289	0.03799474
7.81000000	-0.20959139	-901.81185768	115.44203154	0.03793614
7.82000000	-0.20921232	-902.96627824	115.44208004	0.03787723
7.83000000	-0.20883384	-904.12069928	115.44212841	0.03781795
7.84000000	-0.20845596	-905.27512080	115.44217664	0.03775828
7.85000000	-0.20807868	-906.42954281	115.44222473	0.03769815
7.86000000	-0.20770200	-907.58396530	115.44227268	0.03763752
7.87000000	-0.20732593	-908.73838827	115.44232050	0.03757635
7.88000000	-0.20695048	-909.89281171	115.44236818	0.03751459
7.89000000	-0.20657564	-911.04723563	115.44241571	0.03745220
7.90000000	-0.20620143	-912.20166002	115.44246311	0.03738914
7.91000000	-0.20582786	-913.35608489	115.44251037	0.03732535
7.92000000	-0.20545493	-914.51051023	115.44255749	0.03726079
7.93000000	-0.20508265	-915.66493604	115.44260446	0.03719543
7.94000000	-0.20471102	-916.81936232	115.44265130	0.03712921
7.95000000	-0.20434007	-917.97378906	115.44269799	0.03706210
7.96000000	-0.20396978	-919.12821628	115.44274453	0.03699406
7.97000000	-0.20360019	-920.28264395	115.44279094	0.03692504
7.98000000	-0.20323129	-921.43707210	115.44283719	0.03685501
7.99000000	-0.20286309	-922.59150070	115.44288331	0.03678392
8.00000000	-0.20249561	-923.74592976	115.44292927	0.03671175
