T	Ut	Ft	St	Ct
0.01000000	-2.00000000	-2.00000000	0.00000000	0.00000000
0.02000000	-2.00000000	-2.00000000	0.00000000	0.00000000
0.03000000	-2.00000000	-2.00000000	0.00000000	0.00000000
0.04000000	-2.00000000	-2.00000000	0.00000000	0.00000000
0.05000000	-2.00000000	-2.00000000	0.00000000	0.00000000
0.06000000	-2.00000000	-2.00000000	-0.00000000	0.00000000
0.07000000	-2.00000000	-2.00000000	0.00000000	0.00000000
0.08000000	-2.00000000	-2.00000000	0.00000000	0.00000000
0.09000000	-2.00000000	-2.00000000	-0.00000000	0.00000000
0.10000000	-2.00000000	-2.00000000	-0.00000000	0.00000000
0.11000000	-2.00000000	-2.00000000	0.00000000	0.00000000
0.12000000	-2.00000000	-2.00000000	-0.00000000	-0.00000000
0.13000000	-2.00000000	-2.00000000	0.00000000	0.00000000
0.14000000	-2.00000000	-2.00000000	0.00000000	0.00000000
0.15000000	-2.00000000	-2.00000000	0.00000000	0.00000000
0.16000000	-2.00000000	-2.00000000	0.00000000	0.00000000
0.17000000	-2.00000000	-2.00000000	0.00000000	0.00000000
0.18000000	-2.00000000	-2.00000000	0.00000000	0.00000000
0.19000000	-2.00000000	-2.00000000	0.00000000	0.00000000
0.20000000	-2.00000000	-2.00000000	0.00000000	0.00000001
0.21000000	-2.00000000	-2.00000000	0.00000000	0.00000003
0.22000000	-2.00000000	-2.00000000	0.00000000	0.00000007
0.23000000	-2.00000000	-2.00000000	0.00000001	0.00000013
0.24000000	-2.00000000	-2.00000000	0.00000002	0.00000025
0.25000000	-1.99999999	-2.00000000	0.00000003	0.00000045
0.26000000	-1.99999999	-2.00000000	0.00000005	0.00000077
0.27000000	-1.99999998	-2.00000000	0.00000009	0.00000126
0.28000000	-1.99999996	-2.00000000	0.00000015	0.00000199
0.29000000	-1.99999994	-2.00000000	0.00000024	0.00000304
0.30000000	-1.99999990	-2.00000001	0.00000036	0.00000450
0.31000000	-1.99999984	-2.00000001	0.00000054	0.00000648
0.32000000	-1.99999977	-2.00000002	0.00000079	0.00000910
0.33000000	-1.99999966	-2.00000003	0.00000112	0.00001250
0.34000000	-1.99999951	-2.00000004	0.00000155	0.00001681
0.35000000	-1.99999932	-2.00000006	0.00000211	0.00002220
0.36000000	-1.99999907	-2.00000008	0.00000283	0.00002883
0.37000000	-1.99999874	-2.00000012	0.00000372	0.00003685
0.38000000	-1.99999832	-2.00000016	0.00000483	0.00004644
0.39000000	-1.99999780	-2.00000021	0.00000618	0.00005775
0.40000000	-1.99999716	-2.00000028	0.00000780	0.00007094
0.41000000	-1.99999638	-2.00000037	0.00000974	0.00008618
0.42000000	-1.99999543	-2.00000048	0.00001202	0.00010360
0.43000000	-1.99999430	-2.00000061	0.00001468	0.00012335
0.44000000	-1.99999296	-2.00000077	0.00001777	0.00014555
0.45000000	-1.99999138	-2.00000097	0.00002131	0.00017031
0.46000000	-1.99998954	-2.00000120	0.00002535	0.00019774
0.47000000	-1.99998742	-2.00000148	0.00002992	0.00022793
0.48000000	-1.99998497	-2.00000180	0.00003506	0.00026094
0.49000000	-1.99998219	-2.00000218	0.00004081	0.00029685
0.50000000	-1.99997903	-2.00000262	0.00004719	0.00033569
0.51000000	-1.99997546	-2.00000313	0.00005424	0.00037749
0.52000000	-1.99997147	-2.00000371	0.00006200	0.00042228
0.53000000	-1.99996701	-2.00000437	0.00007050	0.00047006
0.54000000	-1.99996206	-2.00000512	0.00007975	0.00052082
0.55000000	-1.99995658	-2.00000597	0.00008979	0.00057453
0.56000000	-1.99995056	-2.00000692	0.00010065	0.00063117
0.57000000	-1.99994395	-2.00000798	0.00011234	0.00069070
0.58000000	-1.99993673	-2.00000917	0.00012489	0.00075306
0.59000000	-1.99992888	-2.00001048	0.00013832	0.00081819
0.60000000	-1.99992036	-2.00001194	0.00015263	0.00088603
0.61000000	-1.99991115	-2.00001354	0.00016786	0.00095649
0.62000000	-1.99990122	-2.00001530	0.00018400	0.00102950
0.63000000	-1.99989055	-2.00001722	0.00020107	0.00110498
0.64000000	-1.99987911	-2.00001932	0.00021908	0.00118282
0.65000000	-1.99986689	-2.00002161	0.00023803	0.00126293
0.66000000	-1.99985385	-2.00002409	0.00025794	0.00134522
0.67000000	-1.99983998	-2.00002677	0.00027880	0.00142958
0.68000000	-1.99982525	-2.00002967	0.00030061	0.00151591
0.69000000	-1.99980965	-2.00003279	0.00032338	0.00160411
0.70000000	-1.99979316	-2.00003614	0.00034711	0.00169407
0.71000000	-1.99977576	-2.00003973	0.00037178	0.00178568
0.72000000	-1.99975744	-2.00004358	0.00039741	0.00187885
0.73000000	-1.99973818	-2.00004768	0.00042397	0.00197347
0.74000000	-1.99971797	-2.00005206	0.00045147	0.00206942
0.75000000	-1.99969679	-2.00005671	0.00047990	0.00216663
0.76000000	-1.99967463	-2.00006166	0.00050925	0.00226497
0.77000000	-1.99965149	-2.00006690	0.00053950	0.00236436
0.78000000	-1.99962734	-2.00007245	0.00057065	0.00246470
0.79000000	-1.99960219	-2.00007832	0.00060269	0.00256589
0.80000000	-1.99957602	-2.00008451	0.00063561	0.00266784
0.81000000	-1.99954883	-2.00009103	0.00066939	0.00277047
0.82000000	-1.99952061	-2.00009790	0.00070401	0.00287369
0.83000000	-1.99949136	-2.00010512	0.00073947	0.00297741
0.84000000	-1.99946106	-2.00011269	0.00077575	0.00308156
0.85000000	-1.99942972	-2.00012063	0.00081284	0.00318605
0.86000000	-1.99939734	-2.00012895	0.00085071	0.00329082
0.87000000	-1.99936391	-2.00013765	0.00088936	0.00339579
0.88000000	-1.99932942	-2.00014674	0.00092877	0.00350090
0.89000000	-1.99929389	-2.00015623	0.00096892	0.00360607
0.90000000	-1.99925730	-2.00016612	0.00100980	0.00371124
0.91000000	-1.99921966	-2.00017643	0.00105139	0.00381636
0.92000000	-1.99918097	-2.00018715	0.00109367	0.00392137
0.93000000	-1.99914124	-2.00019830	0.00113663	0.00402621
0.94000000	-1.99910045	-2.00020989	0.00118025	0.00413084
0.95000000	-1.99905862	-2.00022191	0.00122452	0.00423519
0.96000000	-1.99901575	-2.00023438	0.00126941	0.00433924
0.97000000	-1.99897184	-2.00024730	0.00131491	0.00444293
0.98000000	-1.99892689	-2.00026068	0.00136101	0.00454622
0.99000000	-1.99888091	-2.00027452	0.00140769	0.00464908
1.00000000	-1.99883391	-2.00028884	0.00145493	0.00475147
1.01000000	-1.99878589	-2.00030362	0.00150271	0.00485335
1.02000000	-1.99873684	-2.00031889	0.00155103	0.00495470
1.03000000	-1.99868679	-2.00033465	0.00159986	0.00505549
1.04000000	-1.99863574	-2.00035089	0.00164919	0.00515568
1.05000000	-1.99858368	-2.00036763	0.00169900	0.00525525
1.06000000	-1.99853063	-2.00038487	0.00174928	0.00535419
1.07000000	-1.99847660	-2.00040262	0.00180002	0.00545246
1.08000000	-1.99842159	-2.00042087	0.00185119	0.00555005
1.09000000	-1.99836560	-2.00043964	0.00190279	0.00564695
1.10000000	-1.99830865	-2.00045893	0.00195480	0.00574313
1.11000000	-1.99825074	-2.00047874	0.00200721	0.00583859
1.12000000	-1.99819188	-2.00049908	0.00206000	0.00593331
1.13000000	-1.99813208	-2.00051994	0.00211315	0.00602728
1.14000000	-1.99807134	-2.00054134	0.00216667	0.00612050
1.15000000	-1.99800967	-2.00056328	0.00222053	0.00621295
1.16000000	-1.99794708	-2.00058575	0.00227472	0.00630464
1.17000000	-1.99788358	-2.00060877	0.00232922	0.00639555
1.18000000	-1.99781917	-2.00063234	0.00238404	0.00648569
1.19000000	-1.99775387	-2.00065645	0.00243915	0.00657505
1.20000000	-1.99768768	-2.00068112	0.00249454	0.00666364
1.21000000	-1.99762060	-2.00070634	0.00255020	0.00675145
1.22000000	-1.99755265	-2.00073213	0.00260613	0.00683850
1.23000000	-1.99748383	-2.00075847	0.00266231	0.00692479
1.24000000	-1.99741416	-2.00078537	0.00271872	0.00701032
1.25000000	-1.99734363	-2.00081284	0.00277537	0.00709511
1.26000000	-1.99727226	-2.00084088	0.00283224	0.00717915
1.27000000	-1.99720005	-2.00086949	0.00288932	0.00726248
1.28000000	-1.99712701	-2.00089867	0.00294661	0.00734509
1.29000000	-1.99705315	-2.00092842	0.00300409	0.00742700
1.30000000	-1.99697847	-2.00095875	0.00306175	0.00750823
1.31000000	-1.99690299	-2.00098966	0.00311960	0.00758880
1.32000000	-1.99682670	-2.00102114	0.00317761	0.00766872
1.33000000	-1.99674961	-2.00105321	0.00323579	0.00774803
1.34000000	-1.99667174	-2.00108586	0.00329412	0.00782673
1.35000000	-1.99659308	-2.00111909	0.00335260	0.00790485
1.36000000	-1.99651364	-2.00115291	0.00341123	0.00798243
1.37000000	-1.99643343	-2.00118732	0.00346999	0.00805949
1.38000000	-1.99635246	-2.00122231	0.00352888	0.00813605
1.39000000	-1.99627071	-2.00125790	0.00358790	0.00821216
1.40000000	-1.99618821	-2.00129407	0.00364704	0.00828783
1.41000000	-1.99610496	-2.00133084	0.00370630	0.00836312
1.42000000	-1.99602095	-2.00136820	0.00376567	0.00843806
1.43000000	-1.99593620	-2.00140615	0.00382514	0.00851268
1.44000000	-1.99585070	-2.00144470	0.00388472	0.00858704
1.45000000	-1.99576446	-2.00148385	0.00394441	0.00866116
1.46000000	-1.99567748	-2.00152359	0.00400419	0.00873511
1.47000000	-1.99558976	-2.00156393	0.00406406	0.00880892
1.48000000	-1.99550130	-2.00160487	0.00412403	0.00888265
1.49000000	-1.99541210	-2.00164641	0.00418410	0.00895636
1.50000000	-1.99532217	-2.00168855	0.00424425	0.00903009
1.51000000	-1.99523150	-2.00173130	0.00430450	0.00910390
1.52000000	-1.99514009	-2.00177464	0.00436484	0.00917787
1.53000000	-1.99504794	-2.00181859	0.00442526	0.00925204
1.54000000	-1.99495505	-2.00186315	0.00448578	0.00932648
1.55000000	-1.99486141	-2.00190831	0.00454638	0.00940127
1.56000000	-1.99476702	-2.00195408	0.00460708	0.00947647
1.57000000	-1.99467188	-2.00200045	0.00466788	0.00955217
1.58000000	-1.99457598	-2.00204743	0.00472877	0.00962843
1.59000000	-1.99447931	-2.00209503	0.00478976	0.00970533
1.60000000	-1.99438187	-2.00214323	0.00485085	0.00978296
1.61000000	-1.99428365	-2.00219204	0.00491205	0.00986141
1.62000000	-1.99418464	-2.00224147	0.00497335	0.00994077
1.63000000	-1.99408483	-2.00229151	0.00503477	0.01002112
1.64000000	-1.99398421	-2.00234217	0.00509631	0.01010257
1.65000000	-1.99388277	-2.00239344	0.00515798	0.01018520
1.66000000	-1.99378050	-2.00244533	0.00521977	0.01026914
1.67000000	-1.99367739	-2.00249783	0.00528170	0.01035448
1.68000000	-1.99357341	-2.00255096	0.00534378	0.01044133
1.69000000	-1.99346856	-2.00260471	0.00540601	0.01052980
1.70000000	-1.99336281	-2.00265908	0.00546840	0.01062003
1.71000000	-1.99325615	-2.00271408	0.00553095	0.01071212
1.72000000	-1.99314856	-2.00276970	0.00559369	0.01080620
1.73000000	-1.99304002	-2.00282595	0.00565661	0.01090240
1.74000000	-1.99293050	-2.00288283	0.00571973	0.01100086
1.75000000	-1.99281999	-2.00294035	0.00578306	0.01110172
1.76000000	-1.99270846	-2.00299850	0.00584661	0.01120512
1.77000000	-1.99259588	-2.00305728	0.00591040	0.01131120
1.78000000	-1.99248223	-2.00311671	0.00597443	0.01142013
1.79000000	-1.99236747	-2.00317677	0.00603872	0.01153206
1.80000000	-1.99225158	-2.00323748	0.00610328	0.01164714
1.81000000	-1.99213451	-2.00329884	0.00616813	0.01176557
1.82000000	-1.99201625	-2.00336084	0.00623329	0.01188749
1.83000000	-1.99189675	-2.00342350	0.00629877	0.01201311
1.84000000	-1.99177598	-2.00348682	0.00636459	0.01214260
1.85000000	-1.99165389	-2.00355080	0.00643076	0.01227615
1.86000000	-1.99153044	-2.00361544	0.00649731	0.01241397
1.87000000	-1.99140559	-2.00368074	0.00656425	0.01255627
1.88000000	-1.99127930	-2.00374672	0.00663161	0.01270325
1.89000000	-1.99115151	-2.00381338	0.00669940	0.01285515
1.90000000	-1.99102218	-2.00388071	0.00676765	0.01301218
1.91000000	-1.99089125	-2.00394873	0.00683638	0.01317459
1.92000000	-1.99075867	-2.00401744	0.00690561	0.01334263
1.93000000	-1.99062438	-2.00408685	0.00697537	0.01351655
1.94000000	-1.99048832	-2.00415695	0.00704569	0.01369662
1.95000000	-1.99035042	-2.00422776	0.00711658	0.01388312
1.96000000	-1.99021063	-2.00429929	0.00718809	0.01407634
1.97000000	-1.99006887	-2.00437153	0.00726023	0.01427658
1.98000000	-1.98992508	-2.00444449	0.00733304	0.01448416
1.99000000	-1.98977916	-2.00451819	0.00740655	0.01469939
2.00000000	-1.98963106	-2.00459263	0.00748078	0.01492263
2.01000000	-1.98948068	-2.00466781	0.00755578	0.01515424
2.02000000	-1.98932795	-2.00474374	0.00763158	0.01539458
2.03000000	-1.98917276	-2.00482044	0.00770822	0.01564406
2.04000000	-1.98901503	-2.00489791	0.00778572	0.01590307
2.05000000	-1.98885467	-2.00497616	0.00786414	0.01617207
2.06000000	-1.98869156	-2.00505520	0.00794351	0.01645150
2.07000000	-1.98852560	-2.00513503	0.00802388	0.01674184
2.08000000	-1.98835668	-2.00521568	0.00810529	0.01704359
2.09000000	-1.98818469	-2.00529714	0.00818778	0.01735729
2.10000000	-1.98800950	-2.00537944	0.00827140	0.01768350
2.11000000	-1.98783098	-2.00546257	0.00835621	0.01802281
2.12000000	-1.98764899	-2.00554657	0.00844225	0.01837585
2.13000000	-1.98746341	-2.00563142	0.00852958	0.01874329
2.14000000	-1.98727408	-2.00571716	0.00861826	0.01912584
2.15000000	-1.98708084	-2.00580379	0.00870835	0.01952423
2.16000000	-1.98688354	-2.00589133	0.00879991	0.01993928
2.17000000	-1.98668200	-2.00597980	0.00889300	0.02037183
2.18000000	-1.98647604	-2.00606920	0.00898769	0.02082279
2.19000000	-1.98626548	-2.00615956	0.00908405	0.02129312
2.20000000	-1.98605011	-2.00625089	0.00918217	0.02178387
2.21000000	-1.98582973	-2.00634321	0.00928212	0.02229612
2.22000000	-1.98560411	-2.00643654	0.00938397	0.02283108
2.23000000	-1.98537303	-2.00653089	0.00948783	0.02339002
2.24000000	-1.98513623	-2.00662630	0.00959378	0.02397429
2.25000000	-1.98489345	-2.00672278	0.00970192	0.02458538
2.26000000	-1.98464442	-2.00682034	0.00981235	0.02522485
2.27000000	-1.98438885	-2.00691903	0.00992519	0.02589444
2.28000000	-1.98412643	-2.00701886	0.01004054	0.02659597
2.29000000	-1.98385682	-2.00711985	0.01015853	0.02733146
2.30000000	-1.98357968	-2.00722204	0.01027929	0.02810306
2.31000000	-1.98329463	-2.00732545	0.01040295	0.02891313
2.32000000	-1.98300128	-2.00743011	0.01052967	0.02976423
2.33000000	-1.98269920	-2.00753605	0.01065959	0.03065913
2.34000000	-1.98238794	-2.00764331	0.01079289	0.03160089
2.35000000	-1.98206702	-2.00775192	0.01092975	0.03259282
2.36000000	-1.98173591	-2.00786192	0.01107034	0.03363855
2.37000000	-1.98139405	-2.00797334	0.01121489	0.03474209
2.38000000	-1.98104086	-2.00808623	0.01136360	0.03590782
2.39000000	-1.98067567	-2.00820063	0.01151672	0.03714059
2.40000000	-1.98029780	-2.00831658	0.01167449	0.03844573
2.41000000	-1.97990650	-2.00843413	0.01183719	0.03982916
2.42000000	-1.97950094	-2.00855334	0.01200512	0.04129745
2.43000000	-1.97908024	-2.00867425	0.01217861	0.04285790
2.44000000	-1.97864345	-2.00879693	0.01235799	0.04451863
2.45000000	-1.97818950	-2.00892143	0.01254365	0.04628875
2.46000000	-1.97771727	-2.00904783	0.01273600	0.04817845
2.47000000	-1.97722550	-2.00917618	0.01293550	0.05019917
2.48000000	-1.97671281	-2.00930656	0.01314264	0.05236381
2.49000000	-1.97617769	-2.00943906	0.01335798	0.05468694
2.50000000	-1.97561849	-2.00957375	0.01358211	0.05718504
2.51000000	-1.97503335	-2.00971073	0.01381569	0.05987684
2.52000000	-1.97442023	-2.00985010	0.01405947	0.06278366
2.53000000	-1.97377688	-2.00999196	0.01431426	0.06592983
2.54000000	-1.97310075	-2.01013642	0.01458097	0.06934319
2.55000000	-1.97238902	-2.01028362	0.01486063	0.07305569
2.56000000	-1.97163851	-2.01043368	0.01515436	0.07710408
2.57000000	-1.97084567	-2.01058676	0.01546346	0.08153076
2.58000000	-1.97000648	-2.01074301	0.01578935	0.08638470
2.59000000	-1.96911637	-2.01090261	0.01613368	0.09172267
2.60000000	-1.96817019	-2.01106575	0.01649829	0.09761060
2.61000000	-1.96716207	-2.01123265	0.01688528	0.10412521
2.62000000	-1.96608530	-2.01140354	0.01729704	0.11135598
2.63000000	-1.96493222	-2.01157868	0.01773630	0.11940748
2.64000000	-1.96369401	-2.01175837	0.01820620	0.12840215
2.65000000	-1.96236055	-2.01194292	0.01871033	0.13848359
2.66000000	-1.96092016	-2.01213270	0.01925284	0.14982049
2.67000000	-1.95935930	-2.01232812	0.01983851	0.16261137
2.68000000	-1.95766231	-2.01252963	0.02047288	0.17709011
2.69000000	-1.95581096	-2.01273776	0.02116238	0.19353263
2.70000000	-1.95378403	-2.01295309	0.02191447	0.21226480
2.71000000	-1.95155675	-2.01317629	0.02273784	0.23367183
2.72000000	-1.94910017	-2.01340812	0.02364263	0.25820941
2.73000000	-1.94638034	-2.01364945	0.02464070	0.28641686
2.74000000	-1.94335748	-2.01390129	0.02574591	0.31893271
2.75000000	-1.93998482	-2.01416478	0.02697453	0.35651293
2.76000000	-1.93620738	-2.01444125	0.02834561	0.40005229
2.77000000	-1.93196041	-2.01473224	0.02988153	0.45060918
2.78000000	-1.92716766	-2.01503952	0.03160858	0.50943419
2.79000000	-1.92173927	-2.01536515	0.03355766	0.57800283
2.80000000	-1.91556937	-2.01571153	0.03576506	0.65805228
2.81000000	-1.90853320	-2.01608145	0.03827340	0.75162214
2.82000000	-1.90048394	-2.01647817	0.04113270	0.86109847
2.83000000	-1.89124899	-2.01690547	0.04440158	0.98925975
2.84000000	-1.88062580	-2.01736779	0.04814859	1.13932252
2.85000000	-1.86837728	-2.01787030	0.05245369	1.31498284
2.86000000	-1.85422685	-2.01841904	0.05740986	1.52044801
2.87000000	-1.83785325	-2.01902103	0.06312466	1.76045004
2.88000000	-1.81888531	-2.01968447	0.06972193	2.04022963
2.89000000	-1.79689714	-2.02041888	0.07734316	2.36547485
2.90000000	-1.77140424	-2.02123528	0.08614863	2.74219491
2.91000000	-1.74186125	-2.02214639	0.09631792	3.17650478
2.92000000	-1.70766247	-2.02316684	0.10804944	3.67429358
2.93000000	-1.66814635	-2.02431331	0.12155869	4.24074959
2.94000000	-1.62260553	-2.02560470	0.13707455	4.87971996
2.95000000	-1.57030424	-2.02706227	0.15483323	5.59289780
2.96000000	-1.51050451	-2.02870963	0.17506930	6.37885571
2.97000000	-1.44250264	-2.03057266	0.19800337	7.23198648
2.98000000	-1.36567627	-2.03267933	0.22382653	8.14146746
2.99000000	-1.27954096	-2.03505930	0.25268172	9.09042818
3.00000000	-1.18381312	-2.03774333	0.28464340	10.05555624
3.01000000	-1.07847356	-2.04076249	0.31969732	11.00739966
3.02000000	-0.96382367	-2.04414720	0.35772302	11.91158593
3.03000000	-0.84052427	-2.04792608	0.39848244	12.73105607
3.04000000	-0.70960741	-2.05212478	0.44161756	13.42920747
3.05000000	-0.57245357	-2.05676479	0.48665942	13.97358807
3.06000000	-0.43073155	-2.06186246	0.53304932	14.33956173
3.07000000	-0.28630465	-2.06742822	0.58017054	14.51326060
3.08000000	-0.14111354	-2.07346619	0.62738723	14.49321966
3.09000000	0.00294911	-2.07997423	0.67408522	14.29035158
3.10000000	0.14415531	-2.08694431	0.71970955	13.92629219
3.11000000	0.28103538	-2.09436327	0.76379378	13.43050304
3.12000000	0.41243873	-2.10221384	0.80597839	12.83674410
3.13000000	0.53755913	-2.11047568	0.84601751	12.17957052
3.14000000	0.65592724	-2.11912657	0.88377510	11.49138067
3.15000000	0.76737779	-2.12814344	0.91921309	10.80032205
3.16000000	0.87200055	-2.13750324	0.95237462	10.12913045
3.17000000	0.97008388	-2.14718369	0.98336516	9.49479899
3.18000000	1.06205841	-2.15716380	1.01233403	8.90887363
3.19000000	1.14844577	-2.16742422	1.03945768	8.37814480
3.20000000	1.22981534	-2.17794743	1.06492587	7.90552882
3.21000000	1.30675014	-2.18871786	1.08893084	7.49098246
3.22000000	1.37982152	-2.19972180	1.11165942	7.13234842
3.23000000	1.44957174	-2.21094738	1.13328765	6.82607730
3.24000000	1.51650311	-2.22238442	1.15397763	6.56780657
3.25000000	1.58107210	-2.23402429	1.17387581	6.35280041
3.26000000	1.64368734	-2.24585974	1.19311260	6.17626646
3.27000000	1.70471019	-2.25788473	1.21180273	6.03357114
3.28000000	1.76445705	-2.27009430	1.23004615	5.92037533
3.29000000	1.82320275	-2.28248445	1.24792924	5.83271060
3.30000000	1.88118444	-2.29505194	1.26552617	5.76701263
3.31000000	1.93860566	-2.30779423	1.28290027	5.72012538
3.32000000	1.99564040	-2.32070938	1.30010536	5.68928609
3.33000000	2.05243685	-2.33379593	1.31718702	5.67209880
3.34000000	2.10912098	-2.34705284	1.33418378	5.66650177
3.35000000	2.16579962	-2.36047943	1.35112807	5.67073241
3.36000000	2.22256336	-2.37407532	1.36804723	5.68329227
3.37000000	2.27948898	-2.38784037	1.38496420	5.70291349
3.38000000	2.33664159	-2.40177466	1.40189830	5.72852786
3.39000000	2.39407651	-2.41587844	1.41886577	5.75923855
3.40000000	2.45184083	-2.43015213	1.43588028	5.79429502
3.41000000	2.50997480	-2.44459625	1.45295338	5.83307085
3.42000000	2.56851290	-2.45921143	1.47009483	5.87504432
3.43000000	2.62748489	-2.47399840	1.48731291	5.91978173
3.44000000	2.68691654	-2.48895796	1.50461468	5.96692291
3.45000000	2.74683036	-2.50409099	1.52200619	6.01616891
3.46000000	2.80724610	-2.51939840	1.53949263	6.06727153
3.47000000	2.86818128	-2.53488117	1.55707852	6.12002434
3.48000000	2.92965151	-2.55054032	1.57476777	6.17425527
3.49000000	2.99167083	-2.56637689	1.59256382	6.22982025
3.50000000	3.05425196	-2.58239196	1.61046969	6.28659798
3.51000000	3.11740649	-2.59858665	1.62848808	6.34448555
3.52000000	3.18114507	-2.61496211	1.64662136	6.40339485
3.53000000	3.24547754	-2.63151947	1.66487167	6.46324960
3.54000000	3.31041299	-2.64825994	1.68324094	6.52398298
3.55000000	3.37595993	-2.66518469	1.70173088	6.58553575
3.56000000	3.44212626	-2.68229496	1.72034304	6.64785472
3.57000000	3.50891942	-2.69959197	1.73907882	6.71089163
3.58000000	3.57634634	-2.71707695	1.75793947	6.77460234
3.59000000	3.64441357	-2.73475118	1.77692611	6.83894624
3.60000000	3.71312725	-2.75261590	1.79603976	6.90388587
3.61000000	3.78249316	-2.77067240	1.81528132	6.96938679
3.62000000	3.85251675	-2.78892195	1.83465158	7.03541753
3.63000000	3.92320318	-2.80736586	1.85415125	7.10194971
3.64000000	3.99455733	-2.82600541	1.87378097	7.16895823
3.65000000	4.06658386	-2.84484191	1.89354131	7.23642156
3.66000000	4.13928722	-2.86387668	1.91343276	7.30432208
3.67000000	4.21267172	-2.88311101	1.93345578	7.37264640
3.68000000	4.28674153	-2.90254623	1.95361081	7.44138575
3.69000000	4.36150080	-2.92218367	1.97389823	7.51053637
3.70000000	4.43695364	-2.94202464	1.99431845	7.58009981
3.71000000	4.51310420	-2.96207048	2.01487188	7.65008325
3.72000000	4.58995674	-2.98232252	2.03555894	7.72049975
3.73000000	4.66751570	-3.00278210	2.05638011	7.79136841
3.74000000	4.74578570	-3.02345057	2.07733590	7.86271456
3.75000000	4.82477169	-3.04432927	2.09842692	7.93456971
3.76000000	4.90447892	-3.06541956	2.11965385	8.00697157
3.77000000	4.98491308	-3.08672281	2.14101748	8.07996390
3.78000000	5.06608033	-3.10824037	2.16251870	8.15359633
3.79000000	5.14798733	-3.12997364	2.18415857	8.22792403
3.80000000	5.23064133	-3.15192401	2.20593825	8.30300743
3.81000000	5.31405021	-3.17409288	2.22785908	8.37891171
3.82000000	5.39822253	-3.19648167	2.24992256	8.45570642
3.83000000	5.48316755	-3.21909181	2.27213038	8.53346488
3.84000000	5.56889530	-3.24192476	2.29448439	8.61226370
3.85000000	5.65541656	-3.26498199	2.31698664	8.69218218
3.86000000	5.74274294	-3.28826500	2.33963936	8.77330175
3.87000000	5.83088687	-3.31177529	2.36244500	8.85570542
3.88000000	5.91986161	-3.33551441	2.38540619	8.93947730
3.89000000	6.00968126	-3.35948394	2.40852576	9.02470206
3.90000000	6.10036078	-3.38368547	2.43180673	9.11146457
3.91000000	6.19191596	-3.40812062	2.45525232	9.19984953
3.92000000	6.28436346	-3.43279107	2.47886595	9.28994126
3.93000000	6.37772076	-3.45769852	2.50265121	9.38182349
3.94000000	6.47200618	-3.48284468	2.52661189	9.47557938
3.95000000	6.56723887	-3.50823135	2.55075195	9.57129152
3.96000000	6.66343880	-3.53386033	2.57507554	9.66904218
3.97000000	6.76062678	-3.55973349	2.59958697	9.76891355
3.98000000	6.85882442	-3.58585271	2.62429074	9.87098812
3.99000000	6.95805416	-3.61221996	2.64919151	9.97534914
4.00000000	7.05833930	-3.63883722	2.67429413	10.08208109
4.01000000	7.15970397	-3.66570653	2.69960362	10.19127018
4.02000000	7.26217319	-3.69283000	2.72512517	10.30300470
4.03000000	7.36577285	-3.72020976	2.75086417	10.41737530
4.04000000	7.47052979	-3.74784802	2.77682619	10.53447499
4.05000000	7.57647177	-3.77574705	2.80301699	10.65439877
4.06000000	7.68362750	-3.80390915	2.82944252	10.77724275
4.07000000	7.79202668	-3.83233670	2.85610894	10.90310269
4.08000000	7.90169992	-3.86103215	2.88302257	11.03207158
4.09000000	8.01267876	-3.88999800	2.91018992	11.16423642
4.10000000	8.12499556	-3.91923681	2.93761765	11.29967358
4.11000000	8.23868334	-3.94875124	2.96531255	11.43844305
4.12000000	8.35377565	-3.97854398	2.99328146	11.58058092
4.13000000	8.47030621	-4.00861781	3.02153124	11.72609044
4.14000000	8.58830857	-4.03897556	3.05006863	11.87493117
4.15000000	8.70781562	-4.06962016	3.07890019	12.02700650
4.16000000	8.82885893	-4.10055457	3.10803209	12.18214947
4.17000000	8.95146800	-4.13178182	3.13746998	12.34010718
4.18000000	9.07566929	-4.16330500	3.16721873	12.50052404
4.19000000	9.20148511	-4.19512724	3.19728218	12.66292446
4.20000000	9.32893236	-4.22725170	3.22766287	12.82669558
4.21000000	9.45802105	-4.25968156	3.25836167	12.99107085
4.22000000	9.58875270	-4.29242000	3.28937742	13.15511560
4.23000000	9.72111857	-4.32547016	3.32070655	13.31771554
4.24000000	9.85509788	-4.35883515	3.35234270	13.47756966
4.25000000	9.99065587	-4.39251800	3.38427620	13.63318862
4.26000000	10.12774198	-4.42652162	3.41649380	13.78289997
4.27000000	10.26628805	-4.46084877	3.44897818	13.92486127
4.28000000	10.40620675	-4.49550200	3.48170765	14.05708186
4.29000000	10.54739020	-4.53048365	3.51465591	14.17745380
4.30000000	10.68970905	-4.56579575	3.54779181	14.28379193
4.31000000	10.83301188	-4.60143999	3.58107932	14.37388236
4.32000000	10.97712523	-4.63741770	3.61447753	14.44553822
4.33000000	11.12185418	-4.67372976	3.64794086	14.49666071
4.34000000	11.26698349	-4.71037657	3.68141937	14.52530310
4.35000000	11.41227951	-4.74735802	3.71485920	14.52973467
4.36000000	11.55749260	-4.78467344	3.74820322	14.50850144
4.37000000	11.70236020	-4.82232157	3.78139171	14.46048051
4.38000000	11.84661038	-4.86030055	3.81436323	14.38492481
4.39000000	11.98996574	-4.89860790	3.84705550	14.28149579
4.40000000	12.13214763	-4.93724052	3.87940640	14.15028205
4.41000000	12.27288045	-4.97619469	3.91135491	13.99180279
4.42000000	12.41189589	-5.01546608	3.94284207	13.80699589
4.43000000	12.54893700	-5.05504980	3.97381192	13.59719143
4.44000000	12.68376196	-5.09494042	4.00421225	13.36407219
4.45000000	12.81614732	-5.13513199	4.03399535	13.10962345
4.46000000	12.94589075	-5.17561813	4.06311858	12.83607503
4.47000000	13.07281318	-5.21639204	4.09154479	12.54583843
4.48000000	13.19676031	-5.25744659	4.11924261	12.24144245
4.49000000	13.31760344	-5.29877438	4.14618660	11.92546996
4.50000000	13.43523972	-5.34036775	4.17235722	11.60049846
4.51000000	13.54959182	-5.38221890	4.19774074	11.26904657
4.52000000	13.66060711	-5.42431991	4.22232899	10.93352773
4.53000000	13.76825641	-5.46666281	4.24611903	10.59621218
4.54000000	13.87253238	-5.50923963	4.26911278	10.25919751
4.55000000	13.97344773	-5.55204244	4.29131652	9.92438770
4.56000000	14.07103317	-5.59506337	4.31274047	9.59348014
4.57000000	14.16533531	-5.63829469	4.33339825	9.26795986
4.58000000	14.25641459	-5.68172883	4.35330642	8.94909997
4.59000000	14.34434309	-5.72535838	4.37248398	8.63796734
4.60000000	14.42920261	-5.76917615	4.39095190	8.33543234
4.61000000	14.51108271	-5.81317513	4.40873272	8.04218166
4.62000000	14.59007894	-5.85734859	4.42585011	7.75873322
4.63000000	14.66629128	-5.90169000	4.44232857	7.48545240
4.64000000	14.73982266	-5.94619311	4.45819305	7.22256877
4.65000000	14.81077769	-5.99085190	4.47346873	6.97019285
4.66000000	14.87926157	-6.03566061	4.48818073	6.72833233
4.67000000	14.94537913	-6.08061372	4.50235393	6.49690751
4.68000000	15.00923401	-6.12570597	4.51601282	6.27576566
4.69000000	15.07092802	-6.17093234	4.52918131	6.06469423
4.70000000	15.13056060	-6.21628804	4.54188269	5.86343265
4.71000000	15.18822838	-6.26176851	4.55413947	5.67168296
4.72000000	15.24402488	-6.30736942	4.56597337	5.48911909
4.73000000	15.29804023	-6.35308664	4.57740526	5.31539488
4.74000000	15.35036104	-6.39891625	4.58845513	5.15015107
4.75000000	15.40107030	-6.44485453	4.59914207	4.99302108
4.76000000	15.45024728	-6.49089795	4.60948429	4.84363595
4.77000000	15.49796761	-6.53704313	4.61949911	4.70162835
4.78000000	15.54430323	-6.58328689	4.62920295	4.56663590
4.79000000	15.58932252	-6.62962620	4.63861143	4.43830372
4.80000000	15.63309035	-6.67605819	4.64773928	4.31628653
4.81000000	15.67566819	-6.72258010	4.65660048	4.20025017
4.82000000	15.71711422	-6.76918935	4.66520821	4.08987271
4.83000000	15.75748348	-6.81588346	4.67357494	3.98484526
4.84000000	15.79682797	-6.86266008	4.68171241	3.88487241
4.85000000	15.83519683	-6.90951698	4.68963171	3.78967252
4.86000000	15.87263644	-6.95645203	4.69734331	3.69897771
4.87000000	15.90919055	-7.00346319	4.70485703	3.61253379
4.88000000	15.94490048	-7.05054854	4.71218218	3.53009999
4.89000000	15.97980516	-7.09770623	4.71932748	3.45144863
4.90000000	16.01394134	-7.14493452	4.72630120	3.37636474
4.91000000	16.04734367	-7.19223171	4.73311108	3.30464555
4.92000000	16.08004483	-7.23959622	4.73976444	3.23610005
4.93000000	16.11207565	-7.28702650	4.74626818	3.17054840
4.94000000	16.14346521	-7.33452110	4.75262881	3.10782146
4.95000000	16.17424096	-7.38207862	4.75885244	3.04776021
4.96000000	16.20442880	-7.42969771	4.76494486	2.99021525
4.97000000	16.23405319	-7.47737710	4.77091153	2.93504623
4.98000000	16.26313721	-7.52511554	4.77675758	2.88212138
4.99000000	16.29170268	-7.57291187	4.78248789	2.83131700
5.00000000	16.31977023	-7.62076493	4.78810703	2.78251697
5.01000000	16.34735934	-7.66867365	4.79361936	2.73561231
5.02000000	16.37448845	-7.71663698	4.79902897	2.69050073
5.03000000	16.40117501	-7.76465390	4.80433974	2.64708623
5.04000000	16.42743553	-7.81272345	4.80955535	2.60527868
5.05000000	16.45328566	-7.86084470	4.81467928	2.56499349
5.06000000	16.47874021	-7.90901674	4.81971481	2.52615121
5.07000000	16.50381324	-7.95723871	4.82466508	2.48867724
5.08000000	16.52851808	-8.00550977	4.82953304	2.45250149
5.09000000	16.55286738	-8.05382911	4.83432151	2.41755812
5.10000000	16.57687315	-8.10219595	4.83903316	2.38378522
5.11000000	16.60054679	-8.15060952	4.84367051	2.35112461
5.12000000	16.62389916	-8.19906912	4.84823599	2.31952155
5.13000000	16.64694058	-8.24757401	4.85273189	2.28892455
5.14000000	16.66968085	-8.29612353	4.85716038	2.25928515
5.15000000	16.69212932	-8.34471700	4.86152356	2.23055772
5.16000000	16.71429490	-8.39335379	4.86582339	2.20269926
5.17000000	16.73618606	-8.44203327	4.87006177	2.17566928
5.18000000	16.75781092	-8.49075483	4.87424049	2.14942960
5.19000000	16.77917717	-8.53951788	4.87836128	2.12394420
5.20000000	16.80029220	-8.58832186	4.88242578	2.09917912
5.21000000	16.82116305	-8.63716622	4.88643556	2.07510227
5.22000000	16.84179644	-8.68605040	4.89039211	2.05168338
5.23000000	16.86219881	-8.73497388	4.89429688	2.02889383
5.24000000	16.88237632	-8.78393617	4.89815124	2.00670657
5.25000000	16.90233487	-8.83293675	4.90195650	1.98509603
5.26000000	16.92208009	-8.88197514	4.90571392	1.96403800
5.27000000	16.94161739	-8.93105087	4.90942472	1.94350959
5.28000000	16.96095197	-8.98016348	4.91309005	1.92348911
5.29000000	16.98008880	-9.02931252	4.91671102	1.90395601
5.30000000	16.99903265	-9.07849756	4.92028872	1.88489081
5.31000000	17.01778811	-9.12771816	4.92382416	1.86627504
5.32000000	17.03635959	-9.17697390	4.92731833	1.84809119
5.33000000	17.05475132	-9.22626439	4.93077218	1.83032261
5.34000000	17.07296737	-9.27558921	4.93418663	1.81295351
5.35000000	17.09101167	-9.32494799	4.93756255	1.79596888
5.36000000	17.10888799	-9.37434034	4.94090081	1.77935447
5.37000000	17.12659995	-9.42376589	4.94420220	1.76309671
5.38000000	17.14415107	-9.47322426	4.94746753	1.74718268
5.39000000	17.16154471	-9.52271512	4.95069756	1.73160011
5.40000000	17.17878413	-9.57223810	4.95389301	1.71633729
5.41000000	17.19587248	-9.62179287	4.95705459	1.70138309
5.42000000	17.21281279	-9.67137908	4.96018300	1.68672687
5.43000000	17.22960798	-9.72099642	4.96327889	1.67235851
5.44000000	17.24626089	-9.77064455	4.96634291	1.65826834
5.45000000	17.26277424	-9.82032317	4.96937567	1.64444713
5.46000000	17.27915070	-9.87003196	4.97237778	1.63088607
5.47000000	17.29539280	-9.91977063	4.97534980	1.61757675
5.48000000	17.31150304	-9.96953886	4.97829232	1.60451113
5.49000000	17.32748381	-10.01933638	4.98120586	1.59168150
5.50000000	17.34333743	-10.06916288	4.98409097	1.57908052
5.51000000	17.35906616	-10.11901810	4.98694814	1.56670114
5.52000000	17.37467217	-10.16890176	4.98977789	1.55453662
5.53000000	17.39015759	-10.21881357	4.99258068	1.54258050
5.54000000	17.40552446	-10.26875328	4.99535699	1.53082660
5.55000000	17.42077477	-10.31872062	4.99810728	1.51926897
5.56000000	17.43591047	-10.36871534	5.00083198	1.50790193
5.57000000	17.45093343	-10.41873718	5.00353153	1.49672001
5.58000000	17.46584547	-10.46878589	5.00620634	1.48571799
5.59000000	17.48064837	-10.51886122	5.00885682	1.47489082
5.60000000	17.49534386	-10.56896295	5.01148336	1.46423367
5.61000000	17.50993360	-10.61909081	5.01408635	1.45374190
5.62000000	17.52441923	-10.66924460	5.01666616	1.44341103
5.63000000	17.53880234	-10.71942406	5.01922316	1.43323678
5.64000000	17.55308447	-10.76962898	5.02175771	1.42321500
5.65000000	17.56726714	-10.81985914	5.02427014	1.41334172
5.66000000	17.58135179	-10.87011431	5.02676080	1.40361311
5.67000000	17.59533987	-10.92039429	5.02923001	1.39402547
5.68000000	17.60923276	-10.97069884	5.03167810	1.38457525
5.69000000	17.62303182	-11.02102778	5.03410538	1.37525902
5.70000000	17.63673837	-11.07138088	5.03651215	1.36607347
5.71000000	17.65035371	-11.12175795	5.03889872	1.35701542
5.72000000	17.66387910	-11.17215879	5.04126536	1.34808178
5.73000000	17.67731575	-11.22258320	5.04361238	1.33926959
5.74000000	17.69066488	-11.27303097	5.04594004	1.33057597
5.75000000	17.70392766	-11.32350193	5.04824862	1.32199815
5.76000000	17.71710522	-11.37399588	5.05053839	1.31353345
5.77000000	17.73019870	-11.42451264	5.05280959	1.30517929
5.78000000	17.74320917	-11.47505201	5.05506249	1.29693315
5.79000000	17.75613771	-11.52561383	5.05729733	1.28879262
5.80000000	17.76898537	-11.57619790	5.05951436	1.28075535
5.81000000	17.78175316	-11.62680406	5.06171381	1.27281908
5.82000000	17.79444208	-11.67743212	5.06389591	1.26498161
5.83000000	17.80705311	-11.72808192	5.06606090	1.25724080
5.84000000	17.81958721	-11.77875328	5.06820899	1.24959460
5.85000000	17.83204531	-11.82944604	5.07034040	1.24204102
5.86000000	17.84442833	-11.88016003	5.07245535	1.23457811
5.87000000	17.85673717	-11.93089510	5.07455405	1.22720399
5.88000000	17.86897270	-11.98165106	5.07663669	1.21991686
5.89000000	17.88113579	-12.03242778	5.07870349	1.21271494
5.90000000	17.89322728	-12.08322508	5.08075464	1.20559651
5.91000000	17.90524799	-12.13404282	5.08279032	1.19855991
5.92000000	17.91719874	-12.18488084	5.08481074	1.19160354
5.93000000	17.92908033	-12.23573898	5.08681607	1.18472581
5.94000000	17.94089352	-12.28661711	5.08880650	1.17792520
5.95000000	17.95263908	-12.33751506	5.09078221	1.17120024
5.96000000	17.96431777	-12.38843270	5.09274337	1.16454948
5.97000000	17.97593031	-12.43936988	5.09469015	1.15797153
5.98000000	17.98747744	-12.49032646	5.09662273	1.15146501
5.99000000	17.99895985	-12.54130229	5.09854126	1.14502862
6.00000000	18.01037824	-12.59229724	5.10044591	1.13866106
6.01000000	18.02173329	-12.64331116	5.10233685	1.13236107
6.02000000	18.03302568	-12.69434393	5.10421422	1.12612744
6.03000000	18.04425606	-12.74539540	5.10607819	1.11995899
6.04000000	18.05542508	-12.79646545	5.10792889	1.11385454
6.05000000	18.06653336	-12.84755394	5.10976650	1.10781299
6.06000000	18.07758154	-12.89866074	5.11159113	1.10183323
6.07000000	18.08857023	-12.94978572	5.11340296	1.09591419
6.08000000	18.09950002	-13.00092875	5.11520210	1.09005483
6.09000000	18.11037152	-13.05208972	5.11698871	1.08425414
6.10000000	18.12118530	-13.10326848	5.11876292	1.07851112
6.11000000	18.13194193	-13.15446493	5.12052486	1.07282481
6.12000000	18.14264198	-13.20567894	5.12227466	1.06719427
6.13000000	18.15328600	-13.25691039	5.12401246	1.06161858
6.14000000	18.16387453	-13.30815915	5.12573838	1.05609685
6.15000000	18.17440811	-13.35942512	5.12745256	1.05062819
6.16000000	18.18488727	-13.41070816	5.12915510	1.04521176
6.17000000	18.19531252	-13.46200818	5.13084614	1.03984672
6.18000000	18.20568437	-13.51332505	5.13252580	1.03453226
6.19000000	18.21600333	-13.56465866	5.13419418	1.02926758
6.20000000	18.22626989	-13.61600890	5.13585142	1.02405191
6.21000000	18.23648453	-13.66737565	5.13749761	1.01888449
6.22000000	18.24664774	-13.71875881	5.13913289	1.01376458
6.23000000	18.25675998	-13.77015827	5.14075734	1.00869145
6.24000000	18.26682172	-13.82157392	5.14237110	1.00366439
6.25000000	18.27683342	-13.87300566	5.14397425	0.99868272
6.26000000	18.28679552	-13.92445337	5.14556692	0.99374575
6.27000000	18.29670848	-13.97591696	5.14714919	0.98885283
6.28000000	18.30657272	-14.02739632	5.14872119	0.98400331
6.29000000	18.31638869	-14.07889135	5.15028299	0.97919655
6.30000000	18.32615679	-14.13040195	5.15183472	0.97443193
6.31000000	18.33587746	-14.18192801	5.15337646	0.96970886
6.32000000	18.34555111	-14.23346944	5.15490832	0.96502673
6.33000000	18.35517813	-14.28502615	5.15643038	0.96038496
6.34000000	18.36475894	-14.33659802	5.15794274	0.95578299
6.35000000	18.37429392	-14.38818497	5.15944549	0.95122026
6.36000000	18.38378347	-14.43978690	5.16093874	0.94669622
6.37000000	18.39322798	-14.49140371	5.16242256	0.94221034
6.38000000	18.40262781	-14.54303532	5.16389704	0.93776210
6.39000000	18.41198334	-14.59468162	5.16536228	0.93335099
6.40000000	18.42129495	-14.64634253	5.16681836	0.92897649
6.41000000	18.43056299	-14.69801796	5.16826536	0.92463813
6.42000000	18.43978783	-14.74970781	5.16970337	0.92033542
6.43000000	18.44896982	-14.80141200	5.17113247	0.91606788
6.44000000	18.45810930	-14.85313043	5.17255275	0.91183505
6.45000000	18.46720663	-14.90486302	5.17396429	0.90763648
6.46000000	18.47626215	-14.95660969	5.17536716	0.90347173
6.47000000	18.48527618	-15.00837034	5.17676144	0.89934035
6.48000000	18.49424906	-15.06014489	5.17814721	0.89524191
6.49000000	18.50318113	-15.11193325	5.17952456	0.89117601
6.50000000	18.51207269	-15.16373535	5.18089354	0.88714221
6.51000000	18.52092407	-15.21555110	5.18225425	0.88314013
6.52000000	18.52973560	-15.26738041	5.18360675	0.87916935
6.53000000	18.53850757	-15.31922320	5.18495111	0.87522950
6.54000000	18.54724029	-15.37107940	5.18628741	0.87132019
6.55000000	18.55593407	-15.42294893	5.18761572	0.86744104
6.56000000	18.56458921	-15.47483169	5.18893611	0.86359168
6.57000000	18.57320600	-15.52672762	5.19024865	0.85977176
6.58000000	18.58178474	-15.57863664	5.19155340	0.85598091
6.59000000	18.59032572	-15.63055866	5.19285044	0.85221879
6.60000000	18.59882921	-15.68249362	5.19413982	0.84848505
6.61000000	18.60729551	-15.73444144	5.19542163	0.84477936
6.62000000	18.61572489	-15.78640203	5.19669591	0.84110138
6.63000000	18.62411763	-15.83837533	5.19796274	0.83745079
6.64000000	18.63247400	-15.89036126	5.19922218	0.83382728
6.65000000	18.64079426	-15.94235975	5.20047429	0.83023051
6.66000000	18.64907869	-15.99437072	5.20171913	0.82666020
6.67000000	18.65732755	-16.04639411	5.20295677	0.82311602
6.68000000	18.66554110	-16.09842983	5.20418727	0.81959769
6.69000000	18.67371959	-16.15047783	5.20541068	0.81610491
6.70000000	18.68186328	-16.20253802	5.20662706	0.81263739
6.71000000	18.68997242	-16.25461035	5.20783648	0.80919485
6.72000000	18.69804726	-16.30669473	5.20903899	0.80577700
6.73000000	18.70608805	-16.35879110	5.21023464	0.80238358
6.74000000	18.71409502	-16.41089940	5.21142350	0.79901431
6.75000000	18.72206841	-16.46301955	5.21260562	0.79566893
6.76000000	18.73000847	-16.51515149	5.21378106	0.79234717
6.77000000	18.73791543	-16.56729515	5.21494986	0.78904878
6.78000000	18.74578953	-16.61945047	5.21611209	0.78577350
6.79000000	18.75363098	-16.67161737	5.21726780	0.78252109
6.80000000	18.76144002	-16.72379580	5.21841703	0.77929130
6.81000000	18.76921688	-16.77598569	5.21955985	0.77608389
6.82000000	18.77696177	-16.82818698	5.22069630	0.77289862
6.83000000	18.78467493	-16.88039959	5.22182643	0.76973526
6.84000000	18.79235655	-16.93262348	5.22295030	0.76659357
6.85000000	18.80000687	-16.98485858	5.22406795	0.76347333
6.86000000	18.80762609	-17.03710482	5.22517943	0.76037431
6.87000000	18.81521442	-17.08936215	5.22628480	0.75729630
6.88000000	18.82277208	-17.14163050	5.22738410	0.75423908
6.89000000	18.83029927	-17.19390981	5.22847737	0.75120243
6.90000000	18.83779620	-17.24620002	5.22956467	0.74818615
6.91000000	18.84526306	-17.29850108	5.23064604	0.74519002
6.92000000	18.85270007	-17.35081293	5.23172153	0.74221385
6.93000000	18.86010741	-17.40313549	5.23279118	0.73925742
6.94000000	18.86748528	-17.45546873	5.23385504	0.73632055
6.95000000	18.87483388	-17.50781258	5.23491316	0.73340304
6.96000000	18.88215341	-17.56016697	5.23596557	0.73050469
6.97000000	18.88944404	-17.61253187	5.23701233	0.72762532
6.98000000	18.89670597	-17.66490720	5.23805346	0.72476474
6.99000000	18.90393940	-17.71729292	5.23908903	0.72192276
7.00000000	18.91114449	-17.76968896	5.24011907	0.71909920
7.01000000	18.91832144	-17.82209528	5.24114361	0.71629388
7.02000000	18.92547043	-17.87451182	5.24216271	0.71350662
7.03000000	18.93259163	-17.92693852	5.24317641	0.71073726
7.04000000	18.93968523	-17.97937533	5.24418474	0.70798562
7.05000000	18.94675140	-18.03182220	5.24518774	0.70525153
7.06000000	18.95379032	-18.08427907	5.24618547	0.70253481
7.07000000	18.96080216	-18.13674589	5.24717794	0.69983532
7.08000000	18.96778708	-18.18922261	5.24816521	0.69715288
7.09000000	18.97474527	-18.24170917	5.24914731	0.69448733
7.10000000	18.98167689	-18.29420554	5.25012429	0.69183852
7.11000000	18.98858210	-18.34671164	5.25109617	0.68920629
7.12000000	18.99546107	-18.39922744	5.25206299	0.68659048
7.13000000	19.00231396	-18.45175289	5.25302480	0.68399094
7.14000000	19.00914094	-18.50428792	5.25398163	0.68140753
7.15000000	19.01594217	-18.55683250	5.25493352	0.67884009
7.16000000	19.02271779	-18.60938658	5.25588050	0.67628848
7.17000000	19.02946799	-18.66195010	5.25682261	0.67375255
7.18000000	19.03619290	-18.71452301	5.25775988	0.67123216
7.19000000	19.04289268	-18.76710528	5.25869234	0.66872718
7.20000000	19.04956749	-18.81969684	5.25962005	0.66623745
7.21000000	19.05621748	-18.87229766	5.26054302	0.66376285
7.22000000	19.06284280	-18.92490769	5.26146129	0.66130324
7.23000000	19.06944360	-18.97752687	5.26237489	0.65885848
7.24000000	19.07602002	-19.03015517	5.26328387	0.65642845
7.25000000	19.08257221	-19.08279254	5.26418824	0.65401301
7.26000000	19.08910033	-19.13543892	5.26508805	0.65161204
7.27000000	19.09560450	-19.18809428	5.26598333	0.64922540
7.28000000	19.10208488	-19.24075857	5.26687410	0.64685297
7.29000000	19.10854161	-19.29343175	5.26776041	0.64449463
7.30000000	19.11497482	-19.34611377	5.26864227	0.64215026
7.31000000	19.12138466	-19.39880458	5.26951973	0.63981974
7.32000000	19.12777126	-19.45150415	5.27039282	0.63750293
7.33000000	19.13413476	-19.50421242	5.27126155	0.63519974
7.34000000	19.14047530	-19.55692936	5.27212598	0.63291003
7.35000000	19.14679301	-19.60965493	5.27298611	0.63063370
7.36000000	19.15308802	-19.66238907	5.27384200	0.62837063
7.37000000	19.15936047	-19.71513175	5.27469365	0.62612071
7.38000000	19.16561048	-19.76788293	5.27554111	0.62388383
7.39000000	19.17183818	-19.82064256	5.27638440	0.62165988
7.40000000	19.17804372	-19.87341060	5.27722356	0.61944874
7.41000000	19.18422720	-19.92618702	5.27805860	0.61725032
7.42000000	19.19038877	-19.97897176	5.27888956	0.61506450
7.43000000	19.19652853	-20.03176480	5.27971646	0.61289118
7.44000000	19.20264663	-20.08456608	5.28053934	0.61073026
7.45000000	19.20874318	-20.13737557	5.28135822	0.60858164
7.46000000	19.21481830	-20.19019323	5.28217313	0.60644521
7.47000000	19.22087212	-20.24301902	5.28298409	0.60432087
7.48000000	19.22690476	-20.29585290	5.28379113	0.60220853
7.49000000	19.23291633	-20.34869483	5.28459428	0.60010808
7.50000000	19.23890696	-20.40154477	5.28539356	0.59801944
7.51000000	19.24487676	-20.45440269	5.28618901	0.59594250
7.52000000	19.25082585	-20.50726854	5.28698064	0.59387717
7.53000000	19.25675434	-20.56014229	5.28776848	0.59182335
7.54000000	19.26266236	-20.61302389	5.28855255	0.58978096
7.55000000	19.26855000	-20.66591332	5.28933289	0.58774990
7.56000000	19.27441739	-20.71881054	5.29010951	0.58573008
7.57000000	19.28026464	-20.77171550	5.29088245	0.58372142
7.58000000	19.28609186	-20.82462818	5.29165172	0.58172382
7.59000000	19.29189915	-20.87754853	5.29241735	0.57973719
7.60000000	19.29768664	-20.93047651	5.29317936	0.57776146
7.61000000	19.30345442	-20.98341210	5.29393778	0.57579652
7.62000000	19.30920260	-21.03635526	5.29469263	0.57384231
7.63000000	19.31493130	-21.08930594	5.29544394	0.57189874
7.64000000	19.32064061	-21.14226412	5.29619172	0.56996571
7.65000000	19.32633065	-21.19522976	5.29693600	0.56804316
7.66000000	19.33200151	-21.24820283	5.29767681	0.56613099
7.67000000	19.33765330	-21.30118329	5.29841416	0.56422914
7.68000000	19.34328613	-21.35417110	5.29914808	0.56233751
7.69000000	19.34890009	-21.40716624	5.29987859	0.56045604
7.70000000	19.35449528	-21.46016866	5.30060571	0.55858464
7.71000000	19.36007181	-21.51317834	5.30132946	0.55672323
7.72000000	19.36562978	-21.56619524	5.30204987	0.55487174
7.73000000	19.37116928	-21.61921933	5.30276696	0.55303010
7.74000000	19.37669041	-21.67225057	5.30348075	0.55119823
7.75000000	19.38219328	-21.72528893	5.30419125	0.54937605
7.76000000	19.38767797	-21.77833438	5.30489850	0.54756350
7.77000000	19.39314458	-21.83138689	5.30560251	0.54576049
7.78000000	19.39859321	-21.88444642	5.30630329	0.54396697
7.79000000	19.40402395	-21.93751295	5.30700089	0.54218285
7.80000000	19.40943690	-21.99058643	5.30769530	0.54040807
7.81000000	19.41483214	-22.04366684	5.30838655	0.53864256
7.82000000	19.42020978	-22.09675415	5.30907467	0.53688625
7.83000000	19.42556990	-22.14984833	5.30975967	0.53513906
7.84000000	19.43091259	-22.20294933	5.31044157	0.53340095
7.85000000	19.43623795	-22.25605715	5.31112039	0.53167183
7.86000000	19.44154606	-22.30917173	5.31179616	0.52995163
7.87000000	19.44683701	-22.36229306	5.31246888	0.52824031
7.88000000	19.45211089	-22.41542110	5.31313858	0.52653779
7.89000000	19.45736779	-22.46855582	5.31380527	0.52484400
7.90000000	19.46260780	-22.52169719	5.31446899	0.52315888
7.91000000	19.46783100	-22.57484519	5.31512973	0.52148238
7.92000000	19.47303748	-22.62799978	5.31578753	0.51981442
7.93000000	19.47822732	-22.68116093	5.31644240	0.51815494
7.94000000	19.48340060	-22.73432862	5.31709436	0.51650390
7.95000000	19.48855742	-22.78750281	5.31774343	0.51486121
7.96000000	19.49369786	-22.84068348	5.31838961	0.51322683
7.97000000	19.49882199	-22.89387059	5.31903295	0.51160070
7.98000000	19.50392990	-22.94706413	5.31967344	0.50998275
7.99000000	19.50902167	-23.00026405	5.32031110	0.50837293
8.00000000	19.51409738	-23.05347034	5.32094597	0.50677118
