T	Ut	Ft	St	Ct
0.01000000	-1.99218750	-3.77487378	178.26862821	0.00000000
0.02000000	-1.99218750	-5.55756006	178.26862821	0.00000000
0.03000000	-1.99218750	-7.34024635	178.26862821	0.00000000
0.04000000	-1.99218750	-9.12293263	178.26862821	0.00000000
0.05000000	-1.99218750	-10.90561891	178.26862821	0.00000000
0.06000000	-1.99218750	-12.68830519	178.26862821	0.00000000
0.07000000	-1.99218750	-14.47099147	178.26862821	0.00000000
0.08000000	-1.99218750	-16.25367776	178.26862821	0.00000000
0.09000000	-1.99218750	-18.03636404	178.26862821	0.00000000
0.10000000	-1.99218750	-19.81905032	178.26862821	0.00000000
0.11000000	-1.99218750	-21.60173660	178.26862821	0.00000000
0.12000000	-1.99218750	-23.38442288	178.26862821	0.00000000
0.13000000	-1.99218750	-25.16710917	178.26862821	-0.00000000
0.14000000	-1.99218750	-26.94979545	178.26862821	0.00000000
0.15000000	-1.99218750	-28.73248173	178.26862821	-0.00000000
0.16000000	-1.99218750	-30.51516801	178.26862821	0.00000000
0.17000000	-1.99218750	-32.29785430	178.26862821	0.00000000
0.18000000	-1.99218750	-34.08054058	178.26862821	0.00000000
0.19000000	-1.99218750	-35.86322686	178.26862821	0.00000000
0.20000000	-1.99218750	-37.64591314	178.26862821	0.00000000
0.21000000	-1.99218750	-39.42859942	178.26862821	0.00000000
0.22000000	-1.99218750	-41.21128571	178.26862821	0.00000001
0.23000000	-1.99218750	-42.99397199	178.26862821	0.00000001
0.24000000	-1.99218750	-44.77665827	178.26862821	0.00000003
0.25000000	-1.99218750	-46.55934455	178.26862821	0.00000005
0.26000000	-1.99218750	-48.34203083	178.26862821	0.00000008
0.27000000	-1.99218750	-50.12471712	178.26862822	0.00000013
0.28000000	-1.99218750	-51.90740340	178.26862822	0.00000021
0.29000000	-1.99218749	-53.69008968	178.26862823	0.00000032
0.30000000	-1.99218749	-55.47277596	178.26862824	0.00000047
0.31000000	-1.99218748	-57.25546225	178.26862826	0.00000068
0.32000000	-1.99218748	-59.03814853	178.26862829	0.00000095
0.33000000	-1.99218746	-60.82083481	178.26862832	0.00000131
0.34000000	-1.99218745	-62.60352109	178.26862837	0.00000177
0.35000000	-1.99218743	-64.38620738	178.26862843	0.00000235
0.36000000	-1.99218740	-66.16889366	178.26862850	0.00000307
0.37000000	-1.99218737	-67.95157995	178.26862860	0.00000395
0.38000000	-1.99218732	-69.73426624	178.26862872	0.00000502
0.39000000	-1.99218727	-71.51695252	178.26862887	0.00000631
0.40000000	-1.99218720	-73.29963881	178.26862904	0.00000785
0.41000000	-1.99218711	-75.08232510	178.26862926	0.00000968
0.42000000	-1.99218700	-76.86501140	178.26862952	0.00001186
0.43000000	-1.99218687	-78.64769769	178.26862983	0.00001443
0.44000000	-1.99218671	-80.43038399	178.26863019	0.00001746
0.45000000	-1.99218652	-82.21307030	178.26863062	0.00002103
0.46000000	-1.99218629	-83.99575661	178.26863113	0.00002523
0.47000000	-1.99218601	-85.77844292	178.26863172	0.00003016
0.48000000	-1.99218568	-87.56112924	178.26863242	0.00003594
0.49000000	-1.99218529	-89.34381557	178.26863323	0.00004273
0.50000000	-1.99218482	-91.12650191	178.26863417	0.00005068
0.51000000	-1.99218427	-92.90918825	178.26863526	0.00005999
0.52000000	-1.99218362	-94.69187461	178.26863653	0.00007086
0.53000000	-1.99218285	-96.47456099	178.26863800	0.00008354
0.54000000	-1.99218194	-98.25724737	178.26863969	0.00009831
0.55000000	-1.99218087	-100.03993378	178.26864165	0.00011545
0.56000000	-1.99217962	-101.82262021	178.26864390	0.00013531
0.57000000	-1.99217816	-103.60530666	178.26864650	0.00015824
0.58000000	-1.99217645	-105.38799314	178.26864947	0.00018465
0.59000000	-1.99217445	-107.17067965	178.26865288	0.00021495
0.60000000	-1.99217213	-108.95336620	178.26865678	0.00024961
0.61000000	-1.99216944	-110.73605279	178.26866122	0.00028912
0.62000000	-1.99216633	-112.51873942	178.26866628	0.00033402
0.63000000	-1.99216274	-114.30142612	178.26867202	0.00038484
0.64000000	-1.99215861	-116.08411287	178.26867852	0.00044218
0.65000000	-1.99215388	-117.86679969	178.26868587	0.00050665
0.66000000	-1.99214845	-119.64948659	178.26869414	0.00057890
0.67000000	-1.99214227	-121.43217358	178.26870344	0.00065959
0.68000000	-1.99213523	-123.21486066	178.26871387	0.00074940
0.69000000	-1.99212725	-124.99754786	178.26872552	0.00084906
0.70000000	-1.99211822	-126.78023518	178.26873851	0.00095930
0.71000000	-1.99210802	-128.56292263	178.26875297	0.00108086
0.72000000	-1.99209656	-130.34561024	178.26876900	0.00121451
0.73000000	-1.99208369	-132.12829802	178.26878675	0.00136104
0.74000000	-1.99206929	-133.91098598	178.26880634	0.00152125
0.75000000	-1.99205322	-135.69367415	178.26882791	0.00169592
0.76000000	-1.99203532	-137.47636255	178.26885161	0.00188590
0.77000000	-1.99201545	-139.25905119	178.26887759	0.00209200
0.78000000	-1.99199343	-141.04174011	178.26890600	0.00231506
0.79000000	-1.99196909	-142.82442932	178.26893700	0.00255593
0.80000000	-1.99194224	-144.60711886	178.26897076	0.00281547
0.81000000	-1.99191271	-146.38980874	178.26900745	0.00309456
0.82000000	-1.99188029	-148.17249902	178.26904723	0.00339408
0.83000000	-1.99184476	-149.95518970	178.26909029	0.00371495
0.84000000	-1.99180591	-151.73788083	178.26913681	0.00405812
0.85000000	-1.99176352	-153.52057245	178.26918698	0.00442455
0.86000000	-1.99171734	-155.30326458	178.26924098	0.00481527
0.87000000	-1.99166713	-157.08595728	178.26929903	0.00523136
0.88000000	-1.99161262	-158.86865058	178.26936131	0.00567395
0.89000000	-1.99155356	-160.65134452	178.26942805	0.00614426
0.90000000	-1.99148964	-162.43403916	178.26949946	0.00664363
0.91000000	-1.99142058	-164.21673453	178.26957576	0.00717350
0.92000000	-1.99134607	-165.99943069	178.26965720	0.00773545
0.93000000	-1.99126576	-167.78212769	178.26974401	0.00833123
0.94000000	-1.99117932	-169.56482559	178.26983645	0.00896279
0.95000000	-1.99108638	-171.34752444	178.26993480	0.00963230
0.96000000	-1.99098654	-173.13022430	178.27003934	0.01034216
0.97000000	-1.99087939	-174.91292525	178.27015037	0.01109508
0.98000000	-1.99076449	-176.69562733	178.27026821	0.01189406
0.99000000	-1.99064135	-178.47833064	178.27039322	0.01274248
1.00000000	-1.99050946	-180.26103522	178.27052576	0.01364405
1.01000000	-1.99036827	-182.04374118	178.27066624	0.01460292
1.02000000	-1.99021720	-183.82644858	178.27081508	0.01562365
1.03000000	-1.99005558	-185.60915751	178.27097275	0.01671124
1.04000000	-1.98988273	-187.39186806	178.27113974	0.01787115
1.05000000	-1.98969790	-189.17458034	178.27131661	0.01910925
1.06000000	-1.98950026	-190.95729443	178.27150393	0.02043188
1.07000000	-1.98928895	-192.74001045	178.27170233	0.02184571
1.08000000	-1.98906302	-194.52272852	178.27191249	0.02335775
1.09000000	-1.98882145	-196.30544874	178.27213513	0.02497522
1.10000000	-1.98856314	-198.08817126	178.27237102	0.02670542
1.11000000	-1.98828694	-199.87089621	178.27262096	0.02855555
1.12000000	-1.98799161	-201.65362373	178.27288582	0.03053252
1.13000000	-1.98767584	-203.43635398	178.27316649	0.03264263
1.14000000	-1.98733829	-205.21908712	178.27346388	0.03489126
1.15000000	-1.98697754	-207.00182332	178.27377893	0.03728247
1.16000000	-1.98659216	-208.78456276	178.27411258	0.03981857
1.17000000	-1.98618069	-210.56730563	178.27446576	0.04249956
1.18000000	-1.98574169	-212.35005214	178.27483936	0.04532265
1.19000000	-1.98527378	-214.13280249	178.27523421	0.04828163
1.20000000	-1.98477564	-215.91555690	178.27565105	0.05136633
1.21000000	-1.98424609	-217.69831559	178.27609050	0.05456207
1.22000000	-1.98368410	-219.48107878	178.27655302	0.05784920
1.23000000	-1.98308888	-221.26384673	178.27703890	0.06120278
1.24000000	-1.98245992	-223.04661964	178.27754816	0.06459248
1.25000000	-1.98179703	-224.82939777	178.27808059	0.06798261
1.26000000	-1.98110040	-226.61218133	178.27863566	0.07133258
1.27000000	-1.98037066	-228.39497055	178.27921251	0.07459762
1.28000000	-1.97960889	-230.17776565	178.27980997	0.07772978
1.29000000	-1.97881667	-231.96056681	178.28042647	0.08067940
1.30000000	-1.97799608	-233.74337423	178.28106012	0.08339670
1.31000000	-1.97714967	-235.52618807	178.28170870	0.08583367
1.32000000	-1.97628049	-237.30900845	178.28236967	0.08794602
1.33000000	-1.97539196	-239.09183549	178.28304025	0.08969502
1.34000000	-1.97448790	-240.87466928	178.28371744	0.09104928
1.35000000	-1.97357237	-242.65750985	178.28439813	0.09198606
1.36000000	-1.97264962	-244.44035724	178.28507913	0.09249226
1.37000000	-1.97172397	-246.22321143	178.28575726	0.09256486
1.38000000	-1.97079974	-248.00607237	178.28642944	0.09221086
1.39000000	-1.96988112	-249.78893998	178.28709271	0.09144667
1.40000000	-1.96897210	-251.57181418	178.28774435	0.09029711
1.41000000	-1.96807636	-253.35469482	178.28838189	0.08879405
1.42000000	-1.96719727	-255.13758176	178.28900317	0.08697481
1.43000000	-1.96633778	-256.92047483	178.28960633	0.08488048
1.44000000	-1.96550043	-258.70337383	178.29018986	0.08255427
1.45000000	-1.96468732	-260.48627855	178.29075257	0.08003995
1.46000000	-1.96390012	-262.26918880	178.29129362	0.07738053
1.47000000	-1.96314006	-264.05210435	178.29181245	0.07461711
1.48000000	-1.96240799	-265.83502498	178.29230877	0.07178808
1.49000000	-1.96170440	-267.61795045	178.29278259	0.06892853
1.50000000	-1.96102942	-269.40088056	178.29323409	0.06606987
1.51000000	-1.96038291	-271.18381506	178.29366368	0.06323976
1.52000000	-1.95976445	-272.96675376	178.29407191	0.06046216
1.53000000	-1.95917342	-274.74969643	178.29445949	0.05775748
1.54000000	-1.95860900	-276.53264288	178.29482720	0.05514293
1.55000000	-1.95807021	-278.31559291	178.29517594	0.05263287
1.56000000	-1.95755595	-280.09854634	178.29550666	0.05023925
1.57000000	-1.95706501	-281.88150299	178.29582037	0.04797201
1.58000000	-1.95659606	-283.66446269	178.29611812	0.04583961
1.59000000	-1.95614774	-285.44742530	178.29640098	0.04384939
1.60000000	-1.95571858	-287.23039067	178.29667006	0.04200813
1.61000000	-1.95530706	-289.01335866	178.29692646	0.04032241
1.62000000	-1.95491159	-290.79632916	178.29717134	0.03879912
1.63000000	-1.95453051	-292.57930205	178.29740586	0.03744587
1.64000000	-1.95416208	-294.36227725	178.29763120	0.03627153
1.65000000	-1.95380445	-296.14525465	178.29784861	0.03528666
1.66000000	-1.95345567	-297.92823420	178.29805935	0.03450415
1.67000000	-1.95311364	-299.71121582	178.29826478	0.03393980
1.68000000	-1.95277608	-301.49419948	178.29846631	0.03361313
1.69000000	-1.95244050	-303.27718514	178.29866546	0.03354819
1.70000000	-1.95210415	-305.06017278	178.29886391	0.03377475
1.71000000	-1.95176391	-306.84316242	178.29906345	0.03432960
1.72000000	-1.95141631	-308.62615406	178.29926614	0.03525830
1.73000000	-1.95105732	-310.40914776	178.29947425	0.03661747
1.74000000	-1.95068229	-312.19214358	178.29969039	0.03847770
1.75000000	-1.95028580	-313.97514161	178.29991760	0.04092749
1.76000000	-1.94986141	-315.75814198	178.30015941	0.04407866
1.77000000	-1.94940142	-317.54114486	178.30042002	0.04807375
1.78000000	-1.94889651	-319.32415046	178.30070446	0.05309649
1.79000000	-1.94833527	-321.10715905	178.30101887	0.05938678
1.80000000	-1.94770350	-322.89017096	178.30137081	0.06726245
1.81000000	-1.94698333	-324.67318662	178.30176977	0.07715134
1.82000000	-1.94615184	-326.45620655	178.30222786	0.08963881
1.83000000	-1.94517921	-328.23923142	178.30276077	0.10553863
1.84000000	-1.94402592	-330.02226208	178.30338922	0.12599831
1.85000000	-1.94263867	-331.80529962	178.30414105	0.15265393
1.86000000	-1.94094448	-333.58834544	178.30505428	0.18785213
1.87000000	-1.93884211	-335.37140141	178.30618145	0.23495401
1.88000000	-1.93619007	-337.15447002	178.30759572	0.29871546
1.89000000	-1.93279069	-338.93755462	178.30939891	0.38567769
1.90000000	-1.92837098	-340.72065976	178.31173094	0.50435623
1.91000000	-1.92256453	-342.50379162	178.31477858	0.66473349
1.92000000	-1.91490565	-344.28695850	178.31877753	0.87613625
1.93000000	-1.90485780	-346.07017124	178.32399660	1.14228459
1.94000000	-1.89190867	-347.85344335	178.33068798	1.45303561
1.95000000	-1.87575485	-349.63679040	178.33899259	1.77559148
1.96000000	-1.85654464	-351.42022831	178.34881820	2.05349529
1.97000000	-1.83504844	-353.20377051	178.35975740	2.22319215
1.98000000	-1.81257823	-354.98742493	178.37113469	2.24538563
1.99000000	-1.79060978	-356.77119215	178.38220220	2.12833717
2.00000000	-1.77031235	-358.55506596	178.39237680	1.92139880
2.01000000	-1.75227571	-360.33903573	178.40137314	1.68572383
2.02000000	-1.73653517	-362.12308945	178.40918529	1.46803445
2.03000000	-1.72277430	-363.90721604	178.41598115	1.29193547
2.04000000	-1.71053949	-365.69140647	178.42199362	1.16260481
2.05000000	-1.69938213	-367.47565406	178.42744972	1.07519380
2.06000000	-1.68892377	-369.25995424	178.43253907	1.02134729
2.07000000	-1.67887118	-371.04430411	178.43740721	0.99275495
2.08000000	-1.66900756	-372.82870201	178.44216079	0.98255400
2.09000000	-1.65917613	-374.61314720	178.44687611	0.98559477
2.10000000	-1.64926378	-376.39763959	178.45160753	0.99824102
2.11000000	-1.63918753	-378.18217954	178.45639431	1.01804837
2.12000000	-1.62888419	-379.96676776	178.46126583	1.04346328
2.13000000	-1.61830263	-381.75140521	178.46624535	1.07358580
2.14000000	-1.60739822	-383.53609309	178.47135274	1.10799707
2.15000000	-1.59612862	-385.32083276	178.47660658	1.14663731
2.16000000	-1.58445070	-387.10562577	178.48202550	1.18971536
2.17000000	-1.57231820	-388.89047388	178.48762934	1.23762941
2.18000000	-1.55968033	-390.67537905	178.49343978	1.29087748
2.19000000	-1.54648126	-392.46034345	178.49948045	1.34993668
2.20000000	-1.53266123	-394.24536951	178.50577649	1.41509291
2.21000000	-1.51815945	-396.03045991	178.51235315	1.48621200
2.22000000	-1.50291977	-397.81561758	178.51923325	1.56246287
2.23000000	-1.48689899	-399.60084564	178.52643348	1.64203472
2.24000000	-1.47007786	-401.38614734	178.53395959	1.72192979
2.25000000	-1.45247322	-403.17152589	178.54180119	1.79794604
2.26000000	-1.43414891	-404.95698431	178.54992717	1.86496157
2.27000000	-1.41522208	-406.74252520	178.55828331	1.91756954
2.28000000	-1.39586167	-408.52815050	178.56679334	1.95098388
2.29000000	-1.37627736	-410.31386127	178.57536416	1.96198914
2.30000000	-1.35670006	-412.09965764	178.58389460	1.94962792
2.31000000	-1.33735799	-413.88553870	178.59228602	1.91537911
2.32000000	-1.31845382	-415.67150261	178.60045207	1.86276902
2.33000000	-1.30014792	-417.45754677	178.60832568	1.79657521
2.34000000	-1.28255051	-419.24366800	178.61586218	1.72190828
2.35000000	-1.26572232	-421.02986281	178.62303850	1.64343975
2.36000000	-1.24968174	-422.81612755	178.62984992	1.56492511
2.37000000	-1.23441496	-424.60245862	178.63630534	1.48903597
2.38000000	-1.21988667	-426.38885253	178.64242263	1.41742524
2.39000000	-1.20604936	-428.17530602	178.64822454	1.35092087
2.40000000	-1.19285040	-429.96181605	178.65373569	1.28975866
2.41000000	-1.18023683	-431.74837984	178.65898050	1.23379674
2.42000000	-1.16815829	-433.53499485	178.66398205	1.18268529
2.43000000	-1.15656842	-435.32165874	178.66876145	1.13598606
2.44000000	-1.14542537	-437.10836940	178.67333772	1.09324804
2.45000000	-1.13469167	-438.89512488	178.67772784	1.05404950
2.46000000	-1.12433383	-440.68192339	178.68194698	1.01801683
2.47000000	-1.11432185	-442.46876329	178.68600868	0.98482887
2.48000000	-1.10462868	-444.25564308	178.68992516	0.95421305
2.49000000	-1.09522979	-446.04256135	178.69370745	0.92593766
2.50000000	-1.08610280	-447.82951681	178.69736561	0.89980306
2.51000000	-1.07722718	-449.61650828	178.70090880	0.87563343
2.52000000	-1.06858411	-451.40353464	178.70434545	0.85326980
2.53000000	-1.06015626	-453.19059486	178.70768324	0.83256470
2.54000000	-1.05192775	-454.97768799	178.71092923	0.81337846
2.55000000	-1.04388408	-456.76481316	178.71408984	0.79557701
2.56000000	-1.03601203	-458.55196953	178.71717090	0.77903078
2.57000000	-1.02829969	-460.33915633	178.72017768	0.76361459
2.58000000	-1.02073637	-462.12637285	178.72311491	0.74920822
2.59000000	-1.01331255	-463.91361841	178.72598682	0.73569724
2.60000000	-1.00601980	-465.70089238	178.72879714	0.72297408
2.61000000	-0.99885077	-467.48819416	178.73154919	0.71093912
2.62000000	-0.99179903	-469.27552318	178.73424586	0.69950149
2.63000000	-0.98485902	-471.06287890	178.73688969	0.68857981
2.64000000	-0.97802595	-472.85026080	178.73948290	0.67810246
2.65000000	-0.97129570	-474.63766839	178.74202743	0.66800766
2.66000000	-0.96466470	-476.42510120	178.74452500	0.65824313
2.67000000	-0.95812988	-478.21255874	178.74697710	0.64876560
2.68000000	-0.95168855	-480.00004059	178.74938509	0.63954001
2.69000000	-0.94533833	-481.78754630	178.75175017	0.63053859
2.70000000	-0.93907710	-483.57507545	178.75407346	0.62173984
2.71000000	-0.93290292	-485.36262764	178.75635598	0.61312750
2.72000000	-0.92681397	-487.15020244	178.75859870	0.60468952
2.73000000	-0.92080857	-488.93779948	178.76080253	0.59641715
2.74000000	-0.91488510	-490.72541837	178.76296835	0.58830408
2.75000000	-0.90904198	-492.51305872	178.76509700	0.58034576
2.76000000	-0.90327768	-494.30072018	178.76718931	0.57253879
2.77000000	-0.89759071	-496.08840239	178.76924610	0.56488055
2.78000000	-0.89197958	-497.87610499	178.77126813	0.55736883
2.79000000	-0.88644285	-499.66382764	178.77325620	0.55000159
2.80000000	-0.88097907	-501.45157000	178.77521105	0.54277688
2.81000000	-0.87558684	-503.23933175	178.77713342	0.53569270
2.82000000	-0.87026476	-505.02711257	178.77902405	0.52874700
2.83000000	-0.86501145	-506.81491213	178.78088363	0.52193761
2.84000000	-0.85982556	-508.60273014	178.78271288	0.51526228
2.85000000	-0.85470576	-510.39056629	178.78451247	0.50871863
2.86000000	-0.84965076	-512.17842029	178.78628305	0.50230417
2.87000000	-0.84465926	-513.96629186	178.78802530	0.49601624
2.88000000	-0.83973002	-515.75418070	178.78973982	0.48985203
2.89000000	-0.83486181	-517.54208656	178.79142725	0.48380856
2.90000000	-0.83005346	-519.33000916	178.79308817	0.47788262
2.91000000	-0.82530378	-521.11794824	178.79472318	0.47207080
2.92000000	-0.82061167	-522.90590354	178.79633283	0.46636950
2.93000000	-0.81597604	-524.69387481	178.79791767	0.46077491
2.94000000	-0.81139583	-526.48186181	178.79947823	0.45528307
2.95000000	-0.80687005	-528.26986430	178.80101500	0.44988993
2.96000000	-0.80239772	-530.05788203	178.80252849	0.44459134
2.97000000	-0.79797792	-531.84591479	178.80401915	0.43938322
2.98000000	-0.79360976	-533.63396234	178.80548744	0.43426155
2.99000000	-0.78929241	-535.42202447	178.80693380	0.42922247
3.00000000	-0.78502505	-537.21010095	178.80835863	0.42426238
3.01000000	-0.78080691	-538.99819157	178.80976234	0.41937798
3.02000000	-0.77663725	-540.78629612	178.81114532	0.41456632
3.03000000	-0.77251535	-542.57441441	178.81250794	0.40982488
3.04000000	-0.76844052	-544.36254622	178.81385056	0.40515157
3.05000000	-0.76441210	-546.15069135	178.81517353	0.40054475
3.06000000	-0.76042941	-547.93884962	178.81647719	0.39600322
3.07000000	-0.75649182	-549.72702083	178.81776189	0.39152622
3.08000000	-0.75259867	-551.51520480	178.81902796	0.38711339
3.09000000	-0.74874934	-553.30340133	178.82027573	0.38276471
3.10000000	-0.74494316	-555.09161025	178.82150551	0.37848046
3.11000000	-0.74117951	-556.87983138	178.82271764	0.37426114
3.12000000	-0.73745772	-558.66806455	178.82391244	0.37010744
3.13000000	-0.73377714	-560.45630958	178.82509023	0.36602013
3.14000000	-0.73013710	-562.24456630	178.82625134	0.36200001
3.15000000	-0.72653691	-564.03283455	178.82739607	0.35804786
3.16000000	-0.72297591	-565.82111417	178.82852476	0.35416435
3.17000000	-0.71945340	-567.60940499	178.82963773	0.35035004
3.18000000	-0.71596868	-569.39770687	178.83073528	0.34660526
3.19000000	-0.71252106	-571.18601965	178.83181774	0.34293018
3.20000000	-0.70910984	-572.97434317	178.83288542	0.33932468
3.21000000	-0.70573433	-574.76267731	178.83393862	0.33578842
3.22000000	-0.70239385	-576.55102190	178.83497766	0.33232080
3.23000000	-0.69908769	-578.33937681	178.83600282	0.32892095
3.24000000	-0.69581520	-580.12774191	178.83701442	0.32558778
3.25000000	-0.69257572	-581.91611706	178.83801272	0.32231996
3.26000000	-0.68936859	-583.70450212	178.83899802	0.31911596
3.27000000	-0.68619319	-585.49289698	178.83997058	0.31597409
3.28000000	-0.68304891	-587.28130149	178.84093067	0.31289251
3.29000000	-0.67993515	-589.06971555	178.84187854	0.30986927
3.30000000	-0.67685134	-590.85813902	178.84281445	0.30690235
3.31000000	-0.67379692	-592.64657180	178.84373863	0.30398967
3.32000000	-0.67077137	-594.43501376	178.84465132	0.30112915
3.33000000	-0.66777417	-596.22346479	178.84555274	0.29831873
3.34000000	-0.66480483	-598.01192478	178.84644310	0.29555638
3.35000000	-0.66186289	-599.80039361	178.84732260	0.29284015
3.36000000	-0.65894788	-601.58887119	178.84819146	0.29016817
3.37000000	-0.65605938	-603.37735741	178.84904986	0.28753867
3.38000000	-0.65319697	-605.16585215	178.84989798	0.28495002
3.39000000	-0.65036025	-606.95435533	178.85073601	0.28240070
3.40000000	-0.64754883	-608.74286684	178.85156412	0.27988933
3.41000000	-0.64476234	-610.53138658	178.85238247	0.27741465
3.42000000	-0.64200042	-612.31991446	178.85319124	0.27497555
3.43000000	-0.63926272	-614.10845038	178.85399057	0.27257107
3.44000000	-0.63654889	-615.89699424	178.85478063	0.27020034
3.45000000	-0.63385860	-617.68554596	178.85556155	0.26786264
3.46000000	-0.63119153	-619.47410544	178.85633350	0.26555734
3.47000000	-0.62854735	-621.26267260	178.85709661	0.26328393
3.48000000	-0.62592574	-623.05124734	178.85785103	0.26104196
3.49000000	-0.62332640	-624.83982959	178.85859690	0.25883109
3.50000000	-0.62074902	-626.62841925	178.85933435	0.25665100
3.51000000	-0.61819328	-628.41701625	178.86006352	0.25450147
3.52000000	-0.61565889	-630.20562050	178.86078455	0.25238227
3.53000000	-0.61314554	-631.99423191	178.86149756	0.25029323
3.54000000	-0.61065292	-633.78285042	178.86220268	0.24823418
3.55000000	-0.60818075	-635.57147594	178.86290005	0.24620496
3.56000000	-0.60572873	-637.36010840	178.86358980	0.24420541
3.57000000	-0.60329655	-639.14874771	178.86427204	0.24223534
3.58000000	-0.60088392	-640.93739381	178.86494690	0.24029456
3.59000000	-0.59849056	-642.72604663	178.86561450	0.23838284
3.60000000	-0.59611617	-644.51470608	178.86627498	0.23649993
3.61000000	-0.59376047	-646.30337210	178.86692843	0.23464555
3.62000000	-0.59142316	-648.09204463	178.86757499	0.23281935
3.63000000	-0.58910399	-649.88072358	178.86821476	0.23102099
3.64000000	-0.58680265	-651.66940890	178.86884787	0.22925006
3.65000000	-0.58451889	-653.45810052	178.86947442	0.22750611
3.66000000	-0.58225244	-655.24679837	178.87009451	0.22578867
3.67000000	-0.58000303	-657.03550239	178.87070827	0.22409721
3.68000000	-0.57777041	-658.82421251	178.87131579	0.22243118
3.69000000	-0.57555433	-660.61292868	178.87191717	0.22079000
3.70000000	-0.57335453	-662.40165083	178.87251251	0.21917306
3.71000000	-0.57117079	-664.19037891	178.87310192	0.21757973
3.72000000	-0.56900286	-665.97911285	178.87368548	0.21600934
3.73000000	-0.56685053	-667.76785260	178.87426329	0.21446123
3.74000000	-0.56471357	-669.55659810	178.87483544	0.21293470
3.75000000	-0.56259176	-671.34534929	178.87540201	0.21142907
3.76000000	-0.56048492	-673.13410612	178.87596309	0.20994363
3.77000000	-0.55839283	-674.92286854	178.87651876	0.20847770
3.78000000	-0.55631530	-676.71163648	178.87706910	0.20703056
3.79000000	-0.55425215	-678.50040990	178.87761418	0.20560155
3.80000000	-0.55220321	-680.28918875	178.87815409	0.20418998
3.81000000	-0.55016830	-682.07797296	178.87868889	0.20279518
3.82000000	-0.54814725	-683.86676251	178.87921865	0.20141653
3.83000000	-0.54613992	-685.65555732	178.87974345	0.20005339
3.84000000	-0.54414614	-687.44435736	178.88026334	0.19870517
3.85000000	-0.54216577	-689.23316257	178.88077839	0.19737128
3.86000000	-0.54019866	-691.02197291	178.88128866	0.19605119
3.87000000	-0.53824470	-692.81078833	178.88179422	0.19474436
3.88000000	-0.53630373	-694.59960878	178.88229511	0.19345031
3.89000000	-0.53437565	-696.38843422	178.88279141	0.19216858
3.90000000	-0.53246032	-698.17726459	178.88328315	0.19089873
3.91000000	-0.53055764	-699.96609986	178.88377039	0.18964036
3.92000000	-0.52866748	-701.75493999	178.88425319	0.18839311
3.93000000	-0.52678974	-703.54378491	178.88473160	0.18715665
3.94000000	-0.52492431	-705.33263460	178.88520566	0.18593065
3.95000000	-0.52307109	-707.12148901	178.88567542	0.18471485
3.96000000	-0.52122998	-708.91034810	178.88614094	0.18350900
3.97000000	-0.51940088	-710.69921182	178.88660225	0.18231288
3.98000000	-0.51758369	-712.48808013	178.88705941	0.18112630
3.99000000	-0.51577832	-714.27695299	178.88751245	0.17994910
4.00000000	-0.51398468	-716.06583036	178.88796142	0.17878112
4.01000000	-0.51220267	-717.85471221	178.88840637	0.17762225
4.02000000	-0.51043220	-719.64359848	178.88884733	0.17647240
4.03000000	-0.50867319	-721.43248914	178.88928435	0.17533148
4.04000000	-0.50692554	-723.22138415	178.88971748	0.17419945
4.05000000	-0.50518917	-725.01028348	178.89014674	0.17307625
4.06000000	-0.50346399	-726.79918707	178.89057219	0.17196186
4.07000000	-0.50174991	-728.58809491	178.89099386	0.17085627
4.08000000	-0.50004684	-730.37700694	178.89141179	0.16975947
4.09000000	-0.49835469	-732.16592313	178.89182603	0.16867147
4.10000000	-0.49667338	-733.95484345	178.89223660	0.16759230
4.11000000	-0.49500281	-735.74376785	178.89264356	0.16652196
4.12000000	-0.49334291	-737.53269631	178.89304694	0.16546050
4.13000000	-0.49169357	-739.32162878	178.89344678	0.16440795
4.14000000	-0.49005472	-741.11056523	178.89384312	0.16336434
4.15000000	-0.48842626	-742.89950563	178.89423599	0.16232971
4.16000000	-0.48680809	-744.68844994	178.89462544	0.16130411
4.17000000	-0.48520014	-746.47739813	178.89501151	0.16028757
4.18000000	-0.48360231	-748.26635016	178.89539422	0.15928012
4.19000000	-0.48201451	-750.05530600	178.89577363	0.15828182
4.20000000	-0.48043665	-751.84426562	178.89614976	0.15729268
4.21000000	-0.47886863	-753.63322898	178.89652265	0.15631274
4.22000000	-0.47731036	-755.42219606	178.89689235	0.15534202
4.23000000	-0.47576176	-757.21116682	178.89725888	0.15438054
4.24000000	-0.47422272	-759.00014123	178.89762229	0.15342831
4.25000000	-0.47269316	-760.78911926	178.89798261	0.15248535
4.26000000	-0.47117298	-762.57810087	178.89833988	0.15155165
4.27000000	-0.46966209	-764.36708604	178.89869413	0.15062721
4.28000000	-0.46816041	-766.15607474	178.89904541	0.14971201
4.29000000	-0.46666782	-767.94506694	178.89939373	0.14880605
4.30000000	-0.46518425	-769.73406261	178.89973915	0.14790930
4.31000000	-0.46370961	-771.52306172	178.90008170	0.14702172
4.32000000	-0.46224379	-773.31206423	178.90042140	0.14614327
4.33000000	-0.46078671	-775.10107013	178.90075830	0.14527391
4.34000000	-0.45933828	-776.89007939	178.90109242	0.14441360
4.35000000	-0.45789841	-778.67909197	178.90142381	0.14356226
4.36000000	-0.45646701	-780.46810786	178.90175249	0.14271984
4.37000000	-0.45504398	-782.25712701	178.90207850	0.14188627
4.38000000	-0.45362925	-784.04614942	178.90240186	0.14106146
4.39000000	-0.45222272	-785.83517504	178.90272262	0.14024534
4.40000000	-0.45082432	-787.62420386	178.90304081	0.13943783
4.41000000	-0.44943394	-789.41323585	178.90335644	0.13863882
4.42000000	-0.44805151	-791.20227098	178.90366956	0.13784823
4.43000000	-0.44667695	-792.99130923	178.90398020	0.13706595
4.44000000	-0.44531016	-794.78035058	178.90428838	0.13629189
4.45000000	-0.44395108	-796.56939499	178.90459414	0.13552592
4.46000000	-0.44259962	-798.35844245	178.90489750	0.13476795
4.47000000	-0.44125570	-800.14749293	178.90519849	0.13401785
4.48000000	-0.43991924	-801.93654641	178.90549714	0.13327552
4.49000000	-0.43859016	-803.72560287	178.90579348	0.13254083
4.50000000	-0.43726840	-805.51466228	178.90608753	0.13181366
4.51000000	-0.43595386	-807.30372461	178.90637932	0.13109390
4.52000000	-0.43464649	-809.09278986	178.90666889	0.13038143
4.53000000	-0.43334621	-810.88185798	178.90695624	0.12967611
4.54000000	-0.43205295	-812.67092897	178.90724142	0.12897782
4.55000000	-0.43076663	-814.46000280	178.90752443	0.12828645
4.56000000	-0.42948720	-816.24907946	178.90780532	0.12760187
4.57000000	-0.42821457	-818.03815890	178.90808410	0.12692395
4.58000000	-0.42694869	-819.82724113	178.90836079	0.12625258
4.59000000	-0.42568950	-821.61632611	178.90863543	0.12558763
4.60000000	-0.42443692	-823.40541383	178.90890802	0.12492898
4.61000000	-0.42319090	-825.19450427	178.90917860	0.12427651
4.62000000	-0.42195137	-826.98359740	178.90944719	0.12363011
4.63000000	-0.42071828	-828.77269320	178.90971381	0.12298966
4.64000000	-0.41949156	-830.56179167	178.90997847	0.12235504
4.65000000	-0.41827116	-832.35089277	178.91024121	0.12172614
4.66000000	-0.41705702	-834.13999648	178.91050203	0.12110285
4.67000000	-0.41584908	-835.92910280	178.91076097	0.12048507
4.68000000	-0.41464730	-837.71821170	178.91101803	0.11987269
4.69000000	-0.41345161	-839.50732316	178.91127325	0.11926560
4.70000000	-0.41226197	-841.29643716	178.91152664	0.11866370
4.71000000	-0.41107832	-843.08555368	178.91177821	0.11806690
4.72000000	-0.40990061	-844.87467271	178.91202799	0.11747510
4.73000000	-0.40872880	-846.66379424	178.91227599	0.11688820
4.74000000	-0.40756283	-848.45291823	178.91252224	0.11630613
4.75000000	-0.40640266	-850.24204468	178.91276674	0.11572878
4.76000000	-0.40524824	-852.03117356	178.91300952	0.11515607
4.77000000	-0.40409953	-853.82030486	178.91325059	0.11458792
4.78000000	-0.40295647	-855.60943856	178.91348998	0.11402426
4.79000000	-0.40181903	-857.39857465	178.91372769	0.11346500
4.80000000	-0.40068715	-859.18771311	178.91396374	0.11291006
4.81000000	-0.39956081	-860.97685392	178.91419815	0.11235939
4.82000000	-0.39843995	-862.76599707	178.91443094	0.11181291
4.83000000	-0.39732454	-864.55514254	178.91466211	0.11127054
4.84000000	-0.39621453	-866.34429031	178.91489169	0.11073224
4.85000000	-0.39510988	-868.13344037	178.91511969	0.11019793
4.86000000	-0.39401056	-869.92259270	178.91534612	0.10966756
4.87000000	-0.39291652	-871.71174728	178.91557100	0.10914106
4.88000000	-0.39182772	-873.50090411	178.91579434	0.10861840
4.89000000	-0.39074414	-875.29006316	178.91601616	0.10809950
4.90000000	-0.38966572	-877.07922443	178.91623647	0.10758433
4.91000000	-0.38859244	-878.86838789	178.91645529	0.10707283
4.92000000	-0.38752425	-880.65755353	178.91667262	0.10656495
4.93000000	-0.38646113	-882.44672134	178.91688848	0.10606066
4.94000000	-0.38540303	-884.23589129	178.91710289	0.10555991
4.95000000	-0.38434992	-886.02506339	178.91731585	0.10506266
4.96000000	-0.38330176	-887.81423761	178.91752739	0.10456886
4.97000000	-0.38225853	-889.60341393	178.91773751	0.10407849
4.98000000	-0.38122018	-891.39259235	178.91794622	0.10359150
4.99000000	-0.38018669	-893.18177285	178.91815354	0.10310786
5.00000000	-0.37915801	-894.97095542	178.91835948	0.10262754
5.01000000	-0.37813413	-896.76014004	178.91856405	0.10215050
5.02000000	-0.37711499	-898.54932669	178.91876727	0.10167672
5.03000000	-0.37610058	-900.33851538	178.91896914	0.10120616
5.04000000	-0.37509086	-902.12770607	178.91916969	0.10073879
5.05000000	-0.37408579	-903.91689877	178.91936891	0.10027459
5.06000000	-0.37308536	-905.70609345	178.91956682	0.09981353
5.07000000	-0.37208951	-907.49529010	178.91976343	0.09935559
5.08000000	-0.37109823	-909.28448871	178.91995876	0.09890073
5.09000000	-0.37011149	-911.07368927	178.92015281	0.09844894
5.10000000	-0.36912924	-912.86289176	178.92034559	0.09800019
5.11000000	-0.36815147	-914.65209618	178.92053712	0.09755446
5.12000000	-0.36717815	-916.44130250	178.92072741	0.09711173
5.13000000	-0.36620923	-918.23051072	178.92091647	0.09667196
5.14000000	-0.36524470	-920.01972083	178.92110431	0.09623515
5.15000000	-0.36428452	-921.80893280	178.92129093	0.09580128
5.16000000	-0.36332866	-923.59814664	178.92147635	0.09537031
5.17000000	-0.36237710	-925.38736233	178.92166059	0.09494223
5.18000000	-0.36142981	-927.17657985	178.92184364	0.09451702
5.19000000	-0.36048675	-928.96579920	178.92202552	0.09409466
5.20000000	-0.35954790	-930.75502036	178.92220624	0.09367513
5.21000000	-0.35861324	-932.54424332	178.92238581	0.09325842
5.22000000	-0.35768273	-934.33346807	178.92256424	0.09284450
5.23000000	-0.35675634	-936.12269460	178.92274154	0.09243335
5.24000000	-0.35583405	-937.91192289	178.92291772	0.09202496
5.25000000	-0.35491583	-939.70115295	178.92309278	0.09161930
5.26000000	-0.35400166	-941.49038475	178.92326675	0.09121636
5.27000000	-0.35309150	-943.27961828	178.92343962	0.09081612
5.28000000	-0.35218532	-945.06885354	178.92361140	0.09041857
5.29000000	-0.35128312	-946.85809050	178.92378212	0.09002367
5.30000000	-0.35038484	-948.64732917	178.92395176	0.08963142
5.31000000	-0.34949048	-950.43656954	178.92412035	0.08924179
5.32000000	-0.34860000	-952.22581158	178.92428789	0.08885478
5.33000000	-0.34771337	-954.01505529	178.92445439	0.08847035
5.34000000	-0.34683058	-955.80430066	178.92461987	0.08808849
5.35000000	-0.34595160	-957.59354768	178.92478432	0.08770918
5.36000000	-0.34507639	-959.38279635	178.92494775	0.08733241
5.37000000	-0.34420494	-961.17204664	178.92511019	0.08695815
5.38000000	-0.34333722	-962.96129855	178.92527162	0.08658639
5.39000000	-0.34247320	-964.75055206	178.92543207	0.08621710
5.40000000	-0.34161287	-966.53980718	178.92559154	0.08585027
5.41000000	-0.34075619	-968.32906389	178.92575004	0.08548588
5.42000000	-0.33990314	-970.11832218	178.92590757	0.08512392
5.43000000	-0.33905370	-971.90758204	178.92606415	0.08476435
5.44000000	-0.33820785	-973.69684346	178.92621978	0.08440717
5.45000000	-0.33736555	-975.48610643	178.92637447	0.08405235
5.46000000	-0.33652679	-977.27537095	178.92652823	0.08369988
5.47000000	-0.33569155	-979.06463699	178.92668107	0.08334974
5.48000000	-0.33485979	-980.85390457	178.92683299	0.08300190
5.49000000	-0.33403150	-982.64317365	178.92698400	0.08265634
5.50000000	-0.33320666	-984.43244424	178.92713411	0.08231306
5.51000000	-0.33238523	-986.22171633	178.92728332	0.08197203
5.52000000	-0.33156721	-988.01098991	178.92743165	0.08163322
5.53000000	-0.33075256	-989.80026496	178.92757910	0.08129663
5.54000000	-0.32994127	-991.58954149	178.92772567	0.08096223
5.55000000	-0.32913331	-993.37881947	178.92787138	0.08063000
5.56000000	-0.32832866	-995.16809891	178.92801623	0.08029993
5.57000000	-0.32752730	-996.95737979	178.92816023	0.07997199
5.58000000	-0.32672921	-998.74666211	178.92830339	0.07964616
5.59000000	-0.32593437	-1000.53594586	178.92844570	0.07932243
5.60000000	-0.32514276	-1002.32523102	178.92858719	0.07900078
5.61000000	-0.32435435	-1004.11451760	178.92872785	0.07868119
5.62000000	-0.32356913	-1005.90380558	178.92886770	0.07836363
5.63000000	-0.32278707	-1007.69309495	178.92900673	0.07804810
5.64000000	-0.32200816	-1009.48238571	178.92914496	0.07773457
5.65000000	-0.32123237	-1011.27167785	178.92928238	0.07742302
5.66000000	-0.32045969	-1013.06097135	178.92941902	0.07711344
5.67000000	-0.31969010	-1014.85026622	178.92955487	0.07680580
5.68000000	-0.31892357	-1016.63956245	178.92968994	0.07650009
5.69000000	-0.31816009	-1018.42886002	178.92982424	0.07619629
5.70000000	-0.31739964	-1020.21815893	178.92995777	0.07589438
5.71000000	-0.31664220	-1022.00745917	178.93009054	0.07559434
5.72000000	-0.31588774	-1023.79676074	178.93022255	0.07529616
5.73000000	-0.31513627	-1025.58606362	178.93035381	0.07499982
5.74000000	-0.31438774	-1027.37536781	178.93048433	0.07470529
5.75000000	-0.31364215	-1029.16467331	178.93061411	0.07441257
5.76000000	-0.31289948	-1030.95398009	178.93074316	0.07412163
5.77000000	-0.31215972	-1032.74328817	178.93087148	0.07383246
5.78000000	-0.31142283	-1034.53259752	178.93099908	0.07354504
5.79000000	-0.31068881	-1036.32190815	178.93112597	0.07325936
5.80000000	-0.30995764	-1038.11122004	178.93125214	0.07297539
5.81000000	-0.30922930	-1039.90053319	178.93137761	0.07269312
5.82000000	-0.30850377	-1041.68984759	178.93150237	0.07241254
5.83000000	-0.30778104	-1043.47916323	178.93162645	0.07213362
5.84000000	-0.30706109	-1045.26848011	178.93174983	0.07185636
5.85000000	-0.30634391	-1047.05779823	178.93187253	0.07158073
5.86000000	-0.30562947	-1048.84711756	178.93199455	0.07130672
5.87000000	-0.30491777	-1050.63643812	178.93211590	0.07103431
5.88000000	-0.30420878	-1052.42575988	178.93223658	0.07076350
5.89000000	-0.30350249	-1054.21508284	178.93235660	0.07049426
5.90000000	-0.30279889	-1056.00440701	178.93247595	0.07022657
5.91000000	-0.30209796	-1057.79373236	178.93259465	0.06996043
5.92000000	-0.30139968	-1059.58305890	178.93271271	0.06969583
5.93000000	-0.30070403	-1061.37238661	178.93283011	0.06943273
5.94000000	-0.30001102	-1063.16171550	178.93294688	0.06917114
5.95000000	-0.29932061	-1064.95104555	178.93306302	0.06891103
5.96000000	-0.29863279	-1066.74037676	178.93317852	0.06865240
5.97000000	-0.29794755	-1068.52970912	178.93329339	0.06839523
5.98000000	-0.29726488	-1070.31904262	178.93340765	0.06813950
5.99000000	-0.29658476	-1072.10837727	178.93352129	0.06788520
6.00000000	-0.29590717	-1073.89771305	178.93363431	0.06763233
6.01000000	-0.29523211	-1075.68704995	178.93374673	0.06738086
6.02000000	-0.29455955	-1077.47638798	178.93385854	0.06713078
6.03000000	-0.29388949	-1079.26572712	178.93396976	0.06688209
6.04000000	-0.29322190	-1081.05506737	178.93408038	0.06663477
6.05000000	-0.29255679	-1082.84440873	178.93419040	0.06638880
6.06000000	-0.29189412	-1084.63375118	178.93429984	0.06614418
6.07000000	-0.29123390	-1086.42309472	178.93440870	0.06590089
6.08000000	-0.29057610	-1088.21243935	178.93451698	0.06565892
6.09000000	-0.28992072	-1090.00178506	178.93462469	0.06541827
6.10000000	-0.28926773	-1091.79113184	178.93473182	0.06517891
6.11000000	-0.28861713	-1093.58047969	178.93483839	0.06494084
6.12000000	-0.28796891	-1095.36982861	178.93494440	0.06470405
6.13000000	-0.28732305	-1097.15917858	178.93504984	0.06446852
6.14000000	-0.28667954	-1098.94852960	178.93515473	0.06423425
6.15000000	-0.28603836	-1100.73788167	178.93525908	0.06400123
6.16000000	-0.28539951	-1102.52723478	178.93536287	0.06376944
6.17000000	-0.28476297	-1104.31658893	178.93546612	0.06353887
6.18000000	-0.28412873	-1106.10594410	178.93556883	0.06330952
6.19000000	-0.28349677	-1107.89530030	178.93567101	0.06308138
6.20000000	-0.28286709	-1109.68465752	178.93577265	0.06285443
6.21000000	-0.28223968	-1111.47401575	178.93587376	0.06262867
6.22000000	-0.28161452	-1113.26337500	178.93597435	0.06240409
6.23000000	-0.28099159	-1115.05273524	178.93607442	0.06218067
6.24000000	-0.28037090	-1116.84209648	178.93617397	0.06195841
6.25000000	-0.27975242	-1118.63145872	178.93627301	0.06173731
6.26000000	-0.27913615	-1120.42082194	178.93637153	0.06151734
6.27000000	-0.27852207	-1122.21018615	178.93646955	0.06129851
6.28000000	-0.27791018	-1123.99955133	178.93656706	0.06108080
6.29000000	-0.27730045	-1125.78891749	178.93666408	0.06086421
6.30000000	-0.27669289	-1127.57828461	178.93676059	0.06064873
6.31000000	-0.27608747	-1129.36765270	178.93685661	0.06043435
6.32000000	-0.27548420	-1131.15702174	178.93695214	0.06022106
6.33000000	-0.27488305	-1132.94639174	178.93704719	0.06000885
6.34000000	-0.27428402	-1134.73576268	178.93714175	0.05979772
6.35000000	-0.27368709	-1136.52513457	178.93723582	0.05958766
6.36000000	-0.27309226	-1138.31450740	178.93732942	0.05937867
6.37000000	-0.27249951	-1140.10388116	178.93742255	0.05917072
6.38000000	-0.27190884	-1141.89325585	178.93751520	0.05896383
6.39000000	-0.27132023	-1143.68263146	178.93760739	0.05875797
6.40000000	-0.27073368	-1145.47200799	178.93769911	0.05855315
6.41000000	-0.27014917	-1147.26138544	178.93779037	0.05834935
6.42000000	-0.26956669	-1149.05076380	178.93788117	0.05814657
6.43000000	-0.26898623	-1150.84014306	178.93797151	0.05794481
6.44000000	-0.26840779	-1152.62952323	178.93806140	0.05774405
6.45000000	-0.26783135	-1154.41890429	178.93815084	0.05754429
6.46000000	-0.26725690	-1156.20828624	178.93823984	0.05734553
6.47000000	-0.26668443	-1157.99766908	178.93832838	0.05714775
6.48000000	-0.26611394	-1159.78705281	178.93841649	0.05695095
6.49000000	-0.26554541	-1161.57643741	178.93850416	0.05675512
6.50000000	-0.26497884	-1163.36582289	178.93859139	0.05656027
6.51000000	-0.26441420	-1165.15520924	178.93867819	0.05636638
6.52000000	-0.26385151	-1166.94459645	178.93876456	0.05617344
6.53000000	-0.26329073	-1168.73398453	178.93885051	0.05598145
6.54000000	-0.26273187	-1170.52337346	178.93893602	0.05579041
6.55000000	-0.26217492	-1172.31276325	178.93902112	0.05560031
6.56000000	-0.26161986	-1174.10215388	178.93910580	0.05541114
6.57000000	-0.26106669	-1175.89154536	178.93919006	0.05522290
6.58000000	-0.26051540	-1177.68093768	178.93927390	0.05503558
6.59000000	-0.25996598	-1179.47033084	178.93935734	0.05484918
6.60000000	-0.25941842	-1181.25972483	178.93944037	0.05466369
6.61000000	-0.25887270	-1183.04911965	178.93952299	0.05447911
6.62000000	-0.25832883	-1184.83851529	178.93960520	0.05429542
6.63000000	-0.25778679	-1186.62791175	178.93968702	0.05411263
6.64000000	-0.25724658	-1188.41730903	178.93976844	0.05393074
6.65000000	-0.25670817	-1190.20670712	178.93984947	0.05374973
6.66000000	-0.25617158	-1191.99610601	178.93993010	0.05356960
6.67000000	-0.25563678	-1193.78550572	178.94001034	0.05339034
6.68000000	-0.25510377	-1195.57490622	178.94009019	0.05321196
6.69000000	-0.25457254	-1197.36430752	178.94016965	0.05303444
6.70000000	-0.25404308	-1199.15370961	178.94024874	0.05285778
6.71000000	-0.25351538	-1200.94311249	178.94032744	0.05268198
6.72000000	-0.25298943	-1202.73251616	178.94040576	0.05250703
6.73000000	-0.25246523	-1204.52192061	178.94048371	0.05233292
6.74000000	-0.25194277	-1206.31132583	178.94056128	0.05215966
6.75000000	-0.25142204	-1208.10073183	178.94063849	0.05198723
6.76000000	-0.25090303	-1209.89013860	178.94071532	0.05181564
6.77000000	-0.25038572	-1211.67954614	178.94079179	0.05164488
6.78000000	-0.24987013	-1213.46895443	178.94086789	0.05147494
6.79000000	-0.24935622	-1215.25836349	178.94094363	0.05130581
6.80000000	-0.24884401	-1217.04777331	178.94101901	0.05113751
6.81000000	-0.24833347	-1218.83718387	178.94109404	0.05097001
6.82000000	-0.24782460	-1220.62659519	178.94116871	0.05080332
6.83000000	-0.24731740	-1222.41600724	178.94124302	0.05063743
6.84000000	-0.24681185	-1224.20542005	178.94131699	0.05047234
6.85000000	-0.24630795	-1225.99483358	178.94139060	0.05030804
6.86000000	-0.24580569	-1227.78424786	178.94146387	0.05014453
6.87000000	-0.24530506	-1229.57366286	178.94153680	0.04998180
6.88000000	-0.24480605	-1231.36307859	178.94160938	0.04981985
6.89000000	-0.24430866	-1233.15249505	178.94168162	0.04965868
6.90000000	-0.24381287	-1234.94191222	178.94175353	0.04949828
6.91000000	-0.24331869	-1236.73133012	178.94182510	0.04933865
6.92000000	-0.24282610	-1238.52074872	178.94189633	0.04917979
6.93000000	-0.24233509	-1240.31016804	178.94196724	0.04902168
6.94000000	-0.24184566	-1242.09958807	178.94203781	0.04886433
6.95000000	-0.24135780	-1243.88900880	178.94210806	0.04870773
6.96000000	-0.24087151	-1245.67843023	178.94217798	0.04855188
6.97000000	-0.24038676	-1247.46785235	178.94224757	0.04839677
6.98000000	-0.23990357	-1249.25727518	178.94231685	0.04824240
6.99000000	-0.23942191	-1251.04669869	178.94238581	0.04808877
7.00000000	-0.23894179	-1252.83612289	178.94245444	0.04793586
7.01000000	-0.23846319	-1254.62554778	178.94252277	0.04778369
7.02000000	-0.23798611	-1256.41497335	178.94259077	0.04763224
7.03000000	-0.23751055	-1258.20439959	178.94265847	0.04748151
7.04000000	-0.23703648	-1259.99382651	178.94272586	0.04733150
7.05000000	-0.23656391	-1261.78325411	178.94279294	0.04718220
7.06000000	-0.23609283	-1263.57268237	178.94285971	0.04703361
7.07000000	-0.23562324	-1265.36211130	178.94292618	0.04688572
7.08000000	-0.23515512	-1267.15154090	178.94299234	0.04673854
7.09000000	-0.23468846	-1268.94097115	178.94305821	0.04659205
7.10000000	-0.23422327	-1270.73040206	178.94312377	0.04644626
7.11000000	-0.23375954	-1272.51983362	178.94318904	0.04630116
7.12000000	-0.23329725	-1274.30926584	178.94325402	0.04615674
7.13000000	-0.23283640	-1276.09869870	178.94331870	0.04601301
7.14000000	-0.23237699	-1277.88813221	178.94338308	0.04586995
7.15000000	-0.23191900	-1279.67756636	178.94344718	0.04572757
7.16000000	-0.23146243	-1281.46700115	178.94351099	0.04558586
7.17000000	-0.23100728	-1283.25643658	178.94357452	0.04544483
7.18000000	-0.23055353	-1285.04587264	178.94363776	0.04530445
7.19000000	-0.23010119	-1286.83530934	178.94370072	0.04516474
7.20000000	-0.22965024	-1288.62474666	178.94376339	0.04502568
7.21000000	-0.22920067	-1290.41418460	178.94382579	0.04488728
7.22000000	-0.22875249	-1292.20362317	178.94388791	0.04474953
7.23000000	-0.22830568	-1293.99306236	178.94394975	0.04461243
7.24000000	-0.22786024	-1295.78250217	178.94401132	0.04447597
7.25000000	-0.22741616	-1297.57194259	178.94407261	0.04434015
7.26000000	-0.22697343	-1299.36138362	178.94413363	0.04420497
7.27000000	-0.22653206	-1301.15082526	178.94419439	0.04407042
7.28000000	-0.22609202	-1302.94026750	178.94425487	0.04393650
7.29000000	-0.22565332	-1304.72971035	178.94431509	0.04380320
7.30000000	-0.22521596	-1306.51915380	178.94437505	0.04367053
7.31000000	-0.22477991	-1308.30859785	178.94443474	0.04353848
7.32000000	-0.22434518	-1310.09804250	178.94449417	0.04340704
7.33000000	-0.22391177	-1311.88748774	178.94455334	0.04327622
7.34000000	-0.22347966	-1313.67693356	178.94461225	0.04314601
7.35000000	-0.22304885	-1315.46637998	178.94467090	0.04301640
7.36000000	-0.22261933	-1317.25582698	178.94472930	0.04288740
7.37000000	-0.22219110	-1319.04527457	178.94478744	0.04275899
7.38000000	-0.22176415	-1320.83472273	178.94484534	0.04263118
7.39000000	-0.22133847	-1322.62417147	178.94490298	0.04250397
7.40000000	-0.22091407	-1324.41362079	178.94496037	0.04237734
7.41000000	-0.22049092	-1326.20307068	178.94501751	0.04225130
7.42000000	-0.22006904	-1327.99252114	178.94507441	0.04212585
7.43000000	-0.21964840	-1329.78197217	178.94513106	0.04200097
7.44000000	-0.21922902	-1331.57142376	178.94518747	0.04187667
7.45000000	-0.21881087	-1333.36087591	178.94524363	0.04175295
7.46000000	-0.21839396	-1335.15032863	178.94529955	0.04162979
7.47000000	-0.21797827	-1336.93978190	178.94535524	0.04150720
7.48000000	-0.21756381	-1338.72923573	178.94541069	0.04138518
7.49000000	-0.21715057	-1340.51869012	178.94546589	0.04126371
7.50000000	-0.21673853	-1342.30814505	178.94552087	0.04114281
7.51000000	-0.21632771	-1344.09760053	178.94557561	0.04102246
7.52000000	-0.21591808	-1345.88705656	178.94563012	0.04090266
7.53000000	-0.21550965	-1347.67651314	178.94568439	0.04078341
7.54000000	-0.21510241	-1349.46597025	178.94573844	0.04066470
7.55000000	-0.21469636	-1351.25542790	178.94579226	0.04054654
7.56000000	-0.21429148	-1353.04488609	178.94584585	0.04042891
7.57000000	-0.21388778	-1354.83434482	178.94589921	0.04031182
7.58000000	-0.21348524	-1356.62380408	178.94595235	0.04019527
7.59000000	-0.21308387	-1358.41326387	178.94600527	0.04007925
7.60000000	-0.21268365	-1360.20272418	178.94605796	0.03996375
7.61000000	-0.21228459	-1361.99218502	178.94611044	0.03984878
7.62000000	-0.21188668	-1363.78164639	178.94616269	0.03973433
7.63000000	-0.21148990	-1365.57110828	178.94621473	0.03962039
7.64000000	-0.21109427	-1367.36057068	178.94626655	0.03950698
7.65000000	-0.21069976	-1369.15003361	178.94631815	0.03939407
7.66000000	-0.21030638	-1370.93949705	178.94636954	0.03928168
7.67000000	-0.20991413	-1372.72896100	178.94642071	0.03916979
7.68000000	-0.20952299	-1374.51842546	178.94647168	0.03905840
7.69000000	-0.20913296	-1376.30789043	178.94652243	0.03894752
7.70000000	-0.20874404	-1378.09735591	178.94657297	0.03883714
7.71000000	-0.20835621	-1379.88682189	178.94662330	0.03872725
7.72000000	-0.20796949	-1381.67628837	178.94667343	0.03861785
7.73000000	-0.20758386	-1383.46575536	178.94672335	0.03850894
7.74000000	-0.20719931	-1385.25522284	178.94677307	0.03840052
7.75000000	-0.20681584	-1387.04469082	178.94682258	0.03829258
7.76000000	-0.20643345	-1388.83415929	178.94687189	0.03818513
7.77000000	-0.20605214	-1390.62362825	178.94692099	0.03807815
7.78000000	-0.20567189	-1392.41309771	178.94696990	0.03797165
7.79000000	-0.20529270	-1394.20256765	178.94701861	0.03786563
7.80000000	-0.20491458	-1395.99203808	178.94706712	0.03776007
7.81000000	-0.20453750	-1397.78150899	178.94711543	0.03765498
7.82000000	-0.20416147	-1399.57098039	178.94716354	0.03755036
7.83000000	-0.20378649	-1401.36045226	178.94721147	0.03744620
7.84000000	-0.20341255	-1403.14992462	178.94725919	0.03734250
7.85000000	-0.20303964	-1404.93939745	178.94730673	0.03723925
7.86000000	-0.20266776	-1406.72887075	178.94735407	0.03713646
7.87000000	-0.20229691	-1408.51834453	178.94740122	0.03703413
7.88000000	-0.20192708	-1410.30781878	178.94744818	0.03693224
7.89000000	-0.20155826	-1412.09729349	178.94749496	0.03683080
7.90000000	-0.20119046	-1413.88676867	178.94754155	0.03672980
7.91000000	-0.20082367	-1415.67624432	178.94758795	0.03662924
7.92000000	-0.20045788	-1417.46572043	178.94763416	0.03652913
7.93000000	-0.20009308	-1419.25519700	178.94768019	0.03642945
7.94000000	-0.19972928	-1421.04467404	178.94772604	0.03633020
7.95000000	-0.19936648	-1422.83415152	178.94777170	0.03623139
7.96000000	-0.19900466	-1424.62362947	178.94781719	0.03613300
7.97000000	-0.19864382	-1426.41310787	178.94786249	0.03603505
7.98000000	-0.19828395	-1428.20258672	178.94790761	0.03593751
7.99000000	-0.19792506	-1429.99206602	178.94795256	0.03584040
8.00000000	-0.19756714	-1431.78154577	178.94799733	0.03574371
