T	Ut	Ft	St	Ct
0.01000000	-1.93750000	-9.94750000	800.99999998	0.00000000
0.02000000	-1.93750000	-17.95750000	800.99999998	0.00000000
0.03000000	-1.93750000	-25.96750000	800.99999998	0.00000000
0.04000000	-1.93750000	-33.97750000	800.99999998	0.00000000
0.05000000	-1.93750000	-41.98750000	800.99999998	0.00000000
0.06000000	-1.93750000	-49.99750000	800.99999998	0.00000000
0.07000000	-1.93750000	-58.00750000	800.99999998	0.00000000
0.08000000	-1.93750000	-66.01750000	800.99999998	0.00000000
0.09000000	-1.93750000	-74.02750000	800.99999998	0.00000000
0.10000000	-1.93750000	-82.03750000	800.99999998	0.00000000
0.11000000	-1.93750000	-90.04750000	800.99999998	0.00000000
0.12000000	-1.93750000	-98.05750000	800.99999998	0.00000000
0.13000000	-1.93750000	-106.06750000	800.99999998	0.00000000
0.14000000	-1.93750000	-114.07750000	800.99999998	0.00000000
0.15000000	-1.93750000	-122.08750000	800.99999998	0.00000000
0.16000000	-1.93750000	-130.09750000	800.99999998	0.00000000
0.17000000	-1.93750000	-138.10750000	800.99999998	0.00000000
0.18000000	-1.93750000	-146.11750000	800.99999998	0.00000001
0.19000000	-1.93750000	-154.12750000	800.99999998	0.00000004
0.20000000	-1.93750000	-162.13750000	800.99999999	0.00000010
0.21000000	-1.93750000	-170.14750000	800.99999999	0.00000022
0.22000000	-1.93749999	-178.15750000	801.00000001	0.00000048
0.23000000	-1.93749999	-186.16750000	801.00000004	0.00000098
0.24000000	-1.93749997	-194.17750000	801.00000010	0.00000185
0.25000000	-1.93749995	-202.18750000	801.00000020	0.00000333
0.26000000	-1.93749990	-210.19750000	801.00000038	0.00000569
0.27000000	-1.93749983	-218.20750001	801.00000065	0.00000933
0.28000000	-1.93749971	-226.21750002	801.00000109	0.00001472
0.29000000	-1.93749953	-234.22750003	801.00000173	0.00002246
0.30000000	-1.93749925	-242.23750005	801.00000266	0.00003324
0.31000000	-1.93749885	-250.24750008	801.00000398	0.00004786
0.32000000	-1.93749828	-258.25750013	801.00000579	0.00006722
0.33000000	-1.93749749	-266.26750020	801.00000823	0.00009232
0.34000000	-1.93749641	-274.27750030	801.00001144	0.00012422
0.35000000	-1.93749498	-282.28750043	801.00001559	0.00016404
0.36000000	-1.93749310	-290.29750061	801.00002088	0.00021298
0.37000000	-1.93749068	-298.30750086	801.00002750	0.00027222
0.38000000	-1.93748762	-306.31750117	801.00003567	0.00034298
0.39000000	-1.93748378	-314.32750157	801.00004563	0.00042646
0.40000000	-1.93747904	-322.33750209	801.00005762	0.00052381
0.41000000	-1.93747325	-330.34750273	801.00007191	0.00063617
0.42000000	-1.93746626	-338.35750354	801.00008874	0.00076459
0.43000000	-1.93745790	-346.36750452	801.00010841	0.00091005
0.44000000	-1.93744800	-354.37750571	801.00013116	0.00107344
0.45000000	-1.93743637	-362.38750715	801.00015729	0.00125556
0.46000000	-1.93742283	-370.39750887	801.00018706	0.00145707
0.47000000	-1.93740717	-378.40751091	801.00022073	0.00167856
0.48000000	-1.93738919	-386.41751330	801.00025857	0.00192047
0.49000000	-1.93736869	-394.42751609	801.00030083	0.00218311
0.50000000	-1.93734546	-402.43751933	801.00034775	0.00246669
0.51000000	-1.93731928	-410.44752307	801.00039957	0.00277128
0.52000000	-1.93728996	-418.45752734	801.00045650	0.00309683
0.53000000	-1.93725728	-426.46753221	801.00051875	0.00344316
0.54000000	-1.93722103	-434.47753773	801.00058649	0.00380998
0.55000000	-1.93718101	-442.48754396	801.00065991	0.00419689
0.56000000	-1.93713703	-450.49755095	801.00073916	0.00460338
0.57000000	-1.93708888	-458.50755876	801.00082436	0.00502884
0.58000000	-1.93703639	-466.51756746	801.00091564	0.00547254
0.59000000	-1.93697937	-474.52757710	801.00101310	0.00593371
0.60000000	-1.93691766	-482.53758774	801.00111681	0.00641146
0.61000000	-1.93685109	-490.54759946	801.00122683	0.00690484
0.62000000	-1.93677951	-498.55761230	801.00134321	0.00741285
0.63000000	-1.93670279	-506.56762634	801.00146596	0.00793440
0.64000000	-1.93662078	-514.57764164	801.00159509	0.00846839
0.65000000	-1.93653338	-522.58765826	801.00173059	0.00901366
0.66000000	-1.93644048	-530.59767627	801.00187242	0.00956901
0.67000000	-1.93634197	-538.60769573	801.00202054	0.01013324
0.68000000	-1.93623779	-546.61771671	801.00217488	0.01070511
0.69000000	-1.93612785	-554.62773925	801.00233537	0.01128339
0.70000000	-1.93601210	-562.63776343	801.00250190	0.01186684
0.71000000	-1.93589050	-570.64778931	801.00267438	0.01245423
0.72000000	-1.93576301	-578.65781694	801.00285268	0.01304433
0.73000000	-1.93562961	-586.66784638	801.00303668	0.01363595
0.74000000	-1.93549029	-594.67787769	801.00322622	0.01422791
0.75000000	-1.93534505	-602.68791092	801.00342116	0.01481905
0.76000000	-1.93519391	-610.69794613	801.00362134	0.01540827
0.77000000	-1.93503690	-618.70798337	801.00382659	0.01599449
0.78000000	-1.93487404	-626.71802268	801.00403672	0.01657668
0.79000000	-1.93470538	-634.72806412	801.00425157	0.01715386
0.80000000	-1.93453098	-642.73810773	801.00447094	0.01772510
0.81000000	-1.93435090	-650.74815355	801.00469463	0.01828950
0.82000000	-1.93416521	-658.75820163	801.00492246	0.01884626
0.83000000	-1.93397400	-666.76825201	801.00515423	0.01939459
0.84000000	-1.93377735	-674.77830473	801.00538973	0.01993379
0.85000000	-1.93357536	-682.78835982	801.00562878	0.02046320
0.86000000	-1.93336812	-690.79841732	801.00587116	0.02098225
0.87000000	-1.93315575	-698.80847725	801.00611667	0.02149038
0.88000000	-1.93293835	-706.81853966	801.00636512	0.02198714
0.89000000	-1.93271605	-714.82860457	801.00661631	0.02247212
0.90000000	-1.93248895	-722.83867200	801.00687005	0.02294495
0.91000000	-1.93225719	-730.84874197	801.00712614	0.02340535
0.92000000	-1.93202089	-738.85881452	801.00738439	0.02385307
0.93000000	-1.93178017	-746.86888967	801.00764462	0.02428793
0.94000000	-1.93153517	-754.87896742	801.00790665	0.02470981
0.95000000	-1.93128602	-762.88904781	801.00817030	0.02511862
0.96000000	-1.93103284	-770.89913083	801.00843541	0.02551433
0.97000000	-1.93077578	-778.90921652	801.00870180	0.02589697
0.98000000	-1.93051495	-786.91930487	801.00896931	0.02626658
0.99000000	-1.93025049	-794.92939591	801.00923780	0.02662327
1.00000000	-1.92998252	-802.93948963	801.00950711	0.02696719
1.01000000	-1.92971119	-810.94958605	801.00977710	0.02729851
1.02000000	-1.92943660	-818.95968518	801.01004763	0.02761745
1.03000000	-1.92915888	-826.96978701	801.01031857	0.02792426
1.04000000	-1.92887815	-834.97989155	801.01058981	0.02821920
1.05000000	-1.92859453	-842.98999880	801.01086121	0.02850258
1.06000000	-1.92830814	-851.00010877	801.01113268	0.02877472
1.07000000	-1.92801907	-859.01022146	801.01140410	0.02903597
1.08000000	-1.92772745	-867.02033685	801.01167537	0.02928669
1.09000000	-1.92743337	-875.03045496	801.01194641	0.02952727
1.10000000	-1.92713694	-883.04057578	801.01221713	0.02975810
1.11000000	-1.92683824	-891.05069931	801.01248744	0.02997959
1.12000000	-1.92653738	-899.06082553	801.01275728	0.03019216
1.13000000	-1.92623443	-907.07095445	801.01302657	0.03039622
1.14000000	-1.92592948	-915.08108606	801.01329525	0.03059221
1.15000000	-1.92562261	-923.09122035	801.01356325	0.03078058
1.16000000	-1.92531389	-931.10135732	801.01383054	0.03096174
1.17000000	-1.92500340	-939.11149696	801.01409706	0.03113614
1.18000000	-1.92469119	-947.12163926	801.01436277	0.03130422
1.19000000	-1.92437733	-955.13178421	801.01462763	0.03146641
1.20000000	-1.92406188	-963.14193181	801.01489161	0.03162313
1.21000000	-1.92374489	-971.15208204	801.01515467	0.03177482
1.22000000	-1.92342640	-979.16223490	801.01541680	0.03192188
1.23000000	-1.92310646	-987.17239037	801.01567798	0.03206474
1.24000000	-1.92278512	-995.18254846	801.01593818	0.03220379
1.25000000	-1.92246240	-1003.19270913	801.01619739	0.03233942
1.26000000	-1.92213834	-1011.20287240	801.01645560	0.03247202
1.27000000	-1.92181297	-1019.21303824	801.01671282	0.03260197
1.28000000	-1.92148631	-1027.22320665	801.01696902	0.03272961
1.29000000	-1.92115838	-1035.23337762	801.01722422	0.03285530
1.30000000	-1.92082921	-1043.24355113	801.01747841	0.03297938
1.31000000	-1.92049880	-1051.25372719	801.01773159	0.03310217
1.32000000	-1.92016717	-1059.26390576	801.01798379	0.03322397
1.33000000	-1.91983432	-1067.27408686	801.01823499	0.03334510
1.34000000	-1.91950027	-1075.28427046	801.01848522	0.03346583
1.35000000	-1.91916500	-1083.29445656	801.01873448	0.03358642
1.36000000	-1.91882854	-1091.30464515	801.01898280	0.03370715
1.37000000	-1.91849086	-1099.31483621	801.01923018	0.03382824
1.38000000	-1.91815197	-1107.32502975	801.01947665	0.03394993
1.39000000	-1.91781186	-1115.33522574	801.01972222	0.03407244
1.40000000	-1.91747052	-1123.34542419	801.01996691	0.03419596
1.41000000	-1.91712794	-1131.35562508	801.02021074	0.03432067
1.42000000	-1.91678410	-1139.36582840	801.02045373	0.03444677
1.43000000	-1.91643900	-1147.37603415	801.02069591	0.03457440
1.44000000	-1.91609261	-1155.38624232	801.02093730	0.03470371
1.45000000	-1.91574491	-1163.39645289	801.02117792	0.03483484
1.46000000	-1.91539590	-1171.40666587	801.02141779	0.03496791
1.47000000	-1.91504555	-1179.41688125	801.02165694	0.03510302
1.48000000	-1.91469384	-1187.42709901	801.02189539	0.03524028
1.49000000	-1.91434074	-1195.43731915	801.02213316	0.03537977
1.50000000	-1.91398623	-1203.44754167	801.02237029	0.03552157
1.51000000	-1.91363030	-1211.45776656	801.02260679	0.03566573
1.52000000	-1.91327291	-1219.46799380	801.02284269	0.03581231
1.53000000	-1.91291404	-1227.47822341	801.02307802	0.03596135
1.54000000	-1.91255367	-1235.48845536	801.02331278	0.03611288
1.55000000	-1.91219178	-1243.49868966	801.02354702	0.03626692
1.56000000	-1.91182833	-1251.50892630	801.02378075	0.03642348
1.57000000	-1.91146330	-1259.51916527	801.02401400	0.03658257
1.58000000	-1.91109667	-1267.52940658	801.02424678	0.03674418
1.59000000	-1.91072841	-1275.53965021	801.02447912	0.03690829
1.60000000	-1.91035849	-1283.54989616	801.02471104	0.03707489
1.61000000	-1.90998690	-1291.56014443	801.02494256	0.03724393
1.62000000	-1.90961361	-1299.57039501	801.02517371	0.03741538
1.63000000	-1.90923859	-1307.58064790	801.02540449	0.03758920
1.64000000	-1.90886182	-1315.59090310	801.02563493	0.03776534
1.65000000	-1.90848327	-1323.60116060	801.02586505	0.03794373
1.66000000	-1.90810293	-1331.61142040	801.02609486	0.03812432
1.67000000	-1.90772078	-1339.62168249	801.02632438	0.03830702
1.68000000	-1.90733679	-1347.63194688	801.02655363	0.03849178
1.69000000	-1.90695094	-1355.64221357	801.02678262	0.03867850
1.70000000	-1.90656321	-1363.65248254	801.02701137	0.03886710
1.71000000	-1.90617359	-1371.66275379	801.02723989	0.03905750
1.72000000	-1.90578205	-1379.67302733	801.02746819	0.03924959
1.73000000	-1.90538859	-1387.68330316	801.02769628	0.03944329
1.74000000	-1.90499318	-1395.69358126	801.02792418	0.03963849
1.75000000	-1.90459582	-1403.70386164	801.02815190	0.03983509
1.76000000	-1.90419648	-1411.71414430	801.02837944	0.04003298
1.77000000	-1.90379515	-1419.72442923	801.02860682	0.04023205
1.78000000	-1.90339183	-1427.73471643	801.02883404	0.04043219
1.79000000	-1.90298651	-1435.74500591	801.02906112	0.04063330
1.80000000	-1.90257916	-1443.75529765	801.02928805	0.04083524
1.81000000	-1.90216980	-1451.76559167	801.02951485	0.04103791
1.82000000	-1.90175840	-1459.77588795	801.02974151	0.04124119
1.83000000	-1.90134497	-1467.78618650	801.02996805	0.04144496
1.84000000	-1.90092950	-1475.79648731	801.03019446	0.04164909
1.85000000	-1.90051199	-1483.80679039	801.03042075	0.04185347
1.86000000	-1.90009243	-1491.81709573	801.03064693	0.04205798
1.87000000	-1.89967083	-1499.82740332	801.03087299	0.04226249
1.88000000	-1.89924718	-1507.83771318	801.03109894	0.04246688
1.89000000	-1.89882149	-1515.84802530	801.03132477	0.04267104
1.90000000	-1.89839376	-1523.85833968	801.03155048	0.04287483
1.91000000	-1.89796400	-1531.86865631	801.03177608	0.04307815
1.92000000	-1.89753220	-1539.87897520	801.03200156	0.04328087
1.93000000	-1.89709838	-1547.88929634	801.03222692	0.04348286
1.94000000	-1.89666255	-1555.89961974	801.03245216	0.04368402
1.95000000	-1.89622471	-1563.90994539	801.03267727	0.04388423
1.96000000	-1.89578487	-1571.92027328	801.03290225	0.04408337
1.97000000	-1.89534304	-1579.93060343	801.03312710	0.04428132
1.98000000	-1.89489925	-1587.94093583	801.03335181	0.04447798
1.99000000	-1.89445349	-1595.95127047	801.03357637	0.04467323
2.00000000	-1.89400579	-1603.96160735	801.03380078	0.04486696
2.01000000	-1.89355615	-1611.97194648	801.03402504	0.04505907
2.02000000	-1.89310461	-1619.98228785	801.03424913	0.04524944
2.03000000	-1.89265117	-1627.99263146	801.03447305	0.04543799
2.04000000	-1.89219586	-1636.00297731	801.03469679	0.04562460
2.05000000	-1.89173869	-1644.01332540	801.03492035	0.04580917
2.06000000	-1.89127968	-1652.02367572	801.03514371	0.04599162
2.07000000	-1.89081886	-1660.03402827	801.03536686	0.04617183
2.08000000	-1.89035625	-1668.04438306	801.03558981	0.04634973
2.09000000	-1.88989188	-1676.05474007	801.03581253	0.04652523
2.10000000	-1.88942576	-1684.06509931	801.03603502	0.04669823
2.11000000	-1.88895792	-1692.07546077	801.03625727	0.04686865
2.12000000	-1.88848839	-1700.08582445	801.03647927	0.04703641
2.13000000	-1.88801720	-1708.09619035	801.03670101	0.04720143
2.14000000	-1.88754437	-1716.10655847	801.03692248	0.04736364
2.15000000	-1.88706994	-1724.11692880	801.03714366	0.04752295
2.16000000	-1.88659392	-1732.12730134	801.03736455	0.04767931
2.17000000	-1.88611636	-1740.13767609	801.03758513	0.04783263
2.18000000	-1.88563728	-1748.14805304	801.03780540	0.04798286
2.19000000	-1.88515671	-1756.15843220	801.03802533	0.04812993
2.20000000	-1.88467469	-1764.16881355	801.03824493	0.04827379
2.21000000	-1.88419125	-1772.17919709	801.03846418	0.04841437
2.22000000	-1.88370642	-1780.18958283	801.03868307	0.04855162
2.23000000	-1.88322023	-1788.19997075	801.03890158	0.04868550
2.24000000	-1.88273272	-1796.21036086	801.03911971	0.04881594
2.25000000	-1.88224392	-1804.22075315	801.03933743	0.04894291
2.26000000	-1.88175387	-1812.23114761	801.03955475	0.04906636
2.27000000	-1.88126261	-1820.24154424	801.03977165	0.04918625
2.28000000	-1.88077016	-1828.25194304	801.03998811	0.04930255
2.29000000	-1.88027657	-1836.26234400	801.04020412	0.04941521
2.30000000	-1.87978187	-1844.27274712	801.04041968	0.04952421
2.31000000	-1.87928610	-1852.28315239	801.04063476	0.04962952
2.32000000	-1.87878929	-1860.29355981	801.04084936	0.04973111
2.33000000	-1.87829149	-1868.30396938	801.04106347	0.04982895
2.34000000	-1.87779272	-1876.31438108	801.04127708	0.04992303
2.35000000	-1.87729304	-1884.32479492	801.04149016	0.05001332
2.36000000	-1.87679247	-1892.33521088	801.04170272	0.05009981
2.37000000	-1.87629105	-1900.34562897	801.04191473	0.05018248
2.38000000	-1.87578883	-1908.35604918	801.04212620	0.05026133
2.39000000	-1.87528584	-1916.36647149	801.04233709	0.05033633
2.40000000	-1.87478212	-1924.37689592	801.04254742	0.05040749
2.41000000	-1.87427770	-1932.38732244	801.04275715	0.05047479
2.42000000	-1.87377263	-1940.39775106	801.04296629	0.05053824
2.43000000	-1.87326695	-1948.40818176	801.04317482	0.05059784
2.44000000	-1.87276069	-1956.41861455	801.04338273	0.05065358
2.45000000	-1.87225389	-1964.42904942	801.04359001	0.05070548
2.46000000	-1.87174659	-1972.43948635	801.04379665	0.05075352
2.47000000	-1.87123883	-1980.44992535	801.04400264	0.05079774
2.48000000	-1.87073065	-1988.46036640	801.04420796	0.05083812
2.49000000	-1.87022209	-1996.47080950	801.04441262	0.05087468
2.50000000	-1.86971317	-2004.48125465	801.04461659	0.05090745
2.51000000	-1.86920395	-2012.49170183	801.04481987	0.05093642
2.52000000	-1.86869446	-2020.50215105	801.04502246	0.05096162
2.53000000	-1.86818473	-2028.51260228	801.04522433	0.05098307
2.54000000	-1.86767481	-2036.52305553	801.04542548	0.05100079
2.55000000	-1.86716473	-2044.53351079	801.04562591	0.05101479
2.56000000	-1.86665452	-2052.54396805	801.04582559	0.05102510
2.57000000	-1.86614424	-2060.55442730	801.04602454	0.05103175
2.58000000	-1.86563390	-2068.56488853	801.04622273	0.05103475
2.59000000	-1.86512355	-2076.57535175	801.04642015	0.05103414
2.60000000	-1.86461323	-2084.58581693	801.04661681	0.05102995
2.61000000	-1.86410297	-2092.59628408	801.04681269	0.05102221
2.62000000	-1.86359280	-2100.60675319	801.04700778	0.05101094
2.63000000	-1.86308276	-2108.61722424	801.04720208	0.05099618
2.64000000	-1.86257288	-2116.62769722	801.04739558	0.05097795
2.65000000	-1.86206321	-2124.63817214	801.04758828	0.05095631
2.66000000	-1.86155377	-2132.64864899	801.04778016	0.05093127
2.67000000	-1.86104460	-2140.65912775	801.04797122	0.05090288
2.68000000	-1.86053572	-2148.66960841	801.04816145	0.05087117
2.69000000	-1.86002718	-2156.68009097	801.04835085	0.05083618
2.70000000	-1.85951901	-2164.69057542	801.04853941	0.05079795
2.71000000	-1.85901124	-2172.70106176	801.04872713	0.05075652
2.72000000	-1.85850389	-2180.71154996	801.04891400	0.05071192
2.73000000	-1.85799701	-2188.72204003	801.04910001	0.05066421
2.74000000	-1.85749062	-2196.73253196	801.04928516	0.05061341
2.75000000	-1.85698475	-2204.74302573	801.04946945	0.05055957
2.76000000	-1.85647944	-2212.75352135	801.04965287	0.05050274
2.77000000	-1.85597470	-2220.76401879	801.04983541	0.05044295
2.78000000	-1.85547059	-2228.77451805	801.05001707	0.05038026
2.79000000	-1.85496711	-2236.78501913	801.05019786	0.05031469
2.80000000	-1.85446430	-2244.79552201	801.05037775	0.05024631
2.81000000	-1.85396219	-2252.80602668	801.05055676	0.05017514
2.82000000	-1.85346081	-2260.81653314	801.05073487	0.05010124
2.83000000	-1.85296018	-2268.82704137	801.05091208	0.05002465
2.84000000	-1.85246032	-2276.83755138	801.05108840	0.04994542
2.85000000	-1.85196128	-2284.84806314	801.05126381	0.04986358
2.86000000	-1.85146306	-2292.85857665	801.05143832	0.04977920
2.87000000	-1.85096570	-2300.86909190	801.05161192	0.04969230
2.88000000	-1.85046922	-2308.87960889	801.05178461	0.04960295
2.89000000	-1.84997365	-2316.89012759	801.05195638	0.04951117
2.90000000	-1.84947901	-2324.90064801	801.05212724	0.04941703
2.91000000	-1.84898532	-2332.91117013	801.05229719	0.04932056
2.92000000	-1.84849260	-2340.92169395	801.05246621	0.04922181
2.93000000	-1.84800089	-2348.93221945	801.05263432	0.04912083
2.94000000	-1.84751019	-2356.94274663	801.05280151	0.04901766
2.95000000	-1.84702054	-2364.95327548	801.05296778	0.04891235
2.96000000	-1.84653195	-2372.96380599	801.05313312	0.04880495
2.97000000	-1.84604445	-2380.97433814	801.05329754	0.04869549
2.98000000	-1.84555805	-2388.98487193	801.05346103	0.04858402
2.99000000	-1.84507278	-2396.99540736	801.05362361	0.04847060
3.00000000	-1.84458865	-2405.00594440	801.05378525	0.04835525
3.01000000	-1.84410568	-2413.01648306	801.05394597	0.04823804
3.02000000	-1.84362389	-2421.02702332	801.05410577	0.04811900
3.03000000	-1.84314330	-2429.03756517	801.05426464	0.04799817
3.04000000	-1.84266393	-2437.04810861	801.05442259	0.04787560
3.05000000	-1.84218580	-2445.05865362	801.05457961	0.04775134
3.06000000	-1.84170891	-2453.06920020	801.05473571	0.04762543
3.07000000	-1.84123329	-2461.07974833	801.05489089	0.04749790
3.08000000	-1.84075896	-2469.09029801	801.05504515	0.04736881
3.09000000	-1.84028592	-2477.10084923	801.05519848	0.04723819
3.10000000	-1.83981420	-2485.11140198	801.05535090	0.04710609
3.11000000	-1.83934381	-2493.12195625	801.05550239	0.04697254
3.12000000	-1.83887475	-2501.13251202	801.05565297	0.04683760
3.13000000	-1.83840706	-2509.14306930	801.05580263	0.04670129
3.14000000	-1.83794073	-2517.15362807	801.05595138	0.04656366
3.15000000	-1.83747579	-2525.16418833	801.05609922	0.04642476
3.16000000	-1.83701224	-2533.17475006	801.05624614	0.04628461
3.17000000	-1.83655010	-2541.18531325	801.05639216	0.04614326
3.18000000	-1.83608938	-2549.19587790	801.05653727	0.04600074
3.19000000	-1.83563009	-2557.20644399	801.05668147	0.04585710
3.20000000	-1.83517224	-2565.21701152	801.05682478	0.04571238
3.21000000	-1.83471585	-2573.22758048	801.05696718	0.04556660
3.22000000	-1.83426091	-2581.23815086	801.05710868	0.04541981
3.23000000	-1.83380745	-2589.24872265	801.05724929	0.04527204
3.24000000	-1.83335548	-2597.25929585	801.05738900	0.04512333
3.25000000	-1.83290499	-2605.26987043	801.05752783	0.04497371
3.26000000	-1.83245600	-2613.28044640	801.05766577	0.04482323
3.27000000	-1.83200853	-2621.29102374	801.05780282	0.04467190
3.28000000	-1.83156257	-2629.30160245	801.05793899	0.04451977
3.29000000	-1.83111814	-2637.31218252	801.05807428	0.04436688
3.30000000	-1.83067523	-2645.32276394	801.05820870	0.04421324
3.31000000	-1.83023387	-2653.33334669	801.05834224	0.04405890
3.32000000	-1.82979406	-2661.34393078	801.05847492	0.04390389
3.33000000	-1.82935580	-2669.35451619	801.05860672	0.04374824
3.34000000	-1.82891910	-2677.36510291	801.05873767	0.04359198
3.35000000	-1.82848396	-2685.37569094	801.05886775	0.04343514
3.36000000	-1.82805039	-2693.38628026	801.05899698	0.04327775
3.37000000	-1.82761841	-2701.39687087	801.05912536	0.04311984
3.38000000	-1.82718800	-2709.40746277	801.05925289	0.04296144
3.39000000	-1.82675918	-2717.41805593	801.05937957	0.04280257
3.40000000	-1.82633195	-2725.42865035	801.05950541	0.04264327
3.41000000	-1.82590631	-2733.43924603	801.05963042	0.04248357
3.42000000	-1.82548228	-2741.44984296	801.05975459	0.04232348
3.43000000	-1.82505985	-2749.46044112	801.05987792	0.04216305
3.44000000	-1.82463902	-2757.47104052	801.06000044	0.04200228
3.45000000	-1.82421980	-2765.48164113	801.06012212	0.04184122
3.46000000	-1.82380220	-2773.49224296	801.06024299	0.04167987
3.47000000	-1.82338620	-2781.50284599	801.06036305	0.04151828
3.48000000	-1.82297183	-2789.51345021	801.06048229	0.04135646
3.49000000	-1.82255908	-2797.52405563	801.06060073	0.04119443
3.50000000	-1.82214794	-2805.53466223	801.06071837	0.04103223
3.51000000	-1.82173843	-2813.54526999	801.06083520	0.04086986
3.52000000	-1.82133055	-2821.55587893	801.06095124	0.04070737
3.53000000	-1.82092429	-2829.56648902	801.06106650	0.04054476
3.54000000	-1.82051965	-2837.57710025	801.06118096	0.04038205
3.55000000	-1.82011664	-2845.58771263	801.06129464	0.04021928
3.56000000	-1.81971527	-2853.59832614	801.06140755	0.04005646
3.57000000	-1.81931552	-2861.60894078	801.06151968	0.03989360
3.58000000	-1.81891739	-2869.61955654	801.06163105	0.03973074
3.59000000	-1.81852090	-2877.63017340	801.06174164	0.03956789
3.60000000	-1.81812604	-2885.64079137	801.06185148	0.03940506
3.61000000	-1.81773280	-2893.65141043	801.06196056	0.03924228
3.62000000	-1.81734119	-2901.66203057	801.06206889	0.03907957
3.63000000	-1.81695121	-2909.67265180	801.06217647	0.03891694
3.64000000	-1.81656285	-2917.68327410	801.06228331	0.03875441
3.65000000	-1.81617612	-2925.69389747	801.06238941	0.03859199
3.66000000	-1.81579101	-2933.70452189	801.06249478	0.03842971
3.67000000	-1.81540752	-2941.71514736	801.06259941	0.03826758
3.68000000	-1.81502566	-2949.72577387	801.06270332	0.03810561
3.69000000	-1.81464541	-2957.73640142	801.06280651	0.03794382
3.70000000	-1.81426678	-2965.74703000	801.06290898	0.03778223
3.71000000	-1.81388977	-2973.75765960	801.06301074	0.03762085
3.72000000	-1.81351436	-2981.76829021	801.06311179	0.03745969
3.73000000	-1.81314057	-2989.77892183	801.06321213	0.03729877
3.74000000	-1.81276839	-2997.78955445	801.06331178	0.03713810
3.75000000	-1.81239781	-3005.80018807	801.06341074	0.03697769
3.76000000	-1.81202883	-3013.81082267	801.06350900	0.03681757
3.77000000	-1.81166146	-3021.82145824	801.06360658	0.03665773
3.78000000	-1.81129568	-3029.83209480	801.06370347	0.03649820
3.79000000	-1.81093149	-3037.84273231	801.06379969	0.03633898
3.80000000	-1.81056890	-3045.85337079	801.06389523	0.03618008
3.81000000	-1.81020789	-3053.86401021	801.06399011	0.03602152
3.82000000	-1.80984847	-3061.87465059	801.06408433	0.03586331
3.83000000	-1.80949062	-3069.88529190	801.06417788	0.03570546
3.84000000	-1.80913435	-3077.89593414	801.06427078	0.03554798
3.85000000	-1.80877966	-3085.90657731	801.06436303	0.03539088
3.86000000	-1.80842654	-3093.91722140	801.06445463	0.03523416
3.87000000	-1.80807498	-3101.92786640	801.06454559	0.03507784
3.88000000	-1.80772498	-3109.93851231	801.06463591	0.03492193
3.89000000	-1.80737654	-3117.94915912	801.06472560	0.03476644
3.90000000	-1.80702965	-3125.95980682	801.06481466	0.03461137
3.91000000	-1.80668431	-3133.97045541	801.06490310	0.03445673
3.92000000	-1.80634051	-3141.98110488	801.06499091	0.03430254
3.93000000	-1.80599826	-3149.99175523	801.06507811	0.03414879
3.94000000	-1.80565753	-3158.00240644	801.06516470	0.03399550
3.95000000	-1.80531834	-3166.01305852	801.06525068	0.03384267
3.96000000	-1.80498068	-3174.02371145	801.06533605	0.03369031
3.97000000	-1.80464454	-3182.03436524	801.06542083	0.03353844
3.98000000	-1.80430991	-3190.04501987	801.06550501	0.03338704
3.99000000	-1.80397679	-3198.05567533	801.06558861	0.03323614
4.00000000	-1.80364518	-3206.06633164	801.06567161	0.03308573
4.01000000	-1.80331508	-3214.07698877	801.06575404	0.03293582
4.02000000	-1.80298647	-3222.08764672	801.06583588	0.03278643
4.03000000	-1.80265935	-3230.09830548	801.06591715	0.03263755
4.04000000	-1.80233371	-3238.10896506	801.06599786	0.03248918
4.05000000	-1.80200956	-3246.11962544	801.06607799	0.03234134
4.06000000	-1.80168688	-3254.13028661	801.06615757	0.03219403
4.07000000	-1.80136568	-3262.14094859	801.06623659	0.03204726
4.08000000	-1.80104594	-3270.15161134	801.06631505	0.03190102
4.09000000	-1.80072766	-3278.16227489	801.06639297	0.03175532
4.10000000	-1.80041083	-3286.17293920	801.06647033	0.03161017
4.11000000	-1.80009545	-3294.18360429	801.06654716	0.03146558
4.12000000	-1.79978152	-3302.19427014	801.06662345	0.03132153
4.13000000	-1.79946902	-3310.20493676	801.06669921	0.03117805
4.14000000	-1.79915795	-3318.21560413	801.06677444	0.03103512
4.15000000	-1.79884831	-3326.22627224	801.06684914	0.03089276
4.16000000	-1.79854010	-3334.23694111	801.06692332	0.03075097
4.17000000	-1.79823329	-3342.24761071	801.06699698	0.03060975
4.18000000	-1.79792790	-3350.25828104	801.06707013	0.03046911
4.19000000	-1.79762391	-3358.26895211	801.06714277	0.03032904
4.20000000	-1.79732132	-3366.27962390	801.06721490	0.03018954
4.21000000	-1.79702012	-3374.29029641	801.06728653	0.03005063
4.22000000	-1.79672030	-3382.30096963	801.06735766	0.02991230
4.23000000	-1.79642187	-3390.31164356	801.06742830	0.02977456
4.24000000	-1.79612481	-3398.32231819	801.06749844	0.02963741
4.25000000	-1.79582912	-3406.33299352	801.06756810	0.02950084
4.26000000	-1.79553479	-3414.34366955	801.06763727	0.02936486
4.27000000	-1.79524182	-3422.35434627	801.06770596	0.02922948
4.28000000	-1.79495020	-3430.36502367	801.06777418	0.02909469
4.29000000	-1.79465992	-3438.37570175	801.06784192	0.02896049
4.30000000	-1.79437099	-3446.38638051	801.06790919	0.02882690
4.31000000	-1.79408338	-3454.39705993	801.06797600	0.02869389
4.32000000	-1.79379711	-3462.40774002	801.06804234	0.02856149
4.33000000	-1.79351215	-3470.41842078	801.06810823	0.02842968
4.34000000	-1.79322851	-3478.42910219	801.06817366	0.02829848
4.35000000	-1.79294618	-3486.43978425	801.06823864	0.02816787
4.36000000	-1.79266515	-3494.45046696	801.06830317	0.02803787
4.37000000	-1.79238542	-3502.46115031	801.06836725	0.02790847
4.38000000	-1.79210698	-3510.47183430	801.06843090	0.02777966
4.39000000	-1.79182983	-3518.48251893	801.06849410	0.02765146
4.40000000	-1.79155395	-3526.49320418	801.06855687	0.02752386
4.41000000	-1.79127935	-3534.50389006	801.06861921	0.02739687
4.42000000	-1.79100601	-3542.51457657	801.06868112	0.02727047
4.43000000	-1.79073393	-3550.52526369	801.06874261	0.02714468
4.44000000	-1.79046311	-3558.53595142	801.06880367	0.02701949
4.45000000	-1.79019354	-3566.54663976	801.06886432	0.02689490
4.46000000	-1.78992521	-3574.55732870	801.06892455	0.02677091
4.47000000	-1.78965812	-3582.56801825	801.06898437	0.02664752
4.48000000	-1.78939226	-3590.57870839	801.06904378	0.02652474
4.49000000	-1.78912763	-3598.58939912	801.06910278	0.02640255
4.50000000	-1.78886421	-3606.60009044	801.06916139	0.02628096
4.51000000	-1.78860200	-3614.61078235	801.06921959	0.02615997
4.52000000	-1.78834101	-3622.62147483	801.06927739	0.02603957
4.53000000	-1.78808121	-3630.63216789	801.06933481	0.02591977
4.54000000	-1.78782261	-3638.64286153	801.06939183	0.02580057
4.55000000	-1.78756520	-3646.65355573	801.06944847	0.02568196
4.56000000	-1.78730897	-3654.66425050	801.06950472	0.02556395
4.57000000	-1.78705392	-3662.67494582	801.06956059	0.02544653
4.58000000	-1.78680004	-3670.68564171	801.06961609	0.02532970
4.59000000	-1.78654732	-3678.69633814	801.06967120	0.02521345
4.60000000	-1.78629577	-3686.70703513	801.06972595	0.02509780
4.61000000	-1.78604536	-3694.71773266	801.06978032	0.02498274
4.62000000	-1.78579611	-3702.72843073	801.06983433	0.02486826
4.63000000	-1.78554800	-3710.73912935	801.06988798	0.02475437
4.64000000	-1.78530102	-3718.74982849	801.06994127	0.02464106
4.65000000	-1.78505517	-3726.76052817	801.06999419	0.02452833
4.66000000	-1.78481045	-3734.77122838	801.07004676	0.02441618
4.67000000	-1.78456685	-3742.78192910	801.07009898	0.02430461
4.68000000	-1.78432436	-3750.79263035	801.07015085	0.02419362
4.69000000	-1.78408297	-3758.80333212	801.07020238	0.02408321
4.70000000	-1.78384269	-3766.81403440	801.07025356	0.02397337
4.71000000	-1.78360350	-3774.82473719	801.07030439	0.02386410
4.72000000	-1.78336541	-3782.83544049	801.07035489	0.02375540
4.73000000	-1.78312839	-3790.84614429	801.07040505	0.02364727
4.74000000	-1.78289246	-3798.85684859	801.07045488	0.02353970
4.75000000	-1.78265760	-3806.86755338	801.07050438	0.02343270
4.76000000	-1.78242380	-3814.87825867	801.07055354	0.02332627
4.77000000	-1.78219107	-3822.88896445	801.07060239	0.02322039
4.78000000	-1.78195939	-3830.89967072	801.07065091	0.02311507
4.79000000	-1.78172877	-3838.91037747	801.07069910	0.02301032
4.80000000	-1.78149919	-3846.92108470	801.07074698	0.02290611
4.81000000	-1.78127064	-3854.93179241	801.07079455	0.02280246
4.82000000	-1.78104313	-3862.94250059	801.07084180	0.02269936
4.83000000	-1.78081665	-3870.95320924	801.07088873	0.02259681
4.84000000	-1.78059120	-3878.96391836	801.07093537	0.02249481
4.85000000	-1.78036676	-3886.97462795	801.07098169	0.02239335
4.86000000	-1.78014333	-3894.98533800	801.07102771	0.02229244
4.87000000	-1.77992091	-3902.99604850	801.07107343	0.02219206
4.88000000	-1.77969948	-3911.00675946	801.07111885	0.02209223
4.89000000	-1.77947906	-3919.01747088	801.07116397	0.02199293
4.90000000	-1.77925962	-3927.02818274	801.07120880	0.02189416
4.91000000	-1.77904117	-3935.03889505	801.07125334	0.02179593
4.92000000	-1.77882370	-3943.04960781	801.07129758	0.02169822
4.93000000	-1.77860721	-3951.06032100	801.07134154	0.02160104
4.94000000	-1.77839168	-3959.07103464	801.07138521	0.02150439
4.95000000	-1.77817712	-3967.08174871	801.07142860	0.02140826
4.96000000	-1.77796351	-3975.09246321	801.07147171	0.02131265
4.97000000	-1.77775086	-3983.10317814	801.07151454	0.02121756
4.98000000	-1.77753916	-3991.11389350	801.07155710	0.02112299
4.99000000	-1.77732840	-3999.12460928	801.07159937	0.02102892
5.00000000	-1.77711858	-4007.13532549	801.07164138	0.02093537
5.01000000	-1.77690969	-4015.14604211	801.07168312	0.02084233
5.02000000	-1.77670173	-4023.15675915	801.07172458	0.02074980
5.03000000	-1.77649470	-4031.16747660	801.07176579	0.02065777
5.04000000	-1.77628858	-4039.17819446	801.07180672	0.02056624
5.05000000	-1.77608337	-4047.18891273	801.07184740	0.02047521
5.06000000	-1.77587907	-4055.19963141	801.07188781	0.02038468
5.07000000	-1.77567567	-4063.21035049	801.07192797	0.02029464
5.08000000	-1.77547318	-4071.22106997	801.07196787	0.02020510
5.09000000	-1.77527157	-4079.23178985	801.07200752	0.02011604
5.10000000	-1.77507085	-4087.24251012	801.07204691	0.02002747
5.11000000	-1.77487102	-4095.25323078	801.07208606	0.01993939
5.12000000	-1.77467206	-4103.26395184	801.07212496	0.01985179
5.13000000	-1.77447398	-4111.27467328	801.07216361	0.01976467
5.14000000	-1.77427677	-4119.28539511	801.07220201	0.01967803
5.15000000	-1.77408042	-4127.29611732	801.07224018	0.01959186
5.16000000	-1.77388493	-4135.30683991	801.07227810	0.01950617
5.17000000	-1.77369029	-4143.31756288	801.07231578	0.01942095
5.18000000	-1.77349651	-4151.32828623	801.07235323	0.01933619
5.19000000	-1.77330357	-4159.33900995	801.07239044	0.01925191
5.20000000	-1.77311147	-4167.34973404	801.07242742	0.01916808
5.21000000	-1.77292021	-4175.36045849	801.07246416	0.01908472
5.22000000	-1.77272977	-4183.37118332	801.07250068	0.01900181
5.23000000	-1.77254017	-4191.38190851	801.07253697	0.01891937
5.24000000	-1.77235138	-4199.39263406	801.07257303	0.01883737
5.25000000	-1.77216342	-4207.40335997	801.07260887	0.01875583
5.26000000	-1.77197627	-4215.41408623	801.07264448	0.01867473
5.27000000	-1.77178992	-4223.42481285	801.07267987	0.01859409
5.28000000	-1.77160438	-4231.43553983	801.07271505	0.01851388
5.29000000	-1.77141964	-4239.44626715	801.07275000	0.01843412
5.30000000	-1.77123570	-4247.45699483	801.07278474	0.01835480
5.31000000	-1.77105255	-4255.46772285	801.07281927	0.01827592
5.32000000	-1.77087018	-4263.47845121	801.07285358	0.01819747
5.33000000	-1.77068860	-4271.48917992	801.07288768	0.01811945
5.34000000	-1.77050779	-4279.49990897	801.07292157	0.01804186
5.35000000	-1.77032776	-4287.51063835	801.07295525	0.01796470
5.36000000	-1.77014849	-4295.52136807	801.07298873	0.01788797
5.37000000	-1.76997000	-4303.53209812	801.07302200	0.01781166
5.38000000	-1.76979226	-4311.54282851	801.07305507	0.01773577
5.39000000	-1.76961528	-4319.55355923	801.07308793	0.01766029
5.40000000	-1.76943905	-4327.56429027	801.07312060	0.01758524
5.41000000	-1.76926357	-4335.57502164	801.07315306	0.01751059
5.42000000	-1.76908884	-4343.58575333	801.07318533	0.01743636
5.43000000	-1.76891484	-4351.59648534	801.07321740	0.01736254
5.44000000	-1.76874159	-4359.60721768	801.07324928	0.01728912
5.45000000	-1.76856906	-4367.61795033	801.07328097	0.01721611
5.46000000	-1.76839726	-4375.62868329	801.07331246	0.01714350
5.47000000	-1.76822619	-4383.63941658	801.07334376	0.01707129
5.48000000	-1.76805584	-4391.65015017	801.07337488	0.01699948
5.49000000	-1.76788620	-4399.66088407	801.07340581	0.01692806
5.50000000	-1.76771727	-4407.67161828	801.07343655	0.01685703
5.51000000	-1.76754906	-4415.68235280	801.07346710	0.01678640
5.52000000	-1.76738154	-4423.69308763	801.07349748	0.01671615
5.53000000	-1.76721473	-4431.70382275	801.07352767	0.01664629
5.54000000	-1.76704862	-4439.71455818	801.07355768	0.01657682
5.55000000	-1.76688319	-4447.72529391	801.07358752	0.01650772
5.56000000	-1.76671846	-4455.73602993	801.07361717	0.01643901
5.57000000	-1.76655441	-4463.74676625	801.07364665	0.01637067
5.58000000	-1.76639105	-4471.75750286	801.07367595	0.01630271
5.59000000	-1.76622836	-4479.76823977	801.07370508	0.01623512
5.60000000	-1.76606634	-4487.77897696	801.07373404	0.01616790
5.61000000	-1.76590500	-4495.78971445	801.07376282	0.01610105
5.62000000	-1.76574432	-4503.80045222	801.07379144	0.01603457
5.63000000	-1.76558431	-4511.81119027	801.07381989	0.01596845
5.64000000	-1.76542495	-4519.82192862	801.07384817	0.01590269
5.65000000	-1.76526625	-4527.83266724	801.07387628	0.01583729
5.66000000	-1.76510820	-4535.84340614	801.07390423	0.01577225
5.67000000	-1.76495081	-4543.85414532	801.07393201	0.01570757
5.68000000	-1.76479405	-4551.86488478	801.07395964	0.01564324
5.69000000	-1.76463794	-4559.87562451	801.07398710	0.01557926
5.70000000	-1.76448246	-4567.88636452	801.07401440	0.01551563
5.71000000	-1.76432763	-4575.89710480	801.07404154	0.01545235
5.72000000	-1.76417342	-4583.90784535	801.07406852	0.01538941
5.73000000	-1.76401984	-4591.91858617	801.07409535	0.01532682
5.74000000	-1.76386688	-4599.92932726	801.07412202	0.01526456
5.75000000	-1.76371454	-4607.94006861	801.07414853	0.01520265
5.76000000	-1.76356283	-4615.95081023	801.07417490	0.01514107
5.77000000	-1.76341172	-4623.96155211	801.07420111	0.01507983
5.78000000	-1.76326123	-4631.97229425	801.07422717	0.01501892
5.79000000	-1.76311134	-4639.98303665	801.07425308	0.01495834
5.80000000	-1.76296206	-4647.99377931	801.07427884	0.01489809
5.81000000	-1.76281338	-4656.00452223	801.07430445	0.01483817
5.82000000	-1.76266530	-4664.01526540	801.07432991	0.01477858
5.83000000	-1.76251781	-4672.02600883	801.07435523	0.01471930
5.84000000	-1.76237091	-4680.03675250	801.07438041	0.01466035
5.85000000	-1.76222460	-4688.04749643	801.07440544	0.01460172
5.86000000	-1.76207887	-4696.05824061	801.07443033	0.01454340
5.87000000	-1.76193373	-4704.06898504	801.07445508	0.01448540
5.88000000	-1.76178916	-4712.07972971	801.07447969	0.01442771
5.89000000	-1.76164517	-4720.09047463	801.07450415	0.01437034
5.90000000	-1.76150176	-4728.10121980	801.07452848	0.01431327
5.91000000	-1.76135891	-4736.11196520	801.07455267	0.01425651
5.92000000	-1.76121662	-4744.12271085	801.07457673	0.01420006
5.93000000	-1.76107491	-4752.13345674	801.07460065	0.01414391
5.94000000	-1.76093375	-4760.14420286	801.07462443	0.01408806
5.95000000	-1.76079314	-4768.15494922	801.07464808	0.01403252
5.96000000	-1.76065309	-4776.16569582	801.07467160	0.01397727
5.97000000	-1.76051360	-4784.17644266	801.07469498	0.01392232
5.98000000	-1.76037465	-4792.18718972	801.07471824	0.01386766
5.99000000	-1.76023624	-4800.19793702	801.07474137	0.01381330
6.00000000	-1.76009838	-4808.20868455	801.07476436	0.01375923
6.01000000	-1.75996106	-4816.21943231	801.07478723	0.01370545
6.02000000	-1.75982427	-4824.23018029	801.07480997	0.01365195
6.03000000	-1.75968802	-4832.24092851	801.07483259	0.01359875
6.04000000	-1.75955229	-4840.25167694	801.07485507	0.01354582
6.05000000	-1.75941710	-4848.26242561	801.07487744	0.01349318
6.06000000	-1.75928243	-4856.27317449	801.07489968	0.01344082
6.07000000	-1.75914828	-4864.28392360	801.07492180	0.01338874
6.08000000	-1.75901465	-4872.29467293	801.07494380	0.01333693
6.09000000	-1.75888154	-4880.30542248	801.07496567	0.01328540
6.10000000	-1.75874894	-4888.31617224	801.07498743	0.01323415
6.11000000	-1.75861686	-4896.32692222	801.07500906	0.01318317
6.12000000	-1.75848528	-4904.33767242	801.07503058	0.01313246
6.13000000	-1.75835421	-4912.34842283	801.07505198	0.01308201
6.14000000	-1.75822364	-4920.35917346	801.07507326	0.01303184
6.15000000	-1.75809357	-4928.36992430	801.07509443	0.01298193
6.16000000	-1.75796400	-4936.38067535	801.07511548	0.01293228
6.17000000	-1.75783492	-4944.39142661	801.07513642	0.01288290
6.18000000	-1.75770634	-4952.40217808	801.07515724	0.01283377
6.19000000	-1.75757825	-4960.41292975	801.07517795	0.01278491
6.20000000	-1.75745064	-4968.42368164	801.07519855	0.01273630
6.21000000	-1.75732352	-4976.43443372	801.07521903	0.01268795
6.22000000	-1.75719688	-4984.44518602	801.07523941	0.01263986
6.23000000	-1.75707072	-4992.45593851	801.07525968	0.01259201
6.24000000	-1.75694504	-5000.46669121	801.07527983	0.01254442
6.25000000	-1.75681983	-5008.47744411	801.07529988	0.01249708
6.26000000	-1.75669510	-5016.48819721	801.07531983	0.01244999
6.27000000	-1.75657083	-5024.49895050	801.07533966	0.01240314
6.28000000	-1.75644703	-5032.50970400	801.07535939	0.01235654
6.29000000	-1.75632370	-5040.52045769	801.07537901	0.01231018
6.30000000	-1.75620083	-5048.53121158	801.07539853	0.01226406
6.31000000	-1.75607842	-5056.54196566	801.07541795	0.01221819
6.32000000	-1.75595647	-5064.55271994	801.07543726	0.01217255
6.33000000	-1.75583497	-5072.56347441	801.07545647	0.01212716
6.34000000	-1.75571392	-5080.57422907	801.07547557	0.01208199
6.35000000	-1.75559333	-5088.58498392	801.07549458	0.01203707
6.36000000	-1.75547318	-5096.59573896	801.07551349	0.01199237
6.37000000	-1.75535348	-5104.60649419	801.07553229	0.01194791
6.38000000	-1.75523422	-5112.61724960	801.07555100	0.01190368
6.39000000	-1.75511540	-5120.62800521	801.07556961	0.01185968
6.40000000	-1.75499703	-5128.63876100	801.07558812	0.01181590
6.41000000	-1.75487909	-5136.64951697	801.07560653	0.01177236
6.42000000	-1.75476158	-5144.66027313	801.07562485	0.01172903
6.43000000	-1.75464450	-5152.67102947	801.07564307	0.01168593
6.44000000	-1.75452786	-5160.68178599	801.07566120	0.01164306
6.45000000	-1.75441164	-5168.69254269	801.07567923	0.01160040
6.46000000	-1.75429585	-5176.70329957	801.07569717	0.01155796
6.47000000	-1.75418048	-5184.71405663	801.07571502	0.01151574
6.48000000	-1.75406553	-5192.72481387	801.07573277	0.01147374
6.49000000	-1.75395101	-5200.73557129	801.07575043	0.01143196
6.50000000	-1.75383690	-5208.74632888	801.07576800	0.01139038
6.51000000	-1.75372320	-5216.75708665	801.07578548	0.01134902
6.52000000	-1.75360991	-5224.76784459	801.07580286	0.01130788
6.53000000	-1.75349704	-5232.77860270	801.07582016	0.01126694
6.54000000	-1.75338457	-5240.78936099	801.07583737	0.01122621
6.55000000	-1.75327252	-5248.80011945	801.07585449	0.01118569
6.56000000	-1.75316086	-5256.81087808	801.07587153	0.01114537
6.57000000	-1.75304961	-5264.82163688	801.07588847	0.01110526
6.58000000	-1.75293875	-5272.83239585	801.07590533	0.01106536
6.59000000	-1.75282830	-5280.84315499	801.07592211	0.01102565
6.60000000	-1.75271824	-5288.85391429	801.07593880	0.01098615
6.61000000	-1.75260858	-5296.86467376	801.07595540	0.01094685
6.62000000	-1.75249930	-5304.87543340	801.07597192	0.01090775
6.63000000	-1.75239042	-5312.88619320	801.07598835	0.01086884
6.64000000	-1.75228193	-5320.89695317	801.07600471	0.01083014
6.65000000	-1.75217382	-5328.90771330	801.07602097	0.01079162
6.66000000	-1.75206609	-5336.91847359	801.07603716	0.01075330
6.67000000	-1.75195875	-5344.92923404	801.07605327	0.01071518
6.68000000	-1.75185179	-5352.93999465	801.07606929	0.01067724
6.69000000	-1.75174520	-5360.95075542	801.07608523	0.01063950
6.70000000	-1.75163900	-5368.96151636	801.07610110	0.01060195
6.71000000	-1.75153316	-5376.97227745	801.07611688	0.01056458
6.72000000	-1.75142770	-5384.98303869	801.07613259	0.01052740
6.73000000	-1.75132262	-5392.99380010	801.07614821	0.01049041
6.74000000	-1.75121790	-5401.00456166	801.07616376	0.01045360
6.75000000	-1.75111354	-5409.01532337	801.07617923	0.01041698
6.76000000	-1.75100956	-5417.02608524	801.07619463	0.01038054
6.77000000	-1.75090593	-5425.03684726	801.07620995	0.01034428
6.78000000	-1.75080267	-5433.04760944	801.07622519	0.01030820
6.79000000	-1.75069977	-5441.05837177	801.07624035	0.01027230
6.80000000	-1.75059722	-5449.06913425	801.07625544	0.01023658
6.81000000	-1.75049504	-5457.07989688	801.07627046	0.01020104
6.82000000	-1.75039320	-5465.09065966	801.07628540	0.01016567
6.83000000	-1.75029172	-5473.10142258	801.07630027	0.01013048
6.84000000	-1.75019059	-5481.11218566	801.07631507	0.01009546
6.85000000	-1.75008981	-5489.12294889	801.07632979	0.01006061
6.86000000	-1.74998938	-5497.13371226	801.07634444	0.01002594
6.87000000	-1.74988929	-5505.14447577	801.07635902	0.00999144
6.88000000	-1.74978955	-5513.15523944	801.07637353	0.00995710
6.89000000	-1.74969015	-5521.16600324	801.07638797	0.00992294
6.90000000	-1.74959109	-5529.17676720	801.07640233	0.00988894
6.91000000	-1.74949237	-5537.18753129	801.07641663	0.00985511
6.92000000	-1.74939399	-5545.19829553	801.07643086	0.00982145
6.93000000	-1.74929594	-5553.20905991	801.07644502	0.00978795
6.94000000	-1.74919823	-5561.21982443	801.07645911	0.00975462
6.95000000	-1.74910085	-5569.23058909	801.07647313	0.00972145
6.96000000	-1.74900380	-5577.24135389	801.07648708	0.00968844
6.97000000	-1.74890708	-5585.25211883	801.07650097	0.00965559
6.98000000	-1.74881069	-5593.26288391	801.07651479	0.00962290
6.99000000	-1.74871462	-5601.27364913	801.07652854	0.00959037
7.00000000	-1.74861888	-5609.28441448	801.07654223	0.00955800
7.01000000	-1.74852346	-5617.29517997	801.07655585	0.00952578
7.02000000	-1.74842836	-5625.30594560	801.07656941	0.00949372
7.03000000	-1.74833358	-5633.31671136	801.07658290	0.00946182
7.04000000	-1.74823913	-5641.32747726	801.07659633	0.00943007
7.05000000	-1.74814498	-5649.33824329	801.07660969	0.00939847
7.06000000	-1.74805116	-5657.34900945	801.07662299	0.00936703
7.07000000	-1.74795764	-5665.35977574	801.07663622	0.00933574
7.08000000	-1.74786444	-5673.37054217	801.07664940	0.00930460
7.09000000	-1.74777155	-5681.38130873	801.07666251	0.00927361
7.10000000	-1.74767897	-5689.39207542	801.07667556	0.00924276
7.11000000	-1.74758669	-5697.40284224	801.07668854	0.00921207
7.12000000	-1.74749473	-5705.41360919	801.07670147	0.00918152
7.13000000	-1.74740306	-5713.42437627	801.07671434	0.00915112
7.14000000	-1.74731170	-5721.43514348	801.07672714	0.00912087
7.15000000	-1.74722064	-5729.44591082	801.07673988	0.00909075
7.16000000	-1.74712989	-5737.45667828	801.07675257	0.00906079
7.17000000	-1.74703943	-5745.46744587	801.07676519	0.00903096
7.18000000	-1.74694927	-5753.47821358	801.07677776	0.00900128
7.19000000	-1.74685940	-5761.48898142	801.07679027	0.00897174
7.20000000	-1.74676983	-5769.49974939	801.07680272	0.00894234
7.21000000	-1.74668055	-5777.51051748	801.07681511	0.00891308
7.22000000	-1.74659157	-5785.52128569	801.07682744	0.00888395
7.23000000	-1.74650288	-5793.53205402	801.07683972	0.00885497
7.24000000	-1.74641447	-5801.54282248	801.07685194	0.00882612
7.25000000	-1.74632635	-5809.55359106	801.07686410	0.00879741
7.26000000	-1.74623852	-5817.56435976	801.07687620	0.00876883
7.27000000	-1.74615098	-5825.57512859	801.07688825	0.00874039
7.28000000	-1.74606371	-5833.58589753	801.07690025	0.00871209
7.29000000	-1.74597673	-5841.59666659	801.07691219	0.00868391
7.30000000	-1.74589003	-5849.60743577	801.07692407	0.00865587
7.31000000	-1.74580362	-5857.61820507	801.07693590	0.00862796
7.32000000	-1.74571747	-5865.62897449	801.07694768	0.00860018
7.33000000	-1.74563161	-5873.63974403	801.07695940	0.00857253
7.34000000	-1.74554602	-5881.65051368	801.07697107	0.00854501
7.35000000	-1.74546071	-5889.66128345	801.07698269	0.00851762
7.36000000	-1.74537567	-5897.67205333	801.07699425	0.00849035
7.37000000	-1.74529090	-5905.68282333	801.07700576	0.00846321
7.38000000	-1.74520641	-5913.69359345	801.07701721	0.00843620
7.39000000	-1.74512218	-5921.70436368	801.07702862	0.00840932
7.40000000	-1.74503822	-5929.71513402	801.07703997	0.00838256
7.41000000	-1.74495453	-5937.72590448	801.07705128	0.00835592
7.42000000	-1.74487110	-5945.73667504	801.07706253	0.00832941
7.43000000	-1.74478794	-5953.74744573	801.07707373	0.00830302
7.44000000	-1.74470504	-5961.75821652	801.07708488	0.00827675
7.45000000	-1.74462240	-5969.76898742	801.07709598	0.00825060
7.46000000	-1.74454003	-5977.77975844	801.07710703	0.00822457
7.47000000	-1.74445791	-5985.79052956	801.07711803	0.00819867
7.48000000	-1.74437605	-5993.80130080	801.07712898	0.00817288
7.49000000	-1.74429445	-6001.81207214	801.07713988	0.00814721
7.50000000	-1.74421311	-6009.82284360	801.07715073	0.00812166
7.51000000	-1.74413202	-6017.83361516	801.07716154	0.00809622
7.52000000	-1.74405118	-6025.84438683	801.07717229	0.00807091
7.53000000	-1.74397060	-6033.85515860	801.07718300	0.00804570
7.54000000	-1.74389027	-6041.86593049	801.07719366	0.00802062
7.55000000	-1.74381019	-6049.87670248	801.07720428	0.00799564
7.56000000	-1.74373036	-6057.88747457	801.07721484	0.00797078
7.57000000	-1.74365077	-6065.89824677	801.07722536	0.00794604
7.58000000	-1.74357144	-6073.90901908	801.07723584	0.00792141
7.59000000	-1.74349234	-6081.91979149	801.07724626	0.00789688
7.60000000	-1.74341350	-6089.93056400	801.07725665	0.00787247
7.61000000	-1.74333489	-6097.94133662	801.07726698	0.00784817
7.62000000	-1.74325653	-6105.95210934	801.07727727	0.00782398
7.63000000	-1.74317841	-6113.96288217	801.07728752	0.00779990
7.64000000	-1.74310054	-6121.97365509	801.07729772	0.00777593
7.65000000	-1.74302290	-6129.98442812	801.07730787	0.00775207
7.66000000	-1.74294549	-6137.99520125	801.07731798	0.00772831
7.67000000	-1.74286833	-6146.00597448	801.07732805	0.00770466
7.68000000	-1.74279140	-6154.01674781	801.07733807	0.00768112
7.69000000	-1.74271471	-6162.02752124	801.07734805	0.00765768
7.70000000	-1.74263825	-6170.03829477	801.07735799	0.00763435
7.71000000	-1.74256202	-6178.04906840	801.07736788	0.00761112
7.72000000	-1.74248602	-6186.05984213	801.07737773	0.00758800
7.73000000	-1.74241026	-6194.07061596	801.07738754	0.00756498
7.74000000	-1.74233472	-6202.08138988	801.07739731	0.00754206
7.75000000	-1.74225942	-6210.09216390	801.07740703	0.00751925
7.76000000	-1.74218434	-6218.10293802	801.07741671	0.00749653
7.77000000	-1.74210949	-6226.11371224	801.07742635	0.00747392
7.78000000	-1.74203486	-6234.12448655	801.07743595	0.00745141
7.79000000	-1.74196046	-6242.13526096	801.07744551	0.00742899
7.80000000	-1.74188628	-6250.14603546	801.07745502	0.00740668
7.81000000	-1.74181232	-6258.15681006	801.07746450	0.00738447
7.82000000	-1.74173859	-6266.16758475	801.07747393	0.00736235
7.83000000	-1.74166508	-6274.17835953	801.07748333	0.00734033
7.84000000	-1.74159178	-6282.18913441	801.07749268	0.00731841
7.85000000	-1.74151871	-6290.19990939	801.07750200	0.00729658
7.86000000	-1.74144585	-6298.21068445	801.07751127	0.00727485
7.87000000	-1.74137321	-6306.22145961	801.07752051	0.00725322
7.88000000	-1.74130079	-6314.23223486	801.07752971	0.00723168
7.89000000	-1.74122858	-6322.24301021	801.07753886	0.00721024
7.90000000	-1.74115658	-6330.25378564	801.07754798	0.00718889
7.91000000	-1.74108480	-6338.26456117	801.07755706	0.00716763
7.92000000	-1.74101323	-6346.27533678	801.07756611	0.00714646
7.93000000	-1.74094187	-6354.28611249	801.07757511	0.00712539
7.94000000	-1.74087072	-6362.29688828	801.07758408	0.00710441
7.95000000	-1.74079978	-6370.30766417	801.07759301	0.00708352
7.96000000	-1.74072905	-6378.31844014	801.07760190	0.00706273
7.97000000	-1.74065853	-6386.32921621	801.07761075	0.00704202
7.98000000	-1.74058821	-6394.33999236	801.07761957	0.00702140
7.99000000	-1.74051810	-6402.35076860	801.07762835	0.00700087
8.00000000	-1.74044819	-6410.36154493	801.07763709	0.00698043
