T	Ut	Ft	St	Ct
0.01000000	-1.99804688	-2.36891767	37.08707981	0.00000000
0.02000000	-1.99804688	-2.73978847	37.08707981	0.00000000
0.03000000	-1.99804688	-3.11065927	37.08707981	0.00000000
0.04000000	-1.99804688	-3.48153007	37.08707981	0.00000000
0.05000000	-1.99804688	-3.85240087	37.08707981	0.00000000
0.06000000	-1.99804688	-4.22327166	37.08707981	0.00000000
0.07000000	-1.99804688	-4.59414246	37.08707981	0.00000000
0.08000000	-1.99804688	-4.96501326	37.08707981	0.00000000
0.09000000	-1.99804688	-5.33588406	37.08707981	0.00000000
0.10000000	-1.99804688	-5.70675486	37.08707981	0.00000000
0.11000000	-1.99804688	-6.07762565	37.08707981	-0.00000000
0.12000000	-1.99804688	-6.44849645	37.08707981	-0.00000000
0.13000000	-1.99804688	-6.81936725	37.08707981	-0.00000000
0.14000000	-1.99804687	-7.19023805	37.08707981	0.00000000
0.15000000	-1.99804687	-7.56110885	37.08707981	-0.00000000
0.16000000	-1.99804687	-7.93197965	37.08707981	-0.00000000
0.17000000	-1.99804687	-8.30285044	37.08707981	0.00000000
0.18000000	-1.99804687	-8.67372124	37.08707981	0.00000000
0.19000000	-1.99804687	-9.04459204	37.08707981	0.00000000
0.20000000	-1.99804687	-9.41546284	37.08707981	0.00000000
0.21000000	-1.99804687	-9.78633364	37.08707981	0.00000000
0.22000000	-1.99804687	-10.15720443	37.08707981	0.00000000
0.23000000	-1.99804687	-10.52807523	37.08707981	0.00000000
0.24000000	-1.99804687	-10.89894603	37.08707981	0.00000001
0.25000000	-1.99804687	-11.26981683	37.08707982	0.00000001
0.26000000	-1.99804687	-11.64068763	37.08707982	0.00000002
0.27000000	-1.99804687	-12.01155842	37.08707982	0.00000004
0.28000000	-1.99804687	-12.38242922	37.08707982	0.00000006
0.29000000	-1.99804687	-12.75330002	37.08707982	0.00000010
0.30000000	-1.99804687	-13.12417082	37.08707983	0.00000014
0.31000000	-1.99804687	-13.49504162	37.08707983	0.00000021
0.32000000	-1.99804687	-13.86591242	37.08707984	0.00000029
0.33000000	-1.99804686	-14.23678321	37.08707985	0.00000040
0.34000000	-1.99804686	-14.60765401	37.08707986	0.00000055
0.35000000	-1.99804685	-14.97852481	37.08707988	0.00000073
0.36000000	-1.99804684	-15.34939561	37.08707991	0.00000096
0.37000000	-1.99804683	-15.72026641	37.08707994	0.00000125
0.38000000	-1.99804682	-16.09113721	37.08707997	0.00000161
0.39000000	-1.99804680	-16.46200801	37.08708002	0.00000206
0.40000000	-1.99804678	-16.83287881	37.08708008	0.00000262
0.41000000	-1.99804675	-17.20374961	37.08708015	0.00000330
0.42000000	-1.99804671	-17.57462041	37.08708024	0.00000415
0.43000000	-1.99804666	-17.94549122	37.08708035	0.00000520
0.44000000	-1.99804661	-18.31636202	37.08708049	0.00000650
0.45000000	-1.99804653	-18.68723283	37.08708065	0.00000810
0.46000000	-1.99804644	-19.05810363	37.08708085	0.00001007
0.47000000	-1.99804633	-19.42897444	37.08708109	0.00001250
0.48000000	-1.99804619	-19.79984526	37.08708138	0.00001548
0.49000000	-1.99804602	-20.17071607	37.08708174	0.00001913
0.50000000	-1.99804581	-20.54158689	37.08708217	0.00002359
0.51000000	-1.99804554	-20.91245771	37.08708269	0.00002900
0.52000000	-1.99804522	-21.28332854	37.08708331	0.00003554
0.53000000	-1.99804483	-21.65419938	37.08708406	0.00004343
0.54000000	-1.99804435	-22.02507023	37.08708496	0.00005287
0.55000000	-1.99804377	-22.39594108	37.08708603	0.00006412
0.56000000	-1.99804306	-22.76681195	37.08708730	0.00007745
0.57000000	-1.99804221	-23.13768283	37.08708881	0.00009318
0.58000000	-1.99804119	-23.50855372	37.08709058	0.00011164
0.59000000	-1.99803997	-23.87942464	37.08709267	0.00013318
0.60000000	-1.99803851	-24.25029558	37.08709511	0.00015821
0.61000000	-1.99803679	-24.62116654	37.08709796	0.00018714
0.62000000	-1.99803475	-24.99203754	37.08710127	0.00022044
0.63000000	-1.99803236	-25.36290857	37.08710509	0.00025858
0.64000000	-1.99802956	-25.73377964	37.08710950	0.00030210
0.65000000	-1.99802630	-26.10465076	37.08711456	0.00035153
0.66000000	-1.99802251	-26.47552194	37.08712034	0.00040748
0.67000000	-1.99801813	-26.84639317	37.08712693	0.00047057
0.68000000	-1.99801307	-27.21726448	37.08713442	0.00054146
0.69000000	-1.99800727	-27.58813586	37.08714289	0.00062086
0.70000000	-1.99800063	-27.95900734	37.08715245	0.00070954
0.71000000	-1.99799305	-28.32987892	37.08716320	0.00080828
0.72000000	-1.99798442	-28.70075061	37.08717526	0.00091796
0.73000000	-1.99797465	-29.07162243	37.08718874	0.00103949
0.74000000	-1.99796359	-29.44249439	37.08720378	0.00117388
0.75000000	-1.99795112	-29.81336651	37.08722051	0.00132218
0.76000000	-1.99793710	-30.18423880	37.08723909	0.00148556
0.77000000	-1.99792136	-30.55511130	37.08725966	0.00166529
0.78000000	-1.99790373	-30.92598401	37.08728240	0.00186274
0.79000000	-1.99788404	-31.29685695	37.08730749	0.00207941
0.80000000	-1.99786208	-31.66773016	37.08733511	0.00231696
0.81000000	-1.99783762	-32.03860366	37.08736548	0.00257722
0.82000000	-1.99781045	-32.40947748	37.08739882	0.00286220
0.83000000	-1.99778029	-32.78035165	37.08743537	0.00317412
0.84000000	-1.99774687	-33.15122620	37.08747540	0.00351545
0.85000000	-1.99770987	-33.52210117	37.08751917	0.00388892
0.86000000	-1.99766897	-33.89297660	37.08756701	0.00429757
0.87000000	-1.99762379	-34.26385253	37.08761923	0.00474474
0.88000000	-1.99757394	-34.63472900	37.08767621	0.00523414
0.89000000	-1.99751896	-35.00560607	37.08773833	0.00576988
0.90000000	-1.99745837	-35.37648378	37.08780602	0.00635645
0.91000000	-1.99739164	-35.74736221	37.08787974	0.00699880
0.92000000	-1.99731819	-36.11824140	37.08796001	0.00770231
0.93000000	-1.99723737	-36.48912143	37.08804738	0.00847284
0.94000000	-1.99714849	-36.86000237	37.08814243	0.00931665
0.95000000	-1.99705077	-37.23088431	37.08824583	0.01024045
0.96000000	-1.99694339	-37.60176732	37.08835826	0.01125129
0.97000000	-1.99682543	-37.97265151	37.08848049	0.01235649
0.98000000	-1.99669592	-38.34353697	37.08861331	0.01356351
0.99000000	-1.99655380	-38.71442381	37.08875759	0.01487977
1.00000000	-1.99639794	-39.08531216	37.08891422	0.01631242
1.01000000	-1.99622714	-39.45620214	37.08908416	0.01786804
1.02000000	-1.99604015	-39.82709389	37.08926838	0.01955233
1.03000000	-1.99583565	-40.19798756	37.08946787	0.02136967
1.04000000	-1.99561230	-40.56888330	37.08968365	0.02332277
1.05000000	-1.99536874	-40.93978129	37.08991671	0.02541220
1.06000000	-1.99510361	-41.31068170	37.09016801	0.02763608
1.07000000	-1.99481558	-41.68158471	37.09043844	0.02998982
1.08000000	-1.99450340	-42.05249053	37.09072882	0.03246604
1.09000000	-1.99416589	-42.42339936	37.09103988	0.03505475
1.10000000	-1.99380197	-42.79431140	37.09137221	0.03774373
1.11000000	-1.99341073	-43.16522687	37.09172626	0.04051930
1.12000000	-1.99299135	-43.53614600	37.09210237	0.04336714
1.13000000	-1.99254319	-43.90706900	37.09250072	0.04627342
1.14000000	-1.99206573	-44.27799609	37.09292137	0.04922577
1.15000000	-1.99155855	-44.64892750	37.09336430	0.05221414
1.16000000	-1.99102135	-45.01986345	37.09382940	0.05523122
1.17000000	-1.99045385	-45.39080416	37.09431650	0.05827242
1.18000000	-1.98985583	-45.76174985	37.09482544	0.06133537
1.19000000	-1.98922707	-46.13270074	37.09535602	0.06441894
1.20000000	-1.98856738	-46.50365704	37.09590805	0.06752212
1.21000000	-1.98787657	-46.87461897	37.09648132	0.07064294
1.22000000	-1.98715448	-47.24558674	37.09707562	0.07377779
1.23000000	-1.98640099	-47.61656055	37.09769071	0.07692138
1.24000000	-1.98561604	-47.98754062	37.09832627	0.08006740
1.25000000	-1.98479965	-48.35852715	37.09898200	0.08320984
1.26000000	-1.98395187	-48.72952033	37.09965751	0.08634473
1.27000000	-1.98307278	-49.10052036	37.10035242	0.08947194
1.28000000	-1.98216244	-49.47152744	37.10106641	0.09259658
1.29000000	-1.98122082	-49.84254175	37.10179917	0.09572977
1.30000000	-1.98024776	-50.21356349	37.10255056	0.09888864
1.31000000	-1.97924289	-50.58459283	37.10332056	0.10209561
1.32000000	-1.97820560	-50.95562996	37.10410936	0.10537711
1.33000000	-1.97713500	-51.32667508	37.10491735	0.10876216
1.34000000	-1.97602991	-51.69772837	37.10574512	0.11228104
1.35000000	-1.97488883	-52.06879005	37.10659349	0.11596407
1.36000000	-1.97370998	-52.43986031	37.10746348	0.11984079
1.37000000	-1.97249128	-52.81093939	37.10835629	0.12393914
1.38000000	-1.97123038	-53.18202752	37.10927329	0.12828484
1.39000000	-1.96992468	-53.55312494	37.11021602	0.13290066
1.40000000	-1.96857140	-53.92423193	37.11118610	0.13780570
1.41000000	-1.96716755	-54.29534876	37.11218525	0.14301465
1.42000000	-1.96571006	-54.66647574	37.11321527	0.14853668
1.43000000	-1.96419577	-55.03761318	37.11427791	0.15437399
1.44000000	-1.96262155	-55.40876141	37.11537490	0.16051932
1.45000000	-1.96098442	-55.77992080	37.11650784	0.16695257
1.46000000	-1.95928166	-56.15109169	37.11767810	0.17363680
1.47000000	-1.95751104	-56.52227449	37.11888670	0.18051504
1.48000000	-1.95567097	-56.89346956	37.12013418	0.18751004
1.49000000	-1.95376075	-57.26467730	37.12142050	0.19452905
1.50000000	-1.95178063	-57.63589809	37.12274497	0.20147492
1.51000000	-1.94973179	-58.00713232	37.12410631	0.20826278
1.52000000	-1.94761609	-58.37838034	37.12550279	0.21483848
1.53000000	-1.94543576	-58.74964249	37.12693250	0.22119356
1.54000000	-1.94319282	-59.12091909	37.12839369	0.22737093
1.55000000	-1.94088864	-59.49221046	37.12988504	0.23345798
1.56000000	-1.93852358	-59.86351689	37.13140597	0.23956744
1.57000000	-1.93609684	-60.23483868	37.13295658	0.24581064
1.58000000	-1.93360664	-60.60617613	37.13453765	0.25227012
1.59000000	-1.93105060	-60.97752954	37.13615027	0.25897917
1.60000000	-1.92842630	-61.34889924	37.13779559	0.26591385
1.61000000	-1.92573182	-61.72028556	37.13947437	0.27299954
1.62000000	-1.92296616	-62.09168884	37.14118684	0.28013008
1.63000000	-1.92012944	-62.46310941	37.14293250	0.28719444
1.64000000	-1.91722279	-62.83454760	37.14471025	0.29410406
1.65000000	-1.91424803	-63.20600372	37.14651860	0.30081551
1.66000000	-1.91120709	-63.57747807	37.14835601	0.30734624
1.67000000	-1.90810142	-63.94897093	37.15022126	0.31378470
1.68000000	-1.90493116	-64.32048258	37.15211394	0.32029760
1.69000000	-1.90169440	-64.69201330	37.15403485	0.32713415
1.70000000	-1.89838632	-65.06356338	37.15598651	0.33462132
1.71000000	-1.89499854	-65.43513315	37.15797346	0.34313897
1.72000000	-1.89151884	-65.80672299	37.16000241	0.35306322
1.73000000	-1.88793162	-66.17833337	37.16208193	0.36467552
1.74000000	-1.88421941	-66.54996483	37.16422150	0.37805208
1.75000000	-1.88036541	-66.92161803	37.16643007	0.39296957
1.76000000	-1.87635669	-67.29329368	37.16871420	0.40887620
1.77000000	-1.87218725	-67.66499257	37.17107645	0.42496991
1.78000000	-1.86785957	-68.03671547	37.17351455	0.44038643
1.79000000	-1.86338411	-68.40846309	37.17602178	0.45443979
1.80000000	-1.85877643	-68.78023610	37.17858870	0.46681052
1.81000000	-1.85405326	-69.15203503	37.18120540	0.47758276
1.82000000	-1.84922895	-69.52386035	37.18386340	0.48710297
1.83000000	-1.84431415	-69.89571242	37.18655643	0.49573099
1.84000000	-1.83931677	-70.26759157	37.18927978	0.50361733
1.85000000	-1.83424469	-70.63949810	37.19202887	0.51063180
1.86000000	-1.82910799	-71.01143222	37.19479797	0.51649378
1.87000000	-1.82391921	-71.38339410	37.19758016	0.52105170
1.88000000	-1.81869047	-71.75538384	37.20036882	0.52457657
1.89000000	-1.81342835	-72.12740149	37.20316039	0.52791549
1.90000000	-1.80812833	-72.49944707	37.20595723	0.53240990
1.91000000	-1.80277119	-72.87152068	37.20876937	0.53958668
1.92000000	-1.79732333	-73.24362256	37.21161418	0.55071796
1.93000000	-1.79174161	-73.61575315	37.21451375	0.56637844
1.94000000	-1.78598204	-73.98791310	37.21749023	0.58611609
1.95000000	-1.78001093	-74.36010327	37.22056017	0.60832768
1.96000000	-1.77381585	-74.73232463	37.22372897	0.63041136
1.97000000	-1.76741358	-75.10457814	37.22698709	0.64923988
1.98000000	-1.76085165	-75.47686459	37.23030957	0.66193125
1.99000000	-1.75420132	-75.84918443	37.23365985	0.66678038
2.00000000	-1.74754142	-76.22153774	37.23699816	0.66410123
2.01000000	-1.74093533	-76.59392424	37.24029299	0.65669506
2.02000000	-1.73440613	-76.96634342	37.24353331	0.64976514
2.03000000	-1.72791529	-77.33879479	37.24673867	0.65027913
2.04000000	-1.72135020	-77.71127826	37.24996474	0.66587039
2.05000000	-1.71452490	-78.08379445	37.25330222	0.70325431
2.06000000	-1.70720000	-78.45634506	37.25686653	0.76596864
2.07000000	-1.69912845	-78.82893294	37.26077511	0.85151940
2.08000000	-1.69012821	-79.20156200	37.26511240	0.94924240
2.09000000	-1.68016091	-79.57423667	37.26989271	1.04177347
2.10000000	-1.66936780	-79.94696110	37.27504443	1.11213419
2.11000000	-1.65801802	-80.31973836	37.28043618	1.15304332
2.12000000	-1.64638589	-80.69257017	37.28593598	1.17054610
2.13000000	-1.63463827	-81.06545717	37.29146427	1.17865883
2.14000000	-1.62279858	-81.43839951	37.29700978	1.19081311
2.15000000	-1.61078082	-81.81139755	37.30261243	1.21514233
2.16000000	-1.59844526	-82.18445216	37.30833653	1.25449073
2.17000000	-1.58564385	-82.55756491	37.31424934	1.30788561
2.18000000	-1.57225383	-82.93073796	37.32040556	1.37131186
2.19000000	-1.55820497	-83.30397394	37.32683515	1.43853512
2.20000000	-1.54349052	-83.67727558	37.33353866	1.50369414
2.21000000	-1.52814369	-84.05064556	37.34049858	1.56531378
2.22000000	-1.51217935	-84.42408638	37.34770587	1.62856166
2.23000000	-1.49553550	-84.79760059	37.35518614	1.70282739
2.24000000	-1.47806067	-85.17119122	37.36300471	1.79543903
2.25000000	-1.45956761	-85.54486208	37.37124199	1.90539311
2.26000000	-1.43993452	-85.91861764	37.37994828	2.02049702
2.27000000	-1.41921270	-86.29246253	37.38909684	2.11894438
2.28000000	-1.39769770	-86.66640061	37.39855391	2.17493822
2.29000000	-1.37592586	-87.04043385	37.40808209	2.16789323
2.30000000	-1.35456917	-87.41456151	37.41738797	2.09276767
2.31000000	-1.33424916	-87.78877997	37.42620381	1.96450795
2.32000000	-1.31536322	-88.16308338	37.43436214	1.81093189
2.33000000	-1.29802391	-88.53746486	37.44182015	1.65894825
2.34000000	-1.28212287	-88.91191762	37.44863024	1.52498485
2.35000000	-1.26744621	-89.28643563	37.45488911	1.41419689
2.36000000	-1.25376700	-89.66101390	37.46069784	1.32492708
2.37000000	-1.24088872	-90.03564838	37.46614331	1.25336035
2.38000000	-1.22865253	-90.41033579	37.47129549	1.19600029
2.39000000	-1.21693041	-90.78507350	37.47621050	1.15014421
2.40000000	-1.20561897	-91.15985936	37.48093350	1.11349142
2.41000000	-1.19463740	-91.53469165	37.48549969	1.08379473
2.42000000	-1.18392724	-91.90956892	37.48993458	1.05885657
2.43000000	-1.17345094	-92.28448996	37.49425474	1.03673240
2.44000000	-1.16318834	-92.65945366	37.49846940	1.01590153
2.45000000	-1.15313222	-93.03445901	37.50258236	0.99529084
2.46000000	-1.14328417	-93.40950497	37.50659382	0.97419304
2.47000000	-1.13365143	-93.78459054	37.51050166	0.95218192
2.48000000	-1.12424419	-94.15971465	37.51430261	0.92908399
2.49000000	-1.11507309	-94.53487622	37.51799322	0.90499101
2.50000000	-1.10614652	-94.91007414	37.52157105	0.88025983
2.51000000	-1.09746813	-95.28530727	37.52503551	0.85546178
2.52000000	-1.08903522	-95.66057448	37.52838859	0.83128283
2.53000000	-1.08083813	-96.03587468	37.53163500	0.80840357
2.54000000	-1.07286090	-96.41120685	37.53478187	0.78739089
2.55000000	-1.06508282	-96.78657002	37.53783812	0.76861948
2.56000000	-1.05748055	-97.16196334	37.54081359	0.75222769
2.57000000	-1.05003067	-97.53738605	37.54371805	0.73810615
2.58000000	-1.04271197	-97.91283749	37.54656028	0.72591809
2.59000000	-1.03550756	-98.28831707	37.54934730	0.71515094
2.60000000	-1.02840624	-98.66382427	37.55208386	0.70519633
2.61000000	-1.02140296	-99.03935859	37.55477227	0.69544842
2.62000000	-1.01449829	-99.41491956	37.55741270	0.68540245
2.63000000	-1.00769701	-99.79050668	37.56000368	0.67473187
2.64000000	-1.00100612	-100.16611946	37.56254293	0.66332599
2.65000000	-0.99443264	-100.54175736	37.56502819	0.65128051
2.66000000	-0.98798181	-100.91741984	37.56745790	0.63884723
2.67000000	-0.98165588	-101.29310633	37.56983163	0.62635980
2.68000000	-0.97545366	-101.66881628	37.57215023	0.61415654
2.69000000	-0.96937085	-102.04454916	37.57441573	0.60251832
2.70000000	-0.96340078	-102.42030443	37.57663098	0.59163140
2.71000000	-0.95753544	-102.79608162	37.57879933	0.58157681
2.72000000	-0.95176651	-103.17188027	37.58092418	0.57234116
2.73000000	-0.94608616	-103.54769997	37.58300872	0.56384071
2.74000000	-0.94048766	-103.92354032	37.58505572	0.55595025
2.75000000	-0.93496559	-104.29940097	37.58706741	0.54853022
2.76000000	-0.92951593	-104.67528156	37.58904552	0.54144781
2.77000000	-0.92413589	-105.05118177	37.59099129	0.53459062
2.78000000	-0.91882366	-105.42710128	37.59290562	0.52787282
2.79000000	-0.91357816	-105.80303978	37.59478911	0.52123538
2.80000000	-0.90839880	-106.17899696	37.59664220	0.51464234
2.81000000	-0.90328523	-106.55497252	37.59846523	0.50807509
2.82000000	-0.89823724	-106.93096617	37.60025848	0.50152644
2.83000000	-0.89325464	-107.30697759	37.60202224	0.49499589
2.84000000	-0.88833725	-107.68300651	37.60375678	0.48848662
2.85000000	-0.88348482	-108.05905263	37.60546239	0.48200454
2.86000000	-0.87869704	-108.43511567	37.60713938	0.47555887
2.87000000	-0.87397348	-108.81119533	37.60878810	0.46916348
2.88000000	-0.86931354	-109.18729134	37.61040896	0.46283825
2.89000000	-0.86471639	-109.56340341	37.61200243	0.45660950
2.90000000	-0.86018092	-109.93953129	37.61356909	0.45050912
2.91000000	-0.85570566	-110.31567471	37.61510964	0.44457222
2.92000000	-0.85128881	-110.69183340	37.61662486	0.43883366
2.93000000	-0.84692823	-111.06800713	37.61811566	0.43332395
2.94000000	-0.84262150	-111.44419564	37.61958304	0.42806536
2.95000000	-0.83836605	-111.82039871	37.62102802	0.42306871
2.96000000	-0.83415926	-112.19661613	37.62245165	0.41833157
2.97000000	-0.82999860	-112.57284768	37.62385491	0.41383798
2.98000000	-0.82588178	-112.94909316	37.62523872	0.40955972
2.99000000	-0.82180681	-113.32535239	37.62660387	0.40545895
3.00000000	-0.81777215	-113.70162518	37.62795101	0.40149187
3.01000000	-0.81377668	-114.07791135	37.62928062	0.39761275
3.02000000	-0.80981975	-114.45421073	37.63059304	0.39377810
3.03000000	-0.80590110	-114.83052315	37.63188847	0.38995034
3.04000000	-0.80202082	-115.20684845	37.63316698	0.38610067
3.05000000	-0.79817922	-115.58318644	37.63442860	0.38221100
3.06000000	-0.79437675	-115.95953696	37.63567327	0.37827458
3.07000000	-0.79061387	-116.33589985	37.63690097	0.37429567
3.08000000	-0.78689094	-116.71227492	37.63811168	0.37028805
3.09000000	-0.78320814	-117.08866202	37.63930547	0.36627288
3.10000000	-0.77956542	-117.46506098	37.64048244	0.36227598
3.11000000	-0.77596246	-117.84147162	37.64164281	0.35832495
3.12000000	-0.77239868	-118.21789378	37.64278689	0.35444640
3.13000000	-0.76887322	-118.59432730	37.64391504	0.35066353
3.14000000	-0.76538503	-118.97077203	37.64502771	0.34699430
3.15000000	-0.76193291	-119.34722781	37.64612536	0.34345025
3.16000000	-0.75851559	-119.72369449	37.64720851	0.34003603
3.17000000	-0.75513177	-120.10017193	37.64827765	0.33674964
3.18000000	-0.75178020	-120.47666000	37.64933327	0.33358320
3.19000000	-0.74845974	-120.85315855	37.65037580	0.33052419
3.20000000	-0.74516941	-121.22966747	37.65140564	0.32755690
3.21000000	-0.74190836	-121.60618662	37.65242314	0.32466404
3.22000000	-0.73867594	-121.98271589	37.65342856	0.32182814
3.23000000	-0.73547166	-122.35925516	37.65442214	0.31903285
3.24000000	-0.73229519	-122.73580430	37.65540404	0.31626390
3.25000000	-0.72914633	-123.11236320	37.65637442	0.31350965
3.26000000	-0.72602498	-123.48893175	37.65733336	0.31076135
3.27000000	-0.72293111	-123.86550983	37.65828095	0.30801304
3.28000000	-0.71986473	-124.24209733	37.65921726	0.30526117
3.29000000	-0.71682590	-124.61869413	37.66014232	0.30250414
3.30000000	-0.71381467	-124.99530014	37.66105620	0.29974165
3.31000000	-0.71083108	-125.37191522	37.66195895	0.29697412
3.32000000	-0.70787520	-125.74853928	37.66285063	0.29420222
3.33000000	-0.70494705	-126.12517220	37.66373128	0.29142646
3.34000000	-0.70204668	-126.50181387	37.66460095	0.28864703
3.35000000	-0.69917412	-126.87846418	37.66545972	0.28586371
3.36000000	-0.69632942	-127.25512303	37.66630762	0.28307604
3.37000000	-0.69351262	-127.63179030	37.66714471	0.28028353
3.38000000	-0.69072377	-128.00846588	37.66797104	0.27748596
3.39000000	-0.68796292	-128.38514968	37.66878666	0.27468367
3.40000000	-0.68523011	-128.76184158	37.66959161	0.27187795
3.41000000	-0.68252536	-129.13854148	37.67038596	0.26907121
3.42000000	-0.67984867	-129.51524927	37.67116976	0.26626713
3.43000000	-0.67719999	-129.89196484	37.67194310	0.26347078
3.44000000	-0.67457921	-130.26868809	37.67270607	0.26068848
3.45000000	-0.67198615	-130.64541893	37.67345878	0.25792767
3.46000000	-0.66942056	-131.02215724	37.67420135	0.25519663
3.47000000	-0.66688209	-131.39890292	37.67493396	0.25250423
3.48000000	-0.66437031	-131.77565588	37.67565677	0.24985948
3.49000000	-0.66188471	-132.15241602	37.67637000	0.24727125
3.50000000	-0.65942467	-132.52918325	37.67707388	0.24474790
3.51000000	-0.65698951	-132.90595747	37.67776865	0.24229692
3.52000000	-0.65457847	-133.28273859	37.67845458	0.23992476
3.53000000	-0.65219074	-133.65952653	37.67913195	0.23763653
3.54000000	-0.64982545	-134.03632121	37.67980106	0.23543596
3.55000000	-0.64748172	-134.41312253	37.68046220	0.23332526
3.56000000	-0.64515864	-134.78993042	37.68111567	0.23130516
3.57000000	-0.64285532	-135.16674482	37.68176177	0.22937494
3.58000000	-0.64057085	-135.54356564	37.68240078	0.22753253
3.59000000	-0.63830438	-135.92039281	37.68303299	0.22577465
3.60000000	-0.63605509	-136.29722627	37.68365866	0.22409694
3.61000000	-0.63382219	-136.67406596	37.68427805	0.22249417
3.62000000	-0.63160498	-137.05091181	37.68489139	0.22096037
3.63000000	-0.62940278	-137.42776377	37.68549890	0.21948907
3.64000000	-0.62721501	-137.80462177	37.68610076	0.21807341
3.65000000	-0.62504115	-138.18148577	37.68669716	0.21670636
3.66000000	-0.62288074	-138.55835570	37.68728824	0.21538084
3.67000000	-0.62073342	-138.93523152	37.68787414	0.21408987
3.68000000	-0.61859885	-139.31211316	37.68845498	0.21282668
3.69000000	-0.61647681	-139.68900060	37.68903084	0.21158484
3.70000000	-0.61436711	-140.06589377	37.68960180	0.21035832
3.71000000	-0.61226961	-140.44279262	37.69016793	0.20914161
3.72000000	-0.61018426	-140.81969711	37.69072926	0.20792971
3.73000000	-0.60811102	-141.19660719	37.69128584	0.20671825
3.74000000	-0.60604990	-141.57352281	37.69183768	0.20550346
3.75000000	-0.60400097	-141.95044393	37.69238479	0.20428223
3.76000000	-0.60196429	-142.32737049	37.69292718	0.20305206
3.77000000	-0.59993996	-142.70430245	37.69346485	0.20181112
3.78000000	-0.59792811	-143.08123977	37.69399779	0.20055814
3.79000000	-0.59592884	-143.45818239	37.69452600	0.19929245
3.80000000	-0.59394230	-143.83513027	37.69504947	0.19801389
3.81000000	-0.59196861	-144.21208337	37.69556818	0.19672276
3.82000000	-0.59000789	-144.58904162	37.69608213	0.19541980
3.83000000	-0.58806025	-144.96600499	37.69659132	0.19410605
3.84000000	-0.58612580	-145.34297343	37.69709574	0.19278288
3.85000000	-0.58420462	-145.71994689	37.69759540	0.19145184
3.86000000	-0.58229678	-146.09692532	37.69809030	0.19011464
3.87000000	-0.58040234	-146.47390868	37.69858045	0.18877308
3.88000000	-0.57852133	-146.85089692	37.69906587	0.18742901
3.89000000	-0.57665376	-147.22788998	37.69954659	0.18608424
3.90000000	-0.57479964	-147.60488783	37.70002261	0.18474057
3.91000000	-0.57295894	-147.98189042	37.70049399	0.18339970
3.92000000	-0.57113163	-148.35889770	37.70096073	0.18206322
3.93000000	-0.56931766	-148.73590962	37.70142289	0.18073262
3.94000000	-0.56751695	-149.11292614	37.70188050	0.17940927
3.95000000	-0.56572944	-149.48994722	37.70233361	0.17809440
3.96000000	-0.56395503	-149.86697280	37.70278226	0.17678915
3.97000000	-0.56219362	-150.24400285	37.70322650	0.17549453
3.98000000	-0.56044510	-150.62103731	37.70366638	0.17421144
3.99000000	-0.55870935	-150.99807616	37.70410196	0.17294073
4.00000000	-0.55698624	-151.37511934	37.70453327	0.17168314
4.01000000	-0.55527564	-151.75216681	37.70496039	0.17043938
4.02000000	-0.55357741	-152.12921853	37.70538336	0.16921008
4.03000000	-0.55189139	-152.50627446	37.70580225	0.16799585
4.04000000	-0.55021744	-152.88333456	37.70621711	0.16679723
4.05000000	-0.54855539	-153.26039879	37.70662800	0.16561476
4.06000000	-0.54690509	-153.63746711	37.70703498	0.16444892
4.07000000	-0.54526636	-154.01453948	37.70743811	0.16330014
4.08000000	-0.54363903	-154.39161586	37.70783746	0.16216882
4.09000000	-0.54202292	-154.76869622	37.70823308	0.16105530
4.10000000	-0.54041786	-155.14578051	37.70862504	0.15995986
4.11000000	-0.53882366	-155.52286871	37.70901339	0.15888271
4.12000000	-0.53724015	-155.89996077	37.70939821	0.15782398
4.13000000	-0.53566712	-156.27705666	37.70977955	0.15678370
4.14000000	-0.53410441	-156.65415635	37.71015747	0.15576182
4.15000000	-0.53255183	-157.03125980	37.71053204	0.15475819
4.16000000	-0.53100919	-157.40836698	37.71090331	0.15377255
4.17000000	-0.52947632	-157.78547785	37.71127135	0.15280455
4.18000000	-0.52795304	-158.16259239	37.71163621	0.15185373
4.19000000	-0.52643919	-158.53971057	37.71199794	0.15091952
4.20000000	-0.52493460	-158.91683234	37.71235661	0.15000129
4.21000000	-0.52343911	-159.29395769	37.71271225	0.14909829
4.22000000	-0.52195258	-159.67108658	37.71306493	0.14820973
4.23000000	-0.52047487	-160.04821898	37.71341468	0.14733475
4.24000000	-0.51900584	-160.42535486	37.71376156	0.14647243
4.25000000	-0.51754538	-160.80249420	37.71410560	0.14562183
4.26000000	-0.51609337	-161.17963696	37.71444685	0.14478200
4.27000000	-0.51464971	-161.55678313	37.71478534	0.14395198
4.28000000	-0.51321430	-161.93393266	37.71512111	0.14313081
4.29000000	-0.51178707	-162.31108554	37.71545419	0.14231759
4.30000000	-0.51036793	-162.68824174	37.71578461	0.14151143
4.31000000	-0.50895682	-163.06540122	37.71611239	0.14071153
4.32000000	-0.50755368	-163.44256397	37.71643757	0.13991712
4.33000000	-0.50615846	-163.81972997	37.71676016	0.13912752
4.34000000	-0.50477111	-164.19689917	37.71708020	0.13834214
4.35000000	-0.50339160	-164.57407156	37.71739769	0.13756047
4.36000000	-0.50201989	-164.95124711	37.71771267	0.13678208
4.37000000	-0.50065595	-165.32842581	37.71802514	0.13600667
4.38000000	-0.49929975	-165.70560761	37.71833513	0.13523400
4.39000000	-0.49795126	-166.08279250	37.71864265	0.13446394
4.40000000	-0.49661046	-166.45998045	37.71894773	0.13369642
4.41000000	-0.49527733	-166.83717145	37.71925037	0.13293150
4.42000000	-0.49395183	-167.21436545	37.71955059	0.13216927
4.43000000	-0.49263393	-167.59156245	37.71984842	0.13140991
4.44000000	-0.49132362	-167.96876241	37.72014387	0.13065367
4.45000000	-0.49002085	-168.34596532	37.72043696	0.12990084
4.46000000	-0.48872559	-168.72317115	37.72072770	0.12915175
4.47000000	-0.48743780	-169.10037987	37.72101612	0.12840677
4.48000000	-0.48615744	-169.47759146	37.72130224	0.12766628
4.49000000	-0.48488446	-169.85480590	37.72158607	0.12693069
4.50000000	-0.48361881	-170.23202317	37.72186764	0.12620041
4.51000000	-0.48236043	-170.60924325	37.72214697	0.12547583
4.52000000	-0.48110927	-170.98646611	37.72242408	0.12475736
4.53000000	-0.47986526	-171.36369172	37.72269900	0.12404537
4.54000000	-0.47862834	-171.74092008	37.72297175	0.12334021
4.55000000	-0.47739843	-172.11815115	37.72324236	0.12264220
4.56000000	-0.47617547	-172.49538492	37.72351084	0.12195163
4.57000000	-0.47495937	-172.87262136	37.72377724	0.12126875
4.58000000	-0.47375007	-173.24986046	37.72404157	0.12059377
4.59000000	-0.47254747	-173.62710219	37.72430386	0.11992687
4.60000000	-0.47135150	-174.00434653	37.72456414	0.11926818
4.61000000	-0.47016208	-174.38159346	37.72482243	0.11861779
4.62000000	-0.46897912	-174.75884297	37.72507876	0.11797575
4.63000000	-0.46780254	-175.13609503	37.72533315	0.11734208
4.64000000	-0.46663225	-175.51334963	37.72558564	0.11671674
4.65000000	-0.46546818	-175.89060674	37.72583625	0.11609969
4.66000000	-0.46431023	-176.26786634	37.72608500	0.11549083
4.67000000	-0.46315833	-176.64512843	37.72633193	0.11489006
4.68000000	-0.46201240	-177.02239298	37.72657705	0.11429722
4.69000000	-0.46087236	-177.39965997	37.72682038	0.11371215
4.70000000	-0.45973813	-177.77692938	37.72706197	0.11313468
4.71000000	-0.45860964	-178.15420120	37.72730182	0.11256461
4.72000000	-0.45748682	-178.53147541	37.72753996	0.11200173
4.73000000	-0.45636958	-178.90875199	37.72777641	0.11144582
4.74000000	-0.45525788	-179.28603093	37.72801119	0.11089667
4.75000000	-0.45415163	-179.66331221	37.72824433	0.11035404
4.76000000	-0.45305078	-180.04059581	37.72847585	0.10981770
4.77000000	-0.45195526	-180.41788172	37.72870576	0.10928744
4.78000000	-0.45086501	-180.79516992	37.72893408	0.10876302
4.79000000	-0.44977998	-181.17246040	37.72916084	0.10824423
4.80000000	-0.44870011	-181.54975313	37.72938605	0.10773084
4.81000000	-0.44762534	-181.92704812	37.72960972	0.10722266
4.82000000	-0.44655564	-182.30434532	37.72983189	0.10671948
4.83000000	-0.44549094	-182.68164475	37.73005255	0.10622110
4.84000000	-0.44443120	-183.05894637	37.73027173	0.10572734
4.85000000	-0.44337637	-183.43625018	37.73048944	0.10523802
4.86000000	-0.44232642	-183.81355615	37.73070571	0.10475297
4.87000000	-0.44128130	-184.19086429	37.73092053	0.10427202
4.88000000	-0.44024097	-184.56817456	37.73113393	0.10379502
4.89000000	-0.43920539	-184.94548696	37.73134592	0.10332182
4.90000000	-0.43817452	-185.32280147	37.73155652	0.10285228
4.91000000	-0.43714833	-185.70011809	37.73176573	0.10238626
4.92000000	-0.43612678	-186.07743678	37.73197358	0.10192364
4.93000000	-0.43510985	-186.45475755	37.73218006	0.10146428
4.94000000	-0.43409749	-186.83208038	37.73238520	0.10100808
4.95000000	-0.43308968	-187.20940525	37.73258901	0.10055491
4.96000000	-0.43208638	-187.58673216	37.73279149	0.10010467
4.97000000	-0.43108757	-187.96406108	37.73299266	0.09965725
4.98000000	-0.43009323	-188.34139201	37.73319253	0.09921255
4.99000000	-0.42910331	-188.71872492	37.73339110	0.09877047
5.00000000	-0.42811781	-189.09605982	37.73358840	0.09833092
5.01000000	-0.42713669	-189.47339669	37.73378443	0.09789380
5.02000000	-0.42615993	-189.85073551	37.73397920	0.09745904
5.03000000	-0.42518750	-190.22807627	37.73417272	0.09702654
5.04000000	-0.42421939	-190.60541896	37.73436499	0.09659623
5.05000000	-0.42325557	-190.98276356	37.73455604	0.09616803
5.06000000	-0.42229602	-191.36011007	37.73474586	0.09574186
5.07000000	-0.42134072	-191.73745848	37.73493447	0.09531767
5.08000000	-0.42038966	-192.11480876	37.73512187	0.09489537
5.09000000	-0.41944281	-192.49216091	37.73530807	0.09447493
5.10000000	-0.41850016	-192.86951492	37.73549309	0.09405627
5.11000000	-0.41756168	-193.24687077	37.73567693	0.09363936
5.12000000	-0.41662736	-193.62422845	37.73585959	0.09322414
5.13000000	-0.41569719	-194.00158796	37.73604108	0.09281057
5.14000000	-0.41477115	-194.37894927	37.73622142	0.09239862
5.15000000	-0.41384921	-194.75631238	37.73640062	0.09198825
5.16000000	-0.41293138	-195.13367728	37.73657866	0.09157945
5.17000000	-0.41201762	-195.51104395	37.73675558	0.09117219
5.18000000	-0.41110793	-195.88841239	37.73693136	0.09076646
5.19000000	-0.41020228	-196.26578257	37.73710603	0.09036225
5.20000000	-0.40930068	-196.64315450	37.73727958	0.08995955
5.21000000	-0.40840309	-197.02052816	37.73745203	0.08955836
5.22000000	-0.40750950	-197.39790354	37.73762338	0.08915869
5.23000000	-0.40661991	-197.77528063	37.73779364	0.08876054
5.24000000	-0.40573429	-198.15265941	37.73796281	0.08836393
5.25000000	-0.40485263	-198.53003988	37.73813091	0.08796888
5.26000000	-0.40397491	-198.90742202	37.73829793	0.08757541
5.27000000	-0.40310111	-199.28480583	37.73846389	0.08718353
5.28000000	-0.40223123	-199.66219130	37.73862880	0.08679329
5.29000000	-0.40136524	-200.03957841	37.73879266	0.08640469
5.30000000	-0.40050313	-200.41696715	37.73895548	0.08601779
5.31000000	-0.39964488	-200.79435751	37.73911726	0.08563260
5.32000000	-0.39879047	-201.17174949	37.73927801	0.08524917
5.33000000	-0.39793989	-201.54914307	37.73943774	0.08486752
5.34000000	-0.39709312	-201.92653824	37.73959647	0.08448770
5.35000000	-0.39625013	-202.30393500	37.73975418	0.08410973
5.36000000	-0.39541091	-202.68133332	37.73991090	0.08373366
5.37000000	-0.39457545	-203.05873321	37.74006662	0.08335951
5.38000000	-0.39374372	-203.43613465	37.74022136	0.08298732
5.39000000	-0.39291570	-203.81353763	37.74037513	0.08261713
5.40000000	-0.39209137	-204.19094215	37.74052792	0.08224895
5.41000000	-0.39127071	-204.56834819	37.74067976	0.08188283
5.42000000	-0.39045371	-204.94575574	37.74083063	0.08151878
5.43000000	-0.38964033	-205.32316480	37.74098057	0.08115682
5.44000000	-0.38883056	-205.70057535	37.74112956	0.08079699
5.45000000	-0.38802438	-206.07798739	37.74127762	0.08043930
5.46000000	-0.38722177	-206.45540090	37.74142475	0.08008376
5.47000000	-0.38642270	-206.83281588	37.74157097	0.07973039
5.48000000	-0.38562715	-207.21023232	37.74171627	0.07937919
5.49000000	-0.38483511	-207.58765020	37.74186067	0.07903017
5.50000000	-0.38404654	-207.96506953	37.74200418	0.07868334
5.51000000	-0.38326143	-208.34249028	37.74214680	0.07833868
5.52000000	-0.38247976	-208.71991246	37.74228853	0.07799621
5.53000000	-0.38170150	-209.09733605	37.74242939	0.07765591
5.54000000	-0.38092664	-209.47476104	37.74256939	0.07731777
5.55000000	-0.38015514	-209.85218743	37.74270852	0.07698178
5.56000000	-0.37938699	-210.22961521	37.74284680	0.07664793
5.57000000	-0.37862218	-210.60704437	37.74298424	0.07631619
5.58000000	-0.37786066	-210.98447489	37.74312083	0.07598655
5.59000000	-0.37710244	-211.36190678	37.74325659	0.07565897
5.60000000	-0.37634748	-211.73934002	37.74339153	0.07533345
5.61000000	-0.37559576	-212.11677461	37.74352564	0.07500994
5.62000000	-0.37484727	-212.49421053	37.74365894	0.07468843
5.63000000	-0.37410199	-212.87164779	37.74379144	0.07436887
5.64000000	-0.37335989	-213.24908636	37.74392313	0.07405124
5.65000000	-0.37262096	-213.62652625	37.74405403	0.07373551
5.66000000	-0.37188517	-214.00396744	37.74418415	0.07342163
5.67000000	-0.37115252	-214.38140993	37.74431348	0.07310958
5.68000000	-0.37042297	-214.75885370	37.74444203	0.07279932
5.69000000	-0.36969652	-215.13629876	37.74456981	0.07249081
5.70000000	-0.36897315	-215.51374510	37.74469683	0.07218403
5.71000000	-0.36825284	-215.89119270	37.74482309	0.07187893
5.72000000	-0.36753557	-216.26864156	37.74494860	0.07157548
5.73000000	-0.36682132	-216.64609167	37.74507336	0.07127365
5.74000000	-0.36611009	-217.02354302	37.74519737	0.07097340
5.75000000	-0.36540185	-217.40099561	37.74532065	0.07067471
5.76000000	-0.36469659	-217.77844943	37.74544320	0.07037753
5.77000000	-0.36399429	-218.15590447	37.74556502	0.07008185
5.78000000	-0.36329495	-218.53336073	37.74568612	0.06978764
5.79000000	-0.36259854	-218.91081819	37.74580650	0.06949487
5.80000000	-0.36190505	-219.28827686	37.74592617	0.06920352
5.81000000	-0.36121446	-219.66573671	37.74604514	0.06891356
5.82000000	-0.36052677	-220.04319776	37.74616340	0.06862498
5.83000000	-0.35984196	-220.42065998	37.74628096	0.06833776
5.84000000	-0.35916001	-220.79812338	37.74639784	0.06805189
5.85000000	-0.35848092	-221.17558793	37.74651402	0.06776736
5.86000000	-0.35780466	-221.55305365	37.74662952	0.06748415
5.87000000	-0.35713123	-221.93052052	37.74674434	0.06720225
5.88000000	-0.35646061	-222.30798854	37.74685849	0.06692167
5.89000000	-0.35579279	-222.68545769	37.74697197	0.06664240
5.90000000	-0.35512776	-223.06292798	37.74708478	0.06636445
5.91000000	-0.35446550	-223.44039938	37.74719694	0.06608781
5.92000000	-0.35380600	-223.81787191	37.74730843	0.06581249
5.93000000	-0.35314924	-224.19534555	37.74741928	0.06553850
5.94000000	-0.35249522	-224.57282029	37.74752947	0.06526585
5.95000000	-0.35184392	-224.95029614	37.74763903	0.06499455
5.96000000	-0.35119533	-225.32777307	37.74774794	0.06472462
5.97000000	-0.35054942	-225.70525109	37.74785623	0.06445607
5.98000000	-0.34990620	-226.08273020	37.74796388	0.06418892
5.99000000	-0.34926564	-226.46021037	37.74807091	0.06392320
6.00000000	-0.34862773	-226.83769161	37.74817731	0.06365892
6.01000000	-0.34799246	-227.21517391	37.74828310	0.06339610
6.02000000	-0.34735980	-227.59265727	37.74838828	0.06313479
6.03000000	-0.34672976	-227.97014168	37.74849286	0.06287499
6.04000000	-0.34610230	-228.34762713	37.74859683	0.06261674
6.05000000	-0.34547742	-228.72511361	37.74870020	0.06236007
6.06000000	-0.34485509	-229.10260113	37.74880298	0.06210500
6.07000000	-0.34423531	-229.48008967	37.74890517	0.06185157
6.08000000	-0.34361806	-229.85757923	37.74900677	0.06159980
6.09000000	-0.34300331	-230.23506980	37.74910780	0.06134973
6.10000000	-0.34239106	-230.61256138	37.74920825	0.06110139
6.11000000	-0.34178128	-230.99005397	37.74930813	0.06085480
6.12000000	-0.34117395	-231.36754755	37.74940745	0.06061000
6.13000000	-0.34056907	-231.74504211	37.74950621	0.06036701
6.14000000	-0.33996661	-232.12253767	37.74960441	0.06012588
6.15000000	-0.33936655	-232.50003420	37.74970206	0.05988661
6.16000000	-0.33876887	-232.87753171	37.74979916	0.05964925
6.17000000	-0.33817355	-233.25503018	37.74989573	0.05941382
6.18000000	-0.33758059	-233.63252962	37.74999175	0.05918034
6.19000000	-0.33698994	-234.01003001	37.75008725	0.05894884
6.20000000	-0.33640160	-234.38753136	37.75018222	0.05871934
6.21000000	-0.33581555	-234.76503366	37.75027667	0.05849186
6.22000000	-0.33523176	-235.14253689	37.75037060	0.05826642
6.23000000	-0.33465021	-235.52004107	37.75046402	0.05804304
6.24000000	-0.33407089	-235.89754617	37.75055694	0.05782173
6.25000000	-0.33349377	-236.27505221	37.75064935	0.05760252
6.26000000	-0.33291883	-236.65255916	37.75074127	0.05738540
6.27000000	-0.33234606	-237.03006703	37.75083269	0.05717039
6.28000000	-0.33177542	-237.40757581	37.75092363	0.05695750
6.29000000	-0.33120690	-237.78508550	37.75101409	0.05674673
6.30000000	-0.33064048	-238.16259609	37.75110407	0.05653808
6.31000000	-0.33007613	-238.54010758	37.75119357	0.05633156
6.32000000	-0.32951384	-238.91761996	37.75128261	0.05612717
6.33000000	-0.32895358	-239.29513323	37.75137119	0.05592490
6.34000000	-0.32839533	-239.67264738	37.75145931	0.05572474
6.35000000	-0.32783908	-240.05016241	37.75154698	0.05552668
6.36000000	-0.32728479	-240.42767832	37.75163420	0.05533073
6.37000000	-0.32673246	-240.80519510	37.75172098	0.05513685
6.38000000	-0.32618205	-241.18271274	37.75180732	0.05494504
6.39000000	-0.32563355	-241.56023124	37.75189322	0.05475528
6.40000000	-0.32508694	-241.93775060	37.75197870	0.05456756
6.41000000	-0.32454219	-242.31527081	37.75206375	0.05438184
6.42000000	-0.32399929	-242.69279188	37.75214838	0.05419811
6.43000000	-0.32345822	-243.07031378	37.75223259	0.05401633
6.44000000	-0.32291896	-243.44783653	37.75231639	0.05383649
6.45000000	-0.32238149	-243.82536011	37.75239979	0.05365855
6.46000000	-0.32184578	-244.20288452	37.75248278	0.05348248
6.47000000	-0.32131183	-244.58040976	37.75256537	0.05330825
6.48000000	-0.32077961	-244.95793583	37.75264756	0.05313582
6.49000000	-0.32024911	-245.33546271	37.75272937	0.05296517
6.50000000	-0.31972030	-245.71299041	37.75281079	0.05279624
6.51000000	-0.31919318	-246.09051893	37.75289182	0.05262900
6.52000000	-0.31866772	-246.46804825	37.75297247	0.05246342
6.53000000	-0.31814390	-246.84557837	37.75305275	0.05229945
6.54000000	-0.31762172	-247.22310930	37.75313266	0.05213705
6.55000000	-0.31710116	-247.60064103	37.75321219	0.05197618
6.56000000	-0.31658219	-247.97817354	37.75329136	0.05181679
6.57000000	-0.31606482	-248.35570685	37.75337017	0.05165884
6.58000000	-0.31554901	-248.73324095	37.75344862	0.05150228
6.59000000	-0.31503477	-249.11077582	37.75352672	0.05134708
6.60000000	-0.31452207	-249.48831148	37.75360446	0.05119318
6.61000000	-0.31401090	-249.86584791	37.75368185	0.05104053
6.62000000	-0.31350125	-250.24338512	37.75375889	0.05088910
6.63000000	-0.31299311	-250.62092309	37.75383559	0.05073884
6.64000000	-0.31248647	-250.99846183	37.75391195	0.05058970
6.65000000	-0.31198132	-251.37600133	37.75398797	0.05044163
6.66000000	-0.31147764	-251.75354158	37.75406366	0.05029460
6.67000000	-0.31097542	-252.13108260	37.75413901	0.05014855
6.68000000	-0.31047466	-252.50862436	37.75421403	0.05000344
6.69000000	-0.30997535	-252.88616688	37.75428872	0.04985923
6.70000000	-0.30947747	-253.26371014	37.75436308	0.04971587
6.71000000	-0.30898103	-253.64125414	37.75443713	0.04957332
6.72000000	-0.30848601	-254.01879888	37.75451084	0.04943154
6.73000000	-0.30799240	-254.39634435	37.75458424	0.04929049
6.74000000	-0.30750019	-254.77389056	37.75465732	0.04915013
6.75000000	-0.30700939	-255.15143750	37.75473009	0.04901041
6.76000000	-0.30651998	-255.52898516	37.75480254	0.04887131
6.77000000	-0.30603196	-255.90653355	37.75487468	0.04873278
6.78000000	-0.30554533	-256.28408266	37.75494651	0.04859479
6.79000000	-0.30506007	-256.66163248	37.75501803	0.04845729
6.80000000	-0.30457618	-257.03918302	37.75508924	0.04832027
6.81000000	-0.30409366	-257.41673426	37.75516015	0.04818369
6.82000000	-0.30361250	-257.79428622	37.75523075	0.04804751
6.83000000	-0.30313271	-258.17183888	37.75530105	0.04791171
6.84000000	-0.30265427	-258.54939224	37.75537105	0.04777626
6.85000000	-0.30217718	-258.92694630	37.75544075	0.04764113
6.86000000	-0.30170144	-259.30450105	37.75551015	0.04750629
6.87000000	-0.30122705	-259.68205650	37.75557925	0.04737173
6.88000000	-0.30075401	-260.05961263	37.75564806	0.04723742
6.89000000	-0.30028230	-260.43716946	37.75571657	0.04710333
6.90000000	-0.29981194	-260.81472697	37.75578479	0.04696946
6.91000000	-0.29934292	-261.19228515	37.75585271	0.04683577
6.92000000	-0.29887522	-261.56984402	37.75592035	0.04670226
6.93000000	-0.29840887	-261.94740356	37.75598769	0.04656891
6.94000000	-0.29794385	-262.32496377	37.75605474	0.04643570
6.95000000	-0.29748015	-262.70252465	37.75612151	0.04630261
6.96000000	-0.29701779	-263.08008620	37.75618799	0.04616965
6.97000000	-0.29655676	-263.45764841	37.75625418	0.04603680
6.98000000	-0.29609706	-263.83521128	37.75632009	0.04590405
6.99000000	-0.29563868	-264.21277481	37.75638571	0.04577139
7.00000000	-0.29518163	-264.59033900	37.75645105	0.04563881
7.01000000	-0.29472590	-264.96790383	37.75651611	0.04550632
7.02000000	-0.29427150	-265.34546932	37.75658089	0.04537390
7.03000000	-0.29381843	-265.72303545	37.75664538	0.04524156
7.04000000	-0.29336667	-266.10060222	37.75670960	0.04510928
7.05000000	-0.29291624	-266.47816964	37.75677353	0.04497708
7.06000000	-0.29246713	-266.85573769	37.75683719	0.04484496
7.07000000	-0.29201934	-267.23330638	37.75690057	0.04471290
7.08000000	-0.29157287	-267.61087570	37.75696368	0.04458092
7.09000000	-0.29112772	-267.98844566	37.75702651	0.04444901
7.10000000	-0.29068389	-268.36601623	37.75708906	0.04431719
7.11000000	-0.29024138	-268.74358744	37.75715134	0.04418546
7.12000000	-0.28980018	-269.12115926	37.75721335	0.04405381
7.13000000	-0.28936030	-269.49873170	37.75727509	0.04392227
7.14000000	-0.28892174	-269.87630476	37.75733656	0.04379083
7.15000000	-0.28848448	-270.25387843	37.75739776	0.04365950
7.16000000	-0.28804855	-270.63145272	37.75745868	0.04352829
7.17000000	-0.28761392	-271.00902761	37.75751934	0.04339721
7.18000000	-0.28718060	-271.38660310	37.75757974	0.04326626
7.19000000	-0.28674859	-271.76417920	37.75763986	0.04313547
7.20000000	-0.28631789	-272.14175590	37.75769972	0.04300483
7.21000000	-0.28588849	-272.51933319	37.75775932	0.04287436
7.22000000	-0.28546040	-272.89691108	37.75781865	0.04274406
7.23000000	-0.28503361	-273.27448957	37.75787773	0.04261395
7.24000000	-0.28460812	-273.65206864	37.75793653	0.04248404
7.25000000	-0.28418393	-274.02964829	37.75799508	0.04235435
7.26000000	-0.28376104	-274.40722854	37.75805337	0.04222487
7.27000000	-0.28333943	-274.78480936	37.75811141	0.04209562
7.28000000	-0.28291912	-275.16239076	37.75816918	0.04196662
7.29000000	-0.28250010	-275.53997274	37.75822670	0.04183788
7.30000000	-0.28208236	-275.91755530	37.75828396	0.04170940
7.31000000	-0.28166591	-276.29513842	37.75834097	0.04158120
7.32000000	-0.28125074	-276.67272212	37.75839773	0.04145329
7.33000000	-0.28083684	-277.05030638	37.75845423	0.04132569
7.34000000	-0.28042422	-277.42789120	37.75851049	0.04119839
7.35000000	-0.28001288	-277.80547659	37.75856649	0.04107142
7.36000000	-0.27960279	-278.18306253	37.75862225	0.04094479
7.37000000	-0.27919398	-278.56064903	37.75867775	0.04081850
7.38000000	-0.27878642	-278.93823608	37.75873302	0.04069257
7.39000000	-0.27838013	-279.31582369	37.75878803	0.04056701
7.40000000	-0.27797508	-279.69341184	37.75884281	0.04044182
7.41000000	-0.27757129	-280.07100054	37.75889734	0.04031703
7.42000000	-0.27716874	-280.44858979	37.75895162	0.04019262
7.43000000	-0.27676743	-280.82617958	37.75900567	0.04006863
7.44000000	-0.27636737	-281.20376990	37.75905948	0.03994505
7.45000000	-0.27596853	-281.58136076	37.75911305	0.03982190
7.46000000	-0.27557093	-281.95895216	37.75916639	0.03969918
7.47000000	-0.27517455	-282.33654409	37.75921948	0.03957690
7.48000000	-0.27477939	-282.71413655	37.75927235	0.03945508
7.49000000	-0.27438544	-283.09172954	37.75932498	0.03933371
7.50000000	-0.27399271	-283.46932305	37.75937738	0.03921280
7.51000000	-0.27360119	-283.84691708	37.75942955	0.03909237
7.52000000	-0.27321086	-284.22451164	37.75948149	0.03897242
7.53000000	-0.27282174	-284.60210671	37.75953320	0.03885295
7.54000000	-0.27243380	-284.97970230	37.75958468	0.03873397
7.55000000	-0.27204705	-285.35729841	37.75963594	0.03861549
7.56000000	-0.27166149	-285.73489502	37.75968698	0.03849751
7.57000000	-0.27127710	-286.11249215	37.75973779	0.03838003
7.58000000	-0.27089389	-286.49008978	37.75978838	0.03826307
7.59000000	-0.27051184	-286.86768791	37.75983874	0.03814662
7.60000000	-0.27013095	-287.24528655	37.75988889	0.03803069
7.61000000	-0.26975122	-287.62288569	37.75993883	0.03791529
7.62000000	-0.26937265	-288.00048533	37.75998854	0.03780041
7.63000000	-0.26899521	-288.37808546	37.76003804	0.03768606
7.64000000	-0.26861892	-288.75568609	37.76008733	0.03757224
7.65000000	-0.26824377	-289.13328721	37.76013640	0.03745895
7.66000000	-0.26786974	-289.51088881	37.76018526	0.03734620
7.67000000	-0.26749684	-289.88849091	37.76023391	0.03723399
7.68000000	-0.26712506	-290.26609349	37.76028235	0.03712232
7.69000000	-0.26675439	-290.64369656	37.76033058	0.03701119
7.70000000	-0.26638484	-291.02130010	37.76037861	0.03690060
7.71000000	-0.26601638	-291.39890413	37.76042643	0.03679055
7.72000000	-0.26564902	-291.77650863	37.76047404	0.03668104
7.73000000	-0.26528276	-292.15411361	37.76052146	0.03657208
7.74000000	-0.26491758	-292.53171906	37.76056867	0.03646365
7.75000000	-0.26455348	-292.90932498	37.76061568	0.03635577
7.76000000	-0.26419046	-293.28693137	37.76066249	0.03624843
7.77000000	-0.26382851	-293.66453823	37.76070910	0.03614164
7.78000000	-0.26346763	-294.04214555	37.76075552	0.03603538
7.79000000	-0.26310780	-294.41975334	37.76080174	0.03592965
7.80000000	-0.26274903	-294.79736159	37.76084776	0.03582447
7.81000000	-0.26239131	-295.17497029	37.76089360	0.03571982
7.82000000	-0.26203463	-295.55257946	37.76093924	0.03561571
7.83000000	-0.26167900	-295.93018908	37.76098468	0.03551212
7.84000000	-0.26132439	-296.30779915	37.76102994	0.03540907
7.85000000	-0.26097081	-296.68540968	37.76107501	0.03530654
7.86000000	-0.26061826	-297.06302065	37.76111990	0.03520454
7.87000000	-0.26026672	-297.44063207	37.76116459	0.03510306
7.88000000	-0.25991619	-297.81824394	37.76120910	0.03500210
7.89000000	-0.25956668	-298.19585625	37.76125343	0.03490166
7.90000000	-0.25921816	-298.57346901	37.76129758	0.03480174
7.91000000	-0.25887064	-298.95108221	37.76134154	0.03470232
7.92000000	-0.25852411	-299.32869584	37.76138532	0.03460342
7.93000000	-0.25817857	-299.70630991	37.76142892	0.03450502
7.94000000	-0.25783401	-300.08392442	37.76147234	0.03440712
7.95000000	-0.25749043	-300.46153936	37.76151559	0.03430972
7.96000000	-0.25714781	-300.83915473	37.76155866	0.03421282
7.97000000	-0.25680617	-301.21677053	37.76160155	0.03411642
7.98000000	-0.25646548	-301.59438676	37.76164427	0.03402050
7.99000000	-0.25612576	-301.97200342	37.76168682	0.03392506
8.00000000	-0.25578698	-302.34962050	37.76172919	0.03383011
