T	Ut	Ft	St	Ct
0.01000000	-2.00000000	-2.00000000	0.00000000	0.00000000
0.02000000	-2.00000000	-2.00000000	0.00000000	0.00000000
0.03000000	-2.00000000	-2.00000000	0.00000000	0.00000000
0.04000000	-2.00000000	-2.00000000	0.00000000	0.00000000
0.05000000	-2.00000000	-2.00000000	0.00000000	0.00000000
0.06000000	-2.00000000	-2.00000000	-0.00000000	0.00000000
0.07000000	-2.00000000	-2.00000000	0.00000000	0.00000000
0.08000000	-2.00000000	-2.00000000	0.00000000	0.00000000
0.09000000	-2.00000000	-2.00000000	-0.00000000	0.00000000
0.10000000	-2.00000000	-2.00000000	-0.00000000	0.00000000
0.11000000	-2.00000000	-2.00000000	0.00000000	0.00000000
0.12000000	-2.00000000	-2.00000000	-0.00000000	0.00000000
0.13000000	-2.00000000	-2.00000000	0.00000000	-0.00000000
0.14000000	-2.00000000	-2.00000000	0.00000000	0.00000000
0.15000000	-2.00000000	-2.00000000	0.00000000	0.00000000
0.16000000	-2.00000000	-2.00000000	0.00000000	0.00000000
0.17000000	-2.00000000	-2.00000000	0.00000000	0.00000000
0.18000000	-2.00000000	-2.00000000	0.00000000	0.00000000
0.19000000	-2.00000000	-2.00000000	0.00000000	0.00000000
0.20000000	-2.00000000	-2.00000000	0.00000000	0.00000000
0.21000000	-2.00000000	-2.00000000	0.00000000	0.00000001
0.22000000	-2.00000000	-2.00000000	0.00000000	0.00000002
0.23000000	-2.00000000	-2.00000000	0.00000000	0.00000003
0.24000000	-2.00000000	-2.00000000	0.00000000	0.00000006
0.25000000	-2.00000000	-2.00000000	0.00000001	0.00000011
0.26000000	-2.00000000	-2.00000000	0.00000001	0.00000019
0.27000000	-1.99999999	-2.00000000	0.00000002	0.00000032
0.28000000	-1.99999999	-2.00000000	0.00000004	0.00000050
0.29000000	-1.99999998	-2.00000000	0.00000006	0.00000076
0.30000000	-1.99999997	-2.00000000	0.00000009	0.00000112
0.31000000	-1.99999996	-2.00000000	0.00000014	0.00000162
0.32000000	-1.99999994	-2.00000000	0.00000020	0.00000227
0.33000000	-1.99999991	-2.00000001	0.00000028	0.00000312
0.34000000	-1.99999988	-2.00000001	0.00000039	0.00000420
0.35000000	-1.99999983	-2.00000001	0.00000053	0.00000555
0.36000000	-1.99999977	-2.00000002	0.00000071	0.00000721
0.37000000	-1.99999968	-2.00000003	0.00000093	0.00000921
0.38000000	-1.99999958	-2.00000004	0.00000121	0.00001161
0.39000000	-1.99999945	-2.00000005	0.00000154	0.00001444
0.40000000	-1.99999929	-2.00000007	0.00000195	0.00001774
0.41000000	-1.99999909	-2.00000009	0.00000243	0.00002154
0.42000000	-1.99999886	-2.00000012	0.00000300	0.00002590
0.43000000	-1.99999857	-2.00000015	0.00000367	0.00003084
0.44000000	-1.99999824	-2.00000019	0.00000444	0.00003639
0.45000000	-1.99999784	-2.00000024	0.00000533	0.00004258
0.46000000	-1.99999739	-2.00000030	0.00000634	0.00004944
0.47000000	-1.99999685	-2.00000037	0.00000748	0.00005698
0.48000000	-1.99999624	-2.00000045	0.00000877	0.00006524
0.49000000	-1.99999555	-2.00000055	0.00001020	0.00007421
0.50000000	-1.99999476	-2.00000066	0.00001180	0.00008392
0.51000000	-1.99999387	-2.00000078	0.00001356	0.00009437
0.52000000	-1.99999287	-2.00000093	0.00001550	0.00010557
0.53000000	-1.99999175	-2.00000109	0.00001762	0.00011751
0.54000000	-1.99999051	-2.00000128	0.00001994	0.00013020
0.55000000	-1.99998915	-2.00000149	0.00002245	0.00014363
0.56000000	-1.99998764	-2.00000173	0.00002516	0.00015779
0.57000000	-1.99998599	-2.00000200	0.00002809	0.00017267
0.58000000	-1.99998418	-2.00000229	0.00003122	0.00018826
0.59000000	-1.99998222	-2.00000262	0.00003458	0.00020455
0.60000000	-1.99998009	-2.00000298	0.00003816	0.00022151
0.61000000	-1.99997779	-2.00000339	0.00004196	0.00023912
0.62000000	-1.99997531	-2.00000382	0.00004600	0.00025738
0.63000000	-1.99997264	-2.00000431	0.00005027	0.00027624
0.64000000	-1.99996978	-2.00000483	0.00005477	0.00029570
0.65000000	-1.99996672	-2.00000540	0.00005951	0.00031573
0.66000000	-1.99996346	-2.00000602	0.00006448	0.00033630
0.67000000	-1.99995999	-2.00000669	0.00006970	0.00035740
0.68000000	-1.99995631	-2.00000742	0.00007515	0.00037898
0.69000000	-1.99995241	-2.00000820	0.00008085	0.00040103
0.70000000	-1.99994829	-2.00000903	0.00008678	0.00042352
0.71000000	-1.99994394	-2.00000993	0.00009295	0.00044642
0.72000000	-1.99993936	-2.00001089	0.00009935	0.00046971
0.73000000	-1.99993455	-2.00001192	0.00010599	0.00049337
0.74000000	-1.99992949	-2.00001301	0.00011287	0.00051736
0.75000000	-1.99992420	-2.00001418	0.00011998	0.00054166
0.76000000	-1.99991866	-2.00001541	0.00012731	0.00056624
0.77000000	-1.99991287	-2.00001673	0.00013488	0.00059109
0.78000000	-1.99990684	-2.00001811	0.00014266	0.00061617
0.79000000	-1.99990055	-2.00001958	0.00015067	0.00064147
0.80000000	-1.99989401	-2.00002113	0.00015890	0.00066696
0.81000000	-1.99988721	-2.00002276	0.00016735	0.00069262
0.82000000	-1.99988015	-2.00002447	0.00017600	0.00071842
0.83000000	-1.99987284	-2.00002628	0.00018487	0.00074435
0.84000000	-1.99986527	-2.00002817	0.00019394	0.00077039
0.85000000	-1.99985743	-2.00003016	0.00020321	0.00079652
0.86000000	-1.99984933	-2.00003224	0.00021268	0.00082271
0.87000000	-1.99984098	-2.00003441	0.00022234	0.00084895
0.88000000	-1.99983236	-2.00003669	0.00023219	0.00087523
0.89000000	-1.99982347	-2.00003906	0.00024223	0.00090152
0.90000000	-1.99981432	-2.00004153	0.00025245	0.00092782
0.91000000	-1.99980492	-2.00004411	0.00026285	0.00095410
0.92000000	-1.99979524	-2.00004679	0.00027342	0.00098036
0.93000000	-1.99978531	-2.00004958	0.00028416	0.00100658
0.94000000	-1.99977511	-2.00005247	0.00029506	0.00103274
0.95000000	-1.99976465	-2.00005548	0.00030613	0.00105884
0.96000000	-1.99975393	-2.00005859	0.00031735	0.00108486
0.97000000	-1.99974296	-2.00006183	0.00032873	0.00111080
0.98000000	-1.99973172	-2.00006517	0.00034026	0.00113664
0.99000000	-1.99972022	-2.00006863	0.00035193	0.00116237
1.00000000	-1.99970847	-2.00007221	0.00036374	0.00118800
1.01000000	-1.99969646	-2.00007591	0.00037568	0.00121350
1.02000000	-1.99968420	-2.00007972	0.00038777	0.00123887
1.03000000	-1.99967169	-2.00008366	0.00039997	0.00126412
1.04000000	-1.99965892	-2.00008772	0.00041231	0.00128922
1.05000000	-1.99964590	-2.00009191	0.00042477	0.00131418
1.06000000	-1.99963264	-2.00009622	0.00043734	0.00133900
1.07000000	-1.99961912	-2.00010066	0.00045003	0.00136367
1.08000000	-1.99960536	-2.00010522	0.00046283	0.00138818
1.09000000	-1.99959136	-2.00010991	0.00047574	0.00141255
1.10000000	-1.99957711	-2.00011473	0.00048875	0.00143677
1.11000000	-1.99956263	-2.00011969	0.00050186	0.00146083
1.12000000	-1.99954790	-2.00012477	0.00051507	0.00148475
1.13000000	-1.99953293	-2.00012999	0.00052837	0.00150853
1.14000000	-1.99951773	-2.00013534	0.00054176	0.00153217
1.15000000	-1.99950229	-2.00014082	0.00055525	0.00155567
1.16000000	-1.99948662	-2.00014645	0.00056882	0.00157906
1.17000000	-1.99947071	-2.00015220	0.00058247	0.00160233
1.18000000	-1.99945457	-2.00015809	0.00059621	0.00162551
1.19000000	-1.99943820	-2.00016413	0.00061002	0.00164860
1.20000000	-1.99942160	-2.00017030	0.00062392	0.00167163
1.21000000	-1.99940477	-2.00017660	0.00063788	0.00169461
1.22000000	-1.99938770	-2.00018305	0.00065193	0.00171757
1.23000000	-1.99937041	-2.00018964	0.00066604	0.00174055
1.24000000	-1.99935289	-2.00019637	0.00068023	0.00176356
1.25000000	-1.99933514	-2.00020325	0.00069448	0.00178667
1.26000000	-1.99931716	-2.00021026	0.00070881	0.00180990
1.27000000	-1.99929894	-2.00021742	0.00072321	0.00183332
1.28000000	-1.99928049	-2.00022473	0.00073768	0.00185698
1.29000000	-1.99926180	-2.00023218	0.00075223	0.00188096
1.30000000	-1.99924287	-2.00023977	0.00076685	0.00190534
1.31000000	-1.99922370	-2.00024752	0.00078154	0.00193022
1.32000000	-1.99920427	-2.00025541	0.00079632	0.00195571
1.33000000	-1.99918458	-2.00026344	0.00081118	0.00198195
1.34000000	-1.99916462	-2.00027163	0.00082612	0.00200909
1.35000000	-1.99914439	-2.00027997	0.00084116	0.00203730
1.36000000	-1.99912387	-2.00028845	0.00085631	0.00206681
1.37000000	-1.99910305	-2.00029709	0.00087156	0.00209784
1.38000000	-1.99908191	-2.00030588	0.00088694	0.00213070
1.39000000	-1.99906043	-2.00031483	0.00090245	0.00216573
1.40000000	-1.99903859	-2.00032393	0.00091810	0.00220331
1.41000000	-1.99901635	-2.00033319	0.00093393	0.00224393
1.42000000	-1.99899370	-2.00034261	0.00094994	0.00228814
1.43000000	-1.99897058	-2.00035219	0.00096616	0.00233660
1.44000000	-1.99894695	-2.00036194	0.00098263	0.00239009
1.45000000	-1.99892276	-2.00037185	0.00099937	0.00244955
1.46000000	-1.99889793	-2.00038193	0.00101643	0.00251610
1.47000000	-1.99887241	-2.00039218	0.00103386	0.00259106
1.48000000	-1.99884608	-2.00040260	0.00105171	0.00267605
1.49000000	-1.99881884	-2.00041321	0.00107005	0.00277298
1.50000000	-1.99879057	-2.00042401	0.00108896	0.00288419
1.51000000	-1.99876110	-2.00043499	0.00110854	0.00301251
1.52000000	-1.99873025	-2.00044618	0.00112890	0.00316136
1.53000000	-1.99869779	-2.00045757	0.00115018	0.00333492
1.54000000	-1.99866346	-2.00046919	0.00117255	0.00353832
1.55000000	-1.99862691	-2.00048103	0.00119621	0.00377783
1.56000000	-1.99858775	-2.00049312	0.00122139	0.00406121
1.57000000	-1.99854551	-2.00050546	0.00124838	0.00439802
1.58000000	-1.99849958	-2.00051809	0.00127754	0.00480014
1.59000000	-1.99844924	-2.00053102	0.00130930	0.00528238
1.60000000	-1.99839360	-2.00054429	0.00134418	0.00586325
1.61000000	-1.99833157	-2.00055792	0.00138283	0.00656597
1.62000000	-1.99826178	-2.00057196	0.00142604	0.00741979
1.63000000	-1.99818254	-2.00058646	0.00147479	0.00846172
1.64000000	-1.99809176	-2.00060148	0.00153032	0.00973870
1.65000000	-1.99798679	-2.00061709	0.00159412	0.01131055
1.66000000	-1.99786431	-2.00063339	0.00166812	0.01325373
1.67000000	-1.99772015	-2.00065050	0.00175470	0.01566633
1.68000000	-1.99754901	-2.00066854	0.00185687	0.01867464
1.69000000	-1.99734414	-2.00068770	0.00197844	0.02244176
1.70000000	-1.99709694	-2.00070819	0.00212426	0.02717895
1.71000000	-1.99679642	-2.00073029	0.00230051	0.03316069
1.72000000	-1.99642840	-2.00075433	0.00251507	0.04074436
1.73000000	-1.99597465	-2.00078075	0.00277809	0.05039628
1.74000000	-1.99541157	-2.00081009	0.00310260	0.06272573
1.75000000	-1.99470858	-2.00084306	0.00350542	0.07852929
1.76000000	-1.99382597	-2.00088053	0.00400827	0.09884806
1.77000000	-1.99271209	-2.00092365	0.00463930	0.12504039
1.78000000	-1.99129975	-2.00097387	0.00543490	0.15887251
1.79000000	-1.98950163	-2.00103305	0.00644213	0.20262756
1.80000000	-1.98720446	-2.00110362	0.00772175	0.25923021
1.81000000	-1.98426198	-2.00118865	0.00935175	0.33237595
1.82000000	-1.98048665	-2.00129215	0.01143159	0.42664074
1.83000000	-1.97564054	-2.00141920	0.01408670	0.54752299
1.84000000	-1.96942648	-2.00157632	0.01747274	0.70133449
1.85000000	-1.96148160	-2.00177172	0.02177844	0.89480993
1.86000000	-1.95137684	-2.00201568	0.02722518	1.13425649
1.87000000	-1.93862819	-2.00232085	0.03406024	1.42404842
1.88000000	-1.92272672	-2.00270237	0.04254024	1.76435041
1.89000000	-1.90319483	-2.00317793	0.05290111	2.14822304
1.90000000	-1.87967197	-2.00376725	0.06531330	2.55878937
1.91000000	-1.85202301	-2.00449122	0.07982629	2.96782654
1.92000000	-1.82044604	-2.00537038	0.09631476	3.33755497
1.93000000	-1.78554085	-2.00642301	0.11444671	3.62681120
1.94000000	-1.74829595	-2.00766305	0.13369438	3.80078953
1.95000000	-1.70997372	-2.00909842	0.15339728	3.84092362
1.96000000	-1.67191558	-2.01073020	0.17286460	3.75031404
1.97000000	-1.63532797	-2.01255287	0.19148472	3.55195399
1.98000000	-1.60111911	-2.01455555	0.20880628	3.28087534
1.99000000	-1.56982820	-2.01672379	0.22457065	2.97427070
2.00000000	-1.54164588	-2.01904149	0.23869780	2.66367758
2.01000000	-1.51649332	-2.02149246	0.25124335	2.37115040
2.02000000	-1.49412058	-2.02406154	0.26234701	2.10905127
2.03000000	-1.47419502	-2.02673519	0.27218728	1.88196446
2.04000000	-1.45636634	-2.02950169	0.28094870	1.68926826
2.05000000	-1.44030660	-2.03235114	0.28880222	1.52745123
2.06000000	-1.42573005	-2.03527521	0.29589571	1.39181199
2.07000000	-1.41239922	-2.03826693	0.30235155	1.27752930
2.08000000	-1.40012291	-2.04132044	0.30826804	1.18023673
2.09000000	-1.38875018	-2.04443075	0.31372277	1.09626365
2.10000000	-1.37816309	-2.04759356	0.31877642	1.02267738
2.11000000	-1.36826959	-2.05080511	0.32347655	0.95722192
2.12000000	-1.35899721	-2.05406204	0.32786077	0.89821335
2.13000000	-1.35028795	-2.05736137	0.33195935	0.84442669
2.14000000	-1.34209420	-2.06070036	0.33579727	0.79499172
2.15000000	-1.33437565	-2.06407652	0.33939575	0.74930550
2.16000000	-1.32709696	-2.06748754	0.34277342	0.70696353
2.17000000	-1.32022610	-2.07093131	0.34594710	0.66770849
2.18000000	-1.31373300	-2.07440585	0.34893250	0.63139480
2.19000000	-1.30758859	-2.07790938	0.35174465	0.59796646
2.20000000	-1.30176398	-2.08144022	0.35439829	0.56744655
2.21000000	-1.29622964	-2.08499686	0.35690825	0.53993676
2.22000000	-1.29095459	-2.08857796	0.35928980	0.51562635
2.23000000	-1.28590548	-2.09218229	0.36155911	0.49481070
2.24000000	-1.28104531	-2.09580882	0.36373371	0.47792010
2.25000000	-1.27633200	-2.09945671	0.36583321	0.46556046
2.26000000	-1.27171625	-2.10312531	0.36788012	0.45856836
2.27000000	-1.26713898	-2.10681422	0.36990099	0.45808341
2.28000000	-1.26252783	-2.11052335	0.37192786	0.46564143
2.29000000	-1.25779258	-2.11425293	0.37400015	0.48329190
2.30000000	-1.25281942	-2.11800367	0.37616707	0.51374164
2.31000000	-1.24746342	-2.12177679	0.37849064	0.56052332
2.32000000	-1.24153950	-2.12557426	0.38104947	0.62817972
2.33000000	-1.23481130	-2.12939890	0.38394318	0.72244043
2.34000000	-1.22697870	-2.13325466	0.38729742	0.85034357
2.35000000	-1.21766464	-2.13714690	0.39126904	1.02021592
2.36000000	-1.20640347	-2.14108273	0.39605054	1.24137092
2.37000000	-1.19263445	-2.14507137	0.40187212	1.52331893
2.38000000	-1.17570678	-2.14912452	0.40899905	1.87423441
2.39000000	-1.15490462	-2.15325667	0.41772052	2.29844750
2.40000000	-1.12950234	-2.15748522	0.42832620	2.79292493
2.41000000	-1.09885847	-2.16183032	0.44106716	3.34319463
2.42000000	-1.06254830	-2.16631422	0.45610162	3.91997624
2.43000000	-1.02051807	-2.17096003	0.47343291	4.47863516
2.44000000	-0.97322064	-2.17578988	0.49285625	4.96375743
2.45000000	-0.92167498	-2.18082271	0.51393785	5.31973961
2.46000000	-0.86739746	-2.18607207	0.53604659	5.50516733
2.47000000	-0.81219217	-2.19154459	0.55844228	5.50554731
2.48000000	-0.75784792	-2.19723944	0.58039981	5.33844177
2.49000000	-0.70583443	-2.20314914	0.60133121	5.04850488
2.50000000	-0.65708927	-2.20926139	0.62086885	4.69514657
2.51000000	-0.61194079	-2.21556145	0.63889269	4.33866050
2.52000000	-0.57015544	-2.22203453	0.65550758	4.02985856
2.53000000	-0.53106181	-2.22866782	0.67099052	3.80508989
2.54000000	-0.49370106	-2.23545185	0.68572866	3.68564893
2.55000000	-0.45697030	-2.24238137	0.70016121	3.67938791
2.56000000	-0.41974712	-2.24945554	0.71472985	3.78264446
2.57000000	-0.38099749	-2.25667777	0.72983668	3.98156039
2.58000000	-0.33987365	-2.26405516	0.74580679	4.25286986
2.59000000	-0.29580346	-2.27159751	0.76285485	4.56496470
2.60000000	-0.24856326	-2.27931613	0.78105879	4.88033516
2.61000000	-0.19831575	-2.28722232	0.80034735	5.16018360
2.62000000	-0.14559086	-2.29532600	0.82050959	5.37108122
2.63000000	-0.09119518	-2.30363438	0.84123164	5.49229421
2.64000000	-0.03605385	-2.31215131	0.86215813	5.52155170
2.65000000	0.01898858	-2.32087715	0.88296820	5.47726117
2.66000000	0.07336842	-2.32980956	0.90345037	5.39654408
2.67000000	0.12696637	-2.33894490	0.92356227	5.33014428
2.68000000	0.18021250	-2.34828009	0.94346739	5.33614589
2.69000000	0.23412923	-2.35781481	0.96354797	5.47399044
2.70000000	0.29031684	-2.36755359	0.98439646	5.79883615
2.71000000	0.35087832	-2.37750785	1.00678456	6.35469225
2.72000000	0.41825937	-2.38769738	1.03160174	7.16392916
2.73000000	0.49495846	-2.39815100	1.05974706	8.21177645
2.74000000	0.58306524	-2.40890592	1.09196028	9.42844828
2.75000000	0.68364541	-2.42000503	1.12860016	10.67859170
2.76000000	0.79612127	-2.43149196	1.16942508	11.77364631
2.77000000	0.91794185	-2.44340437	1.21348239	12.51785412
2.78000000	1.04484713	-2.45576721	1.25921379	12.77677570
2.79000000	1.17178290	-2.46858812	1.30479248	12.53156861
2.80000000	1.29412456	-2.48185698	1.34856484	11.88259844
2.81000000	1.40865836	-2.49554955	1.38939783	11.00070369
2.82000000	1.51394953	-2.50963345	1.42680248	10.06047944
2.83000000	1.61011678	-2.52407435	1.46084492	9.19285755
2.84000000	1.69829574	-2.53884054	1.49194939	8.47026935
2.85000000	1.78008525	-2.55390548	1.52069850	7.91555315
2.86000000	1.85713791	-2.56924865	1.54768761	7.51967166
2.87000000	1.93092660	-2.58485514	1.57344312	7.25804249
2.88000000	2.00264952	-2.60071483	1.59839040	7.10171604
2.89000000	2.07322091	-2.61682133	1.62285199	7.02354137
2.90000000	2.14330458	-2.63317103	1.64706056	7.00080801
2.91000000	2.21336245	-2.64976224	1.67117687	7.01584340
2.92000000	2.28370346	-2.66659462	1.69530756	7.05561142
2.93000000	2.35452618	-2.68366867	1.71952043	7.11092994
2.94000000	2.42595307	-2.70098544	1.74385664	7.17562462
2.95000000	2.49805663	-2.71854630	1.76833997	7.24575855
2.96000000	2.57087842	-2.73635278	1.79298351	7.31898378
2.97000000	2.64444227	-2.75440652	1.81779421	7.39401939
2.98000000	2.71876274	-2.77270923	1.84277583	7.47024529
2.99000000	2.79385025	-2.79126262	1.86793072	7.54739882
3.00000000	2.86971342	-2.81006843	1.89326062	7.62536244
3.01000000	2.94635986	-2.82912842	1.91876687	7.70403274
3.02000000	3.02379594	-2.84844436	1.94445043	7.78325999
3.03000000	3.10202625	-2.86801802	1.97031164	7.86284579
3.04000000	3.18105335	-2.88785118	1.99635017	7.94258247
3.05000000	3.26087788	-2.90794561	2.02256508	8.02231573
3.06000000	3.34149951	-2.92830307	2.04895509	8.10201052
3.07000000	3.42291839	-2.94892529	2.07551912	8.18180215
3.08000000	3.50513696	-2.96981403	2.10225681	8.26201925
3.09000000	3.58816188	-2.99097101	2.12916922	8.34317218
3.10000000	3.67200567	-3.01239800	2.15625925	8.42590818
3.11000000	3.75668770	-3.03409681	2.18353200	8.51094159
3.12000000	3.84223450	-3.05606928	2.21099480	8.59897196
3.13000000	3.92867917	-3.07831737	2.23865704	8.69060412
3.14000000	4.01606009	-3.10084312	2.26652969	8.78628241
3.15000000	4.10441913	-3.12364870	2.29462471	8.88624662
3.16000000	4.19379939	-3.14673640	2.32295436	8.99051210
3.17000000	4.28424304	-3.17010861	2.35153049	9.09887167
3.18000000	4.37578912	-3.19376786	2.38036383	9.21091348
3.19000000	4.46847164	-3.21771677	2.40946345	9.32604889
3.20000000	4.56231797	-3.24195804	2.43883626	9.44354500
3.21000000	4.65734760	-3.26649442	2.46848661	9.56255950
3.22000000	4.75357118	-3.29132871	2.49841611	9.68217812
3.23000000	4.85099003	-3.31646367	2.52862344	9.80145679
3.24000000	4.94959610	-3.34190209	2.55910438	9.91947158
3.25000000	5.04937242	-3.36764665	2.58985202	10.03537793
3.26000000	5.15029428	-3.39369999	2.62085714	10.14847883
3.27000000	5.25233102	-3.42006461	2.65210876	10.25829809
3.28000000	5.35544865	-3.44674294	2.68359500	10.36465210
3.29000000	5.45961304	-3.47373726	2.71530404	10.46771028
3.30000000	5.56479369	-3.50104973	2.74722528	10.56803309
3.31000000	5.67096772	-3.52868244	2.77935050	10.66657576
3.32000000	5.77812361	-3.55663740	2.81167500	10.76464785
3.33000000	5.88626434	-3.58491661	2.84419848	10.86382231
3.34000000	5.99540939	-3.61352205	2.87692558	10.96579413
3.35000000	6.10559502	-3.64245583	2.90986593	11.07219698
3.36000000	6.21687270	-3.67172013	2.94303358	11.18439624
3.37000000	6.32930532	-3.70131731	2.97644589	11.30328551
3.38000000	6.44296165	-3.73124992	3.01012177	11.42912101
3.39000000	6.55790940	-3.76152069	3.04407967	11.56142957
3.40000000	6.67420791	-3.79213251	3.07833542	11.69902077
3.41000000	6.79190155	-3.82308843	3.11290029	11.84011995
3.42000000	6.91101498	-3.85439157	3.14777969	11.98261837
3.43000000	7.03155152	-3.88604507	3.18297277	12.12441055
3.44000000	7.15349498	-3.91805205	3.21847297	12.26376518
3.45000000	7.27681518	-3.95041552	3.25426977	12.39965866
3.46000000	7.40147620	-3.98313839	3.29035104	12.53199770
3.47000000	7.52744615	-4.01622345	3.32670594	12.66167173
3.48000000	7.65470644	-4.04967340	3.36332754	12.79040634
3.49000000	7.78325857	-4.08349089	3.40021474	12.92042967
3.50000000	7.91312693	-4.11767859	3.43737301	13.05400537
3.51000000	8.04435658	-4.15223929	3.47481364	13.19291911
3.52000000	8.17700608	-4.18717586	3.51255169	13.33802203
3.53000000	8.31113652	-4.22249136	3.55060280	13.48893054
3.54000000	8.44679854	-4.25818900	3.58897953	13.64395554
3.55000000	8.58402008	-4.29427206	3.62768793	13.80029053
3.56000000	8.72279706	-4.33074386	3.66672498	13.95443269
3.57000000	8.86308928	-4.36760761	3.70607756	14.10275680
3.58000000	9.00482222	-4.40486638	3.74572307	14.24212220
3.59000000	9.14789456	-4.44252295	3.78563162	14.37038088
3.60000000	9.29218981	-4.48057978	3.82576933	14.48667762
3.61000000	9.43758969	-4.51903899	3.86610213	14.59148763
3.62000000	9.58398651	-4.55790237	3.90659914	14.68640737
3.63000000	9.73129264	-4.59717143	3.94723528	14.77377888
3.64000000	9.87944581	-4.63684748	3.98799266	14.85626541
3.65000000	10.02841046	-4.67693166	4.02886085	14.93649486
3.66000000	10.17817616	-4.71742505	4.06983640	15.01684968
3.67000000	10.32875487	-4.75832875	4.11092197	15.09942211
3.68000000	10.48017828	-4.79964389	4.15212559	15.18609336
3.69000000	10.63249637	-4.84137170	4.19346018	15.27865492
3.70000000	10.78577693	-4.88351358	4.23494338	15.37888235
3.71000000	10.94010533	-4.92607113	4.27659743	15.48849711
3.72000000	11.09558322	-4.96904619	4.31844877	15.60900096
3.73000000	11.25232515	-5.01244087	4.36052708	15.74142067
3.74000000	11.41045241	-5.05625759	4.40286364	15.88604120
3.75000000	11.57008461	-5.10049910	4.44548899	16.04221782
3.76000000	11.73133001	-5.14516843	4.48843044	16.20833864
3.77000000	11.89427646	-5.19026884	4.53170963	16.38196579
3.78000000	12.05898447	-5.23580379	4.57534081	16.56013082
3.79000000	12.22548378	-5.28177685	4.61932998	16.73971595
3.80000000	12.39377384	-5.32819158	4.66367511	16.91783380
3.81000000	12.56382764	-5.37505151	4.70836723	17.09212882
3.82000000	12.73559811	-5.42236003	4.75339218	17.26095905
3.83000000	12.90902564	-5.47012040	4.79873265	17.42346037
3.84000000	13.08404580	-5.51833568	4.84437018	17.57952907
3.85000000	13.26059671	-5.56700874	4.89028713	17.72976717
3.86000000	13.43862579	-5.61614230	4.93646842	17.87541818
3.87000000	13.61809576	-5.66573895	4.98290303	18.01828916
3.88000000	13.79898977	-5.71580119	5.02958530	18.16062718
3.89000000	13.98131480	-5.76633148	5.07651575	18.30491203
3.90000000	14.16510256	-5.81733235	5.12370126	18.45354886
3.91000000	14.35040688	-5.86880640	5.17115429	18.60848752
3.92000000	14.53729716	-5.92075638	5.21889121	18.77084164
3.93000000	14.72584856	-5.97318523	5.26692972	18.94060877
3.94000000	14.91613016	-6.02609604	5.31528584	19.11658834
3.95000000	15.10819368	-6.07949204	5.36397107	19.29655455
3.96000000	15.30206511	-6.13337657	5.41299032	19.47767724
3.97000000	15.49774154	-6.18775296	5.46234118	19.65711510
3.98000000	15.69519428	-6.24262447	5.51201476	19.83265468
3.99000000	15.89437798	-6.29799428	5.56199806	20.00325035
4.00000000	16.09524410	-6.35386542	5.61227738	20.16933959
4.01000000	16.29775607	-6.41024078	5.66284211	20.33285784
4.02000000	16.50190307	-6.46712320	5.71368813	20.49694254
4.03000000	16.70770944	-6.52451550	5.76482008	20.66538136
4.04000000	16.91523776	-6.58242060	5.81625207	20.84191310
4.05000000	17.12458478	-6.64084161	5.86800652	21.02952384
4.06000000	17.33587094	-6.69978190	5.92011154	21.22989239
4.07000000	17.54922567	-6.75924511	5.97259724	21.44312351
4.08000000	17.76477188	-6.81923521	6.02549193	21.66786104
4.09000000	17.98261356	-6.87975639	6.07881906	21.90179472
4.10000000	18.20283016	-6.94081309	6.13259591	22.14247279
4.11000000	18.42547977	-7.00240985	6.18683446	22.38822990
4.12000000	18.65061115	-7.06455135	6.24154429	22.63897005
4.13000000	18.87828174	-7.12724234	6.29673707	22.89654108
4.14000000	19.10857655	-7.19048776	6.35243099	23.16451863
4.15000000	19.34162174	-7.25429273	6.40865409	23.44737259
4.16000000	19.57758737	-7.31866273	6.46544474	23.74917623
4.17000000	19.81667627	-7.38360367	6.52284891	24.07218042
4.18000000	20.05909962	-7.44912191	6.58091424	24.41565588
4.19000000	20.30504389	-7.51522430	6.63968215	24.77537293
4.20000000	20.55463680	-7.58191799	6.69917971	25.14393931
4.21000000	20.80792097	-7.64921035	6.75941361	25.51198647
4.22000000	21.06484272	-7.71710867	6.82036763	25.86994776
4.23000000	21.32525981	-7.78561998	6.88200468	26.20998782
4.24000000	21.58896721	-7.85475086	6.94427313	26.52759101
4.25000000	21.85573526	-7.92450735	7.00711591	26.82242487
4.26000000	22.12535222	-7.99489492	7.07048055	27.09832836
4.27000000	22.39766263	-8.06591857	7.13432815	27.36254537
4.28000000	22.67259558	-8.13758303	7.19863986	27.62452948
4.29000000	22.95018056	-8.20989293	7.26342039	27.89471804
4.30000000	23.23055232	-8.28285309	7.32869893	28.18360584
4.31000000	23.51394872	-8.35646874	7.39452841	28.50129053
4.32000000	23.80070650	-8.43074575	7.46098432	28.85748432
4.33000000	24.09125892	-8.50569084	7.52816392	29.26184426
4.34000000	24.38613726	-8.58131183	7.59618643	29.72438763
4.35000000	24.68597590	-8.65761785	7.66519396	30.25571376
4.36000000	24.99151721	-8.73461955	7.73535247	30.86671979
4.37000000	25.30360972	-8.81232936	7.80685105	31.56745234
4.38000000	25.62318874	-8.89076172	7.87989737	32.36469173
4.39000000	25.95122485	-8.96993318	7.95470570	33.25788543
4.40000000	26.28862268	-9.04986238	8.03147388	34.23326824
4.41000000	26.63605319	-9.13056968	8.11034532	35.25661293
4.42000000	26.99371261	-9.21207643	8.19135499	36.26618585
4.43000000	27.36102421	-9.29440347	8.27436291	37.16898435
4.44000000	27.73633613	-9.37756911	8.35898767	37.84445716
4.45000000	28.11670977	-9.46158642	8.44456094	38.15926291
4.46000000	28.49791282	-9.54646034	8.53012851	37.99297010
4.47000000	28.87470092	-9.63218507	8.61451588	37.26852046
4.48000000	29.24138181	-9.71874249	8.69645632	35.97620453
4.49000000	29.59253966	-9.80610202	8.77475316	34.18034148
4.50000000	29.92372053	-9.89422212	8.84843170	32.00508626
4.51000000	30.23189388	-9.98305305	8.91683967	29.60551525
4.52000000	30.51560007	-10.07254031	8.97967708	27.13582616
4.53000000	30.77481142	-10.16262806	9.03696236	24.72516392
4.54000000	31.01061169	-10.25326191	9.08895894	22.46571839
4.55000000	31.22481483	-10.34439100	9.13608920	20.41192405
4.56000000	31.41961429	-10.43596915	9.17885602	18.58660741
4.57000000	31.59731022	-10.52795533	9.21778240	16.98979357
4.58000000	31.76012511	-10.62031367	9.25337091	15.60722235
4.59000000	31.91009662	-10.71301315	9.28608056	14.41715355
4.60000000	32.04902830	-10.80602705	9.31631638	13.39513715
4.61000000	32.17847873	-10.89933241	9.34442758	12.51699779
4.62000000	32.29977336	-10.99290951	9.37071058	11.76047802
4.63000000	32.41402803	-11.08674136	9.39541455	11.10597633
4.64000000	32.52217675	-11.18081324	9.41874784	10.53672694
4.65000000	32.62499960	-11.27511233	9.44088429	10.03866752
4.66000000	32.72314836	-11.36962742	9.46196905	9.60015528
4.67000000	32.81716913	-11.46434861	9.48212371	9.21162901
4.68000000	32.90752135	-11.55926713	9.50145053	8.86527197
4.69000000	32.99459374	-11.65437515	9.52003601	8.55470347
4.70000000	33.07871723	-11.74966563	9.53795380	8.27471063
4.71000000	33.16017555	-11.84513221	9.55526704	8.02102266
4.72000000	33.23921359	-11.94076914	9.57203024	7.79012503
4.73000000	33.31604427	-12.03657114	9.58829078	7.57910898
4.74000000	33.39085392	-12.13253342	9.60409015	7.38555072
4.75000000	33.46380666	-12.22865153	9.61946488	7.20741540
4.76000000	33.53504787	-12.32492141	9.63444733	7.04298083
4.77000000	33.60470702	-12.42133927	9.64906631	6.89077720
4.78000000	33.67289994	-12.51790161	9.66334761	6.74953934
4.79000000	33.73973068	-12.61460517	9.67731437	6.61816883
4.80000000	33.80529299	-12.71144692	9.69098748	6.49570396
4.81000000	33.86967161	-12.80842401	9.70438578	6.38129578
4.82000000	33.93294324	-12.90553377	9.71752635	6.27418894
4.83000000	33.99517746	-13.00277372	9.73042468	6.17370643
4.84000000	34.05643741	-13.10014151	9.74309482	6.07923730
4.85000000	34.11678040	-13.19763490	9.75554955	5.99022696
4.86000000	34.17625845	-13.29525182	9.76780047	5.90616930
4.87000000	34.23491874	-13.39299027	9.77985811	5.82660059
4.88000000	34.29280400	-13.49084837	9.79173204	5.75109459
4.89000000	34.34995286	-13.58882433	9.80343092	5.67925874
4.90000000	34.40640020	-13.68691643	9.81496258	5.61073118
4.91000000	34.46217740	-13.78512304	9.82633410	5.54517848
4.92000000	34.51731266	-13.88344260	9.83755188	5.48229384
4.93000000	34.57183123	-13.98187359	9.84862167	5.42179563
4.94000000	34.62575567	-14.08041456	9.85954863	5.36342626
4.95000000	34.67910607	-14.17906410	9.87033741	5.30695116
4.96000000	34.73190029	-14.27782086	9.88099217	5.25215780
4.97000000	34.78415419	-14.37668351	9.89151664	5.19885483
4.98000000	34.83588178	-14.47565077	9.90191417	5.14687106
4.99000000	34.88709550	-14.57472138	9.91218775	5.09605446
5.00000000	34.93780632	-14.67389412	9.92234009	5.04627100
5.01000000	34.98802397	-14.77316779	9.93237360	4.99740351
5.02000000	35.03775710	-14.87254120	9.94229050	4.94935030
5.03000000	35.08701340	-14.97201321	9.95209277	4.90202386
5.04000000	35.13579975	-15.07158268	9.96178223	4.85534943
5.05000000	35.18412235	-15.17124849	9.97136056	4.80926360
5.06000000	35.23198680	-15.27100953	9.98082931	4.76371288
5.07000000	35.27939824	-15.37086471	9.99018993	4.71865236
5.08000000	35.32636136	-15.47081297	9.99944377	4.67404446
5.09000000	35.37288053	-15.57085324	10.00859210	4.62985769
5.10000000	35.41895983	-15.67098446	10.01763614	4.58606568
5.11000000	35.46460308	-15.77120562	10.02657704	4.54264621
5.12000000	35.50981393	-15.87151567	10.03541594	4.49958048
5.13000000	35.55459582	-15.97191360	10.04415388	4.45685248
5.14000000	35.59895206	-16.07239841	10.05279192	4.41444851
5.15000000	35.64288583	-16.17296911	10.06133106	4.37235690
5.16000000	35.68640021	-16.27362470	10.06977227	4.33056775
5.17000000	35.72949817	-16.37436423	10.07811652	4.28907286
5.18000000	35.77218262	-16.47518671	10.08636474	4.24786568
5.19000000	35.81445642	-16.57609121	10.09451785	4.20694143
5.20000000	35.85632238	-16.67707676	10.10257676	4.16629711
5.21000000	35.89778329	-16.77814243	10.11054237	4.12593165
5.22000000	35.93884195	-16.87928730	10.11841556	4.08584605
5.23000000	35.97950116	-16.98051044	10.12619725	4.04604346
5.24000000	36.01976378	-17.08181094	10.13388831	4.00652923
5.25000000	36.05963273	-17.18318790	10.14148964	3.96731100
5.26000000	36.09911102	-17.28464044	10.14900218	3.92839862
5.27000000	36.13820176	-17.38616765	10.15642683	3.88980414
5.28000000	36.17690821	-17.48776868	10.16376456	3.85154165
5.29000000	36.21523375	-17.58944266	10.17101634	3.81362712
5.30000000	36.25318197	-17.69118873	10.17818315	3.77607814
5.31000000	36.29075660	-17.79300604	10.18526603	3.73891372
5.32000000	36.32796159	-17.89489377	10.19226605	3.70215388
5.33000000	36.36480109	-17.99685109	10.19918427	3.66581941
5.34000000	36.40127947	-18.09887719	10.20602185	3.62993143
5.35000000	36.43740128	-18.20097126	10.21277991	3.59451108
5.36000000	36.47317132	-18.30313253	10.21945967	3.55957913
5.37000000	36.50859456	-18.40536020	10.22606234	3.52515559
5.38000000	36.54367619	-18.50765352	10.23258916	3.49125941
5.39000000	36.57842156	-18.61001173	10.23904143	3.45790813
5.40000000	36.61283622	-18.71243410	10.24542043	3.42511761
5.41000000	36.64692583	-18.81491990	10.25172749	3.39290175
5.42000000	36.68069621	-18.91746842	10.25796395	3.36127228
5.43000000	36.71415326	-19.02007895	10.26413116	3.33023859
5.44000000	36.74730299	-19.12275082	10.27023048	3.29980761
5.45000000	36.78015144	-19.22548334	10.27626326	3.26998367
5.46000000	36.81270469	-19.32827586	10.28223087	3.24076853
5.47000000	36.84496884	-19.43112774	10.28813466	3.21216132
5.48000000	36.87694993	-19.53403835	10.29397596	3.18415859
5.49000000	36.90865400	-19.63700706	10.29975611	3.15675439
5.50000000	36.94008699	-19.74003327	10.30547641	3.12994039
5.51000000	36.97125474	-19.84311639	10.31113814	3.10370599
5.52000000	37.00216300	-19.94625584	10.31674254	3.07803850
5.53000000	37.03281736	-20.04945106	10.32229085	3.05292333
5.54000000	37.06322325	-20.15270148	10.32778425	3.02834416
5.55000000	37.09338597	-20.25600656	10.33322388	3.00428322
5.56000000	37.12331058	-20.35936578	10.33861086	2.98072146
5.57000000	37.15300199	-20.46277861	10.34394625	2.95763878
5.58000000	37.18246488	-20.56624454	10.34923108	2.93501433
5.59000000	37.21170373	-20.66976306	10.35446633	2.91282666
5.60000000	37.24072280	-20.77333370	10.35965295	2.89105398
5.61000000	37.26952612	-20.87695596	10.36479182	2.86967440
5.62000000	37.29811753	-20.98062938	10.36988379	2.84866610
5.63000000	37.32650061	-21.08435349	10.37492968	2.82800757
5.64000000	37.35467877	-21.18812782	10.37993025	2.80767771
5.65000000	37.38265519	-21.29195194	10.38488622	2.78765610
5.66000000	37.41043286	-21.39582540	10.38979828	2.76792307
5.67000000	37.43801455	-21.49974776	10.39466708	2.74845985
5.68000000	37.46540289	-21.60371860	10.39949322	2.72924868
5.69000000	37.49260031	-21.70773749	10.40427729	2.71027291
5.70000000	37.51960909	-21.81180401	10.40901984	2.69151707
5.71000000	37.54643134	-21.91591775	10.41372138	2.67296691
5.72000000	37.57306907	-22.02007830	10.41838241	2.65460945
5.73000000	37.59952413	-22.12428526	10.42300338	2.63643299
5.74000000	37.62579829	-22.22853824	10.42758476	2.61842713
5.75000000	37.65189321	-22.33283683	10.43212696	2.60058274
5.76000000	37.67781046	-22.43718065	10.43663040	2.58289195
5.77000000	37.70355154	-22.54156931	10.44109547	2.56534808
5.78000000	37.72911789	-22.64600243	10.44552255	2.54794566
5.79000000	37.75451091	-22.75047963	10.44991201	2.53068029
5.80000000	37.77973195	-22.85500054	10.45426422	2.51354864
5.81000000	37.80478232	-22.95956479	10.45857954	2.49654836
5.82000000	37.82966335	-23.06417201	10.46285831	2.47967797
5.83000000	37.85437631	-23.16882184	10.46710088	2.46293682
5.84000000	37.87892251	-23.27351391	10.47130761	2.44632500
5.85000000	37.90330325	-23.37824787	10.47547882	2.42984326
5.86000000	37.92751982	-23.48302337	10.47961488	2.41349290
5.87000000	37.95157355	-23.58784005	10.48371612	2.39727570
5.88000000	37.97546578	-23.69269758	10.48778288	2.38119387
5.89000000	37.99919788	-23.79759560	10.49181553	2.36524993
5.90000000	38.02277125	-23.90253378	10.49581441	2.34944663
5.91000000	38.04618730	-24.00751178	10.49977988	2.33378695
5.92000000	38.06944748	-24.11252926	10.50371229	2.31827393
5.93000000	38.09255327	-24.21758591	10.50761200	2.30291071
5.94000000	38.11550620	-24.32268140	10.51147939	2.28770038
5.95000000	38.13830780	-24.42781539	10.51531482	2.27264599
5.96000000	38.16095965	-24.53298759	10.51911866	2.25775051
5.97000000	38.18346335	-24.63819766	10.52289129	2.24301673
5.98000000	38.20582053	-24.74344531	10.52663308	2.22844727
5.99000000	38.22803285	-24.84873022	10.53034442	2.21404454
6.00000000	38.25010199	-24.95405210	10.53402568	2.19981072
6.01000000	38.27202964	-25.05941064	10.53767725	2.18574773
6.02000000	38.29381752	-25.16480555	10.54129951	2.17185719
6.03000000	38.31546736	-25.27023653	10.54489285	2.15814047
6.04000000	38.33698091	-25.37570331	10.54845765	2.14459861
6.05000000	38.35835992	-25.48120559	10.55199430	2.13123237
6.06000000	38.37960614	-25.58674310	10.55550318	2.11804220
6.07000000	38.40072135	-25.69231556	10.55898466	2.10502825
6.08000000	38.42170729	-25.79792270	10.56243914	2.09219038
6.09000000	38.44256574	-25.90356426	10.56586699	2.07952816
6.10000000	38.46329844	-26.00923996	10.56926859	2.06704087
6.11000000	38.48390714	-26.11494954	10.57264430	2.05472754
6.12000000	38.50439357	-26.22069276	10.57599450	2.04258692
6.13000000	38.52475945	-26.32646935	10.57931954	2.03061755
6.14000000	38.54500648	-26.43227907	10.58261980	2.01881773
6.15000000	38.56513636	-26.53812166	10.58589561	2.00718553
6.16000000	38.58515075	-26.64399690	10.58914734	1.99571885
6.17000000	38.60505128	-26.74990453	10.59237533	1.98441543
6.18000000	38.62483959	-26.85584433	10.59557992	1.97327280
6.19000000	38.64451727	-26.96181605	10.59876144	1.96228840
6.20000000	38.66408588	-27.06781948	10.60192022	1.95145952
6.21000000	38.68354696	-27.17385438	10.60505658	1.94078336
6.22000000	38.70290204	-27.27992054	10.60817083	1.93025701
6.23000000	38.72215259	-27.38601773	10.61126329	1.91987750
6.24000000	38.74130007	-27.49214573	10.61433426	1.90964181
6.25000000	38.76034590	-27.59830434	10.61738404	1.89954687
6.26000000	38.77929147	-27.70449334	10.62041291	1.88958958
6.27000000	38.79813814	-27.81071253	10.62342116	1.87976684
6.28000000	38.81688724	-27.91696170	10.62640907	1.87007554
6.29000000	38.83554008	-28.02324064	10.62937690	1.86051259
6.30000000	38.85409791	-28.12954917	10.63232493	1.85107492
6.31000000	38.87256198	-28.23588708	10.63525342	1.84175950
6.32000000	38.89093350	-28.34225417	10.63816261	1.83256334
6.33000000	38.90921364	-28.44865027	10.64105275	1.82348350
6.34000000	38.92740355	-28.55507517	10.64392409	1.81451712
6.35000000	38.94550435	-28.66152869	10.64677686	1.80566139
6.36000000	38.96351714	-28.76801064	10.64961129	1.79691357
6.37000000	38.98144297	-28.87452085	10.65242760	1.78827101
6.38000000	38.99928290	-28.98105913	10.65522602	1.77973114
6.39000000	39.01703793	-29.08762531	10.65800677	1.77129149
6.40000000	39.03470905	-29.19421921	10.66077004	1.76294965
6.41000000	39.05229724	-29.30084066	10.66351605	1.75470331
6.42000000	39.06980343	-29.40748948	10.66624500	1.74655027
6.43000000	39.08722855	-29.51416550	10.66895708	1.73848839
6.44000000	39.10457350	-29.62086856	10.67165249	1.73051565
6.45000000	39.12183915	-29.72759849	10.67433142	1.72263011
6.46000000	39.13902638	-29.83435514	10.67699404	1.71482990
6.47000000	39.15613603	-29.94113832	10.67964055	1.70711325
6.48000000	39.17316892	-30.04794789	10.68227111	1.69947848
6.49000000	39.19012587	-30.15478369	10.68488591	1.69192398
6.50000000	39.20700766	-30.26164556	10.68748511	1.68444820
6.51000000	39.22381509	-30.36853334	10.69006888	1.67704969
6.52000000	39.24054891	-30.47544689	10.69263739	1.66972706
6.53000000	39.25720988	-30.58238604	10.69519080	1.66247896
6.54000000	39.27379873	-30.68935065	10.69772926	1.65530413
6.55000000	39.29031620	-30.79634058	10.70025294	1.64820134
6.56000000	39.30676300	-30.90335566	10.70276199	1.64116943
6.57000000	39.32313982	-31.01039577	10.70525656	1.63420725
6.58000000	39.33944737	-31.11746075	10.70773680	1.62731373
6.59000000	39.35568632	-31.22455046	10.71020285	1.62048780
6.60000000	39.37185735	-31.33166476	10.71265486	1.61372844
6.61000000	39.38796111	-31.43880351	10.71509298	1.60703465
6.62000000	39.40399826	-31.54596657	10.71751735	1.60040544
6.63000000	39.41996943	-31.65315381	10.71992809	1.59383985
6.64000000	39.43587526	-31.76036509	10.72232535	1.58733692
6.65000000	39.45171637	-31.86760027	10.72470927	1.58089571
6.66000000	39.46749338	-31.97485923	10.72707997	1.57451526
6.67000000	39.48320688	-32.08214183	10.72943759	1.56819464
6.68000000	39.49885747	-32.18944794	10.73178225	1.56193290
6.69000000	39.51444573	-32.29677743	10.73411407	1.55572909
6.70000000	39.52997224	-32.40413018	10.73643320	1.54958226
6.71000000	39.54543756	-32.51150605	10.73873973	1.54349142
6.72000000	39.56084225	-32.61890493	10.74103381	1.53745562
6.73000000	39.57618685	-32.72632669	10.74331553	1.53147384
6.74000000	39.59147191	-32.83377120	10.74558503	1.52554509
6.75000000	39.60669793	-32.94123835	10.74784241	1.51966834
6.76000000	39.62186544	-33.04872801	10.75008779	1.51384256
6.77000000	39.63697495	-33.15624006	10.75232127	1.50806669
6.78000000	39.65202694	-33.26377439	10.75454297	1.50233965
6.79000000	39.66702190	-33.37133088	10.75675299	1.49666037
6.80000000	39.68196030	-33.47890941	10.75895143	1.49102775
6.81000000	39.69684261	-33.58650987	10.76113840	1.48544067
6.82000000	39.71166926	-33.69413214	10.76331399	1.47989800
6.83000000	39.72644071	-33.80177612	10.76547831	1.47439861
6.84000000	39.74115738	-33.90944167	10.76763144	1.46894134
6.85000000	39.75581967	-34.01712871	10.76977349	1.46352503
6.86000000	39.77042801	-34.12483711	10.77190454	1.45814853
6.87000000	39.78498277	-34.23256676	10.77402468	1.45281066
6.88000000	39.79948435	-34.34031756	10.77613400	1.44751025
6.89000000	39.81393310	-34.44808941	10.77823258	1.44224613
6.90000000	39.82832939	-34.55588218	10.78032052	1.43701713
6.91000000	39.84267355	-34.66369578	10.78239788	1.43182207
6.92000000	39.85696594	-34.77153010	10.78446475	1.42665982
6.93000000	39.87120686	-34.87938504	10.78652120	1.42152920
6.94000000	39.88539662	-34.98726049	10.78856731	1.41642909
6.95000000	39.89953554	-35.09515635	10.79060315	1.41135836
6.96000000	39.91362388	-35.20307252	10.79262879	1.40631590
6.97000000	39.92766194	-35.31100890	10.79464431	1.40130062
6.98000000	39.94164998	-35.41896537	10.79664976	1.39631146
6.99000000	39.95558826	-35.52694186	10.79864522	1.39134736
7.00000000	39.96947701	-35.63493825	10.80063075	1.38640732
7.01000000	39.98331648	-35.74295444	10.80260641	1.38149034
7.02000000	39.99710689	-35.85099034	10.80457226	1.37659545
7.03000000	40.01084846	-35.95904585	10.80652835	1.37172173
7.04000000	40.02454139	-36.06712088	10.80847475	1.36686827
7.05000000	40.03818589	-36.17521531	10.81041152	1.36203422
7.06000000	40.05178214	-36.28332907	10.81233870	1.35721875
7.07000000	40.06533032	-36.39146206	10.81425635	1.35242106
7.08000000	40.07883062	-36.49961417	10.81616452	1.34764040
7.09000000	40.09228319	-36.60778532	10.81806326	1.34287606
7.10000000	40.10568819	-36.71597540	10.81995262	1.33812736
7.11000000	40.11904578	-36.82418434	10.82183265	1.33339367
7.12000000	40.13235611	-36.93241203	10.82370339	1.32867440
7.13000000	40.14561932	-37.04065837	10.82556489	1.32396901
7.14000000	40.15883554	-37.14892329	10.82741720	1.31927696
7.15000000	40.17200490	-37.25720669	10.82926036	1.31459781
7.16000000	40.18512754	-37.36550847	10.83109441	1.30993113
7.17000000	40.19820356	-37.47382855	10.83291940	1.30527652
7.18000000	40.21123310	-37.58216683	10.83473537	1.30063365
7.19000000	40.22421627	-37.69052322	10.83654235	1.29600220
7.20000000	40.23715319	-37.79889764	10.83834039	1.29138192
7.21000000	40.25004395	-37.90729000	10.84012954	1.28677258
7.22000000	40.26288867	-38.01570021	10.84190982	1.28217399
7.23000000	40.27568746	-38.12412817	10.84368128	1.27758599
7.24000000	40.28844043	-38.23257380	10.84544395	1.27300847
7.25000000	40.30114767	-38.34103702	10.84719789	1.26844135
7.26000000	40.31380929	-38.44951773	10.84894312	1.26388458
7.27000000	40.32642539	-38.55801585	10.85067968	1.25933814
7.28000000	40.33899609	-38.66653130	10.85240761	1.25480205
7.29000000	40.35152147	-38.77506398	10.85412695	1.25027635
7.30000000	40.36400165	-38.88361381	10.85583773	1.24576110
7.31000000	40.37643673	-38.99218070	10.85754000	1.24125641
7.32000000	40.38882681	-39.10076458	10.85923380	1.23676240
7.33000000	40.40117201	-39.20936535	10.86091915	1.23227920
7.34000000	40.41347243	-39.31798293	10.86259610	1.22780699
7.35000000	40.42572819	-39.42661724	10.86426468	1.22334594
7.36000000	40.43793939	-39.53526820	10.86592494	1.21889627
7.37000000	40.45010615	-39.64393571	10.86757692	1.21445818
7.38000000	40.46222859	-39.75261971	10.86922064	1.21003191
7.39000000	40.47430683	-39.86132010	10.87085615	1.20561772
7.40000000	40.48634099	-39.97003681	10.87248349	1.20121584
7.41000000	40.49833119	-40.07876974	10.87410269	1.19682657
7.42000000	40.51027756	-40.18751883	10.87571380	1.19245017
7.43000000	40.52218024	-40.29628399	10.87731685	1.18808692
7.44000000	40.53403935	-40.40506514	10.87891189	1.18373713
7.45000000	40.54585503	-40.51386220	10.88049896	1.17940107
7.46000000	40.55762741	-40.62267510	10.88207808	1.17507906
7.47000000	40.56935665	-40.73150374	10.88364932	1.17077139
7.48000000	40.58104289	-40.84034806	10.88521269	1.16647836
7.49000000	40.59268627	-40.94920797	10.88676826	1.16220028
7.50000000	40.60428695	-41.05808339	10.88831605	1.15793744
7.51000000	40.61584507	-41.16697426	10.88985610	1.15369014
7.52000000	40.62736080	-41.27588049	10.89138847	1.14945867
7.53000000	40.63883430	-41.38480201	10.89291319	1.14524333
7.54000000	40.65026572	-41.49373873	10.89443030	1.14104439
7.55000000	40.66165524	-41.60269059	10.89593984	1.13686214
7.56000000	40.67300302	-41.71165750	10.89744187	1.13269685
7.57000000	40.68430924	-41.82063940	10.89893641	1.12854878
7.58000000	40.69557406	-41.92963620	10.90042352	1.12441819
7.59000000	40.70679766	-42.03864784	10.90190323	1.12030532
7.60000000	40.71798022	-42.14767424	10.90337559	1.11621043
7.61000000	40.72912193	-42.25671533	10.90484064	1.11213374
7.62000000	40.74022296	-42.36577103	10.90629842	1.10807546
7.63000000	40.75128350	-42.47484128	10.90774899	1.10403582
7.64000000	40.76230374	-42.58392599	10.90919237	1.10001501
7.65000000	40.77328386	-42.69302510	10.91062862	1.09601322
7.66000000	40.78422407	-42.80213854	10.91205778	1.09203064
7.67000000	40.79512454	-42.91126623	10.91347989	1.08806743
7.68000000	40.80598548	-43.02040811	10.91489500	1.08412376
7.69000000	40.81680708	-43.12956411	10.91630315	1.08019977
7.70000000	40.82758954	-43.23873415	10.91770438	1.07629559
7.71000000	40.83833306	-43.34791817	10.91909873	1.07241137
7.72000000	40.84903784	-43.45711610	10.92048626	1.06854721
7.73000000	40.85970407	-43.56632788	10.92186700	1.06470322
7.74000000	40.87033197	-43.67555342	10.92324101	1.06087949
7.75000000	40.88092173	-43.78479267	10.92460831	1.05707612
7.76000000	40.89147356	-43.89404557	10.92596896	1.05329317
7.77000000	40.90198766	-44.00331203	10.92732300	1.04953072
7.78000000	40.91246424	-44.11259200	10.92867047	1.04578881
7.79000000	40.92290351	-44.22188542	10.93001142	1.04206749
7.80000000	40.93330566	-44.33119221	10.93134588	1.03836680
7.81000000	40.94367091	-44.44051231	10.93267391	1.03468677
7.82000000	40.95399946	-44.54984567	10.93399554	1.03102742
7.83000000	40.96429153	-44.65919220	10.93531082	1.02738876
7.84000000	40.97454731	-44.76855186	10.93661979	1.02377078
7.85000000	40.98476701	-44.87792458	10.93792250	1.02017349
7.86000000	40.99495085	-44.98731029	10.93921897	1.01659687
7.87000000	41.00509902	-45.09670894	10.94050927	1.01304089
7.88000000	41.01521173	-45.20612046	10.94179343	1.00950554
7.89000000	41.02528920	-45.31554479	10.94307148	1.00599078
7.90000000	41.03533162	-45.42498187	10.94434348	1.00249656
7.91000000	41.04533920	-45.53443164	10.94560946	0.99902284
7.92000000	41.05531214	-45.64389404	10.94686947	0.99556956
7.93000000	41.06525066	-45.75336901	10.94812354	0.99213666
7.94000000	41.07515494	-45.86285649	10.94937172	0.98872408
7.95000000	41.08502521	-45.97235642	10.95061404	0.98533175
7.96000000	41.09486165	-46.08186875	10.95185055	0.98195959
7.97000000	41.10466447	-46.19139341	10.95308129	0.97860752
7.98000000	41.11443386	-46.30093035	10.95430629	0.97527546
7.99000000	41.12417004	-46.41047952	10.95552560	0.97196331
8.00000000	41.13387320	-46.52004085	10.95673926	0.96867098
