T	Ut	Ft	St	Ct
0.01000000	-1.98828125	-22.12507621	2013.67949575	0.00000000
0.02000000	-1.98828125	-42.26187116	2013.67949575	0.00000000
0.03000000	-1.98828125	-62.39866612	2013.67949575	0.00000000
0.04000000	-1.98828125	-82.53546108	2013.67949575	0.00000000
0.05000000	-1.98828125	-102.67225604	2013.67949575	0.00000000
0.06000000	-1.98828125	-122.80905099	2013.67949575	0.00000000
0.07000000	-1.98828125	-142.94584595	2013.67949575	0.00000000
0.08000000	-1.98828125	-163.08264091	2013.67949575	0.00000000
0.09000000	-1.98828125	-183.21943587	2013.67949575	0.00000000
0.10000000	-1.98828125	-203.35623082	2013.67949575	0.00000000
0.11000000	-1.98828125	-223.49302578	2013.67949575	0.00000000
0.12000000	-1.98828125	-243.62982074	2013.67949575	0.00000000
0.13000000	-1.98828125	-263.76661570	2013.67949575	0.00000000
0.14000000	-1.98828125	-283.90341065	2013.67949575	-0.00000000
0.15000000	-1.98828125	-304.04020561	2013.67949575	0.00000000
0.16000000	-1.98828125	-324.17700057	2013.67949575	0.00000000
0.17000000	-1.98828125	-344.31379553	2013.67949575	0.00000000
0.18000000	-1.98828125	-364.45059048	2013.67949575	0.00000000
0.19000000	-1.98828125	-384.58738544	2013.67949575	0.00000000
0.20000000	-1.98828125	-404.72418040	2013.67949575	0.00000000
0.21000000	-1.98828125	-424.86097536	2013.67949575	0.00000000
0.22000000	-1.98828125	-444.99777031	2013.67949575	0.00000000
0.23000000	-1.98828125	-465.13456527	2013.67949575	0.00000001
0.24000000	-1.98828125	-485.27136023	2013.67949575	0.00000002
0.25000000	-1.98828125	-505.40815519	2013.67949575	0.00000003
0.26000000	-1.98828125	-525.54495014	2013.67949575	0.00000005
0.27000000	-1.98828125	-545.68174510	2013.67949575	0.00000008
0.28000000	-1.98828125	-565.81854006	2013.67949576	0.00000012
0.29000000	-1.98828125	-585.95533502	2013.67949576	0.00000019
0.30000000	-1.98828124	-606.09212997	2013.67949577	0.00000028
0.31000000	-1.98828124	-626.22892493	2013.67949578	0.00000040
0.32000000	-1.98828124	-646.36571989	2013.67949579	0.00000057
0.33000000	-1.98828123	-666.50251485	2013.67949582	0.00000078
0.34000000	-1.98828122	-686.63930981	2013.67949584	0.00000105
0.35000000	-1.98828121	-706.77610476	2013.67949588	0.00000139
0.36000000	-1.98828119	-726.91289972	2013.67949592	0.00000180
0.37000000	-1.98828117	-747.04969468	2013.67949598	0.00000231
0.38000000	-1.98828115	-767.18648964	2013.67949605	0.00000291
0.39000000	-1.98828111	-787.32328460	2013.67949613	0.00000362
0.40000000	-1.98828107	-807.46007957	2013.67949623	0.00000444
0.41000000	-1.98828102	-827.59687453	2013.67949636	0.00000540
0.42000000	-1.98828096	-847.73366949	2013.67949650	0.00000650
0.43000000	-1.98828089	-867.87046446	2013.67949667	0.00000775
0.44000000	-1.98828081	-888.00725943	2013.67949686	0.00000915
0.45000000	-1.98828071	-908.14405440	2013.67949708	0.00001073
0.46000000	-1.98828059	-928.28084937	2013.67949734	0.00001249
0.47000000	-1.98828046	-948.41764434	2013.67949763	0.00001444
0.48000000	-1.98828030	-968.55443932	2013.67949795	0.00001659
0.49000000	-1.98828013	-988.69123430	2013.67949832	0.00001896
0.50000000	-1.98827992	-1008.82802929	2013.67949873	0.00002157
0.51000000	-1.98827969	-1028.96482428	2013.67949918	0.00002443
0.52000000	-1.98827943	-1049.10161927	2013.67949969	0.00002757
0.53000000	-1.98827914	-1069.23841427	2013.67950024	0.00003102
0.54000000	-1.98827881	-1089.37520928	2013.67950086	0.00003483
0.55000000	-1.98827844	-1109.51200429	2013.67950154	0.00003904
0.56000000	-1.98827803	-1129.64879931	2013.67950228	0.00004372
0.57000000	-1.98827757	-1149.78559433	2013.67950310	0.00004895
0.58000000	-1.98827705	-1169.92238937	2013.67950400	0.00005483
0.59000000	-1.98827647	-1190.05918441	2013.67950499	0.00006148
0.60000000	-1.98827582	-1210.19597947	2013.67950609	0.00006905
0.61000000	-1.98827508	-1230.33277454	2013.67950730	0.00007771
0.62000000	-1.98827426	-1250.46956962	2013.67950864	0.00008769
0.63000000	-1.98827332	-1270.60636471	2013.67951014	0.00009923
0.64000000	-1.98827227	-1290.74315982	2013.67951180	0.00011264
0.65000000	-1.98827106	-1310.87995495	2013.67951367	0.00012827
0.66000000	-1.98826969	-1331.01675009	2013.67951576	0.00014653
0.67000000	-1.98826812	-1351.15354526	2013.67951812	0.00016789
0.68000000	-1.98826632	-1371.29034046	2013.67952079	0.00019289
0.69000000	-1.98826425	-1391.42713568	2013.67952381	0.00022215
0.70000000	-1.98826186	-1411.56393093	2013.67952724	0.00025636
0.71000000	-1.98825911	-1431.70072623	2013.67953116	0.00029633
0.72000000	-1.98825591	-1451.83752156	2013.67953562	0.00034291
0.73000000	-1.98825222	-1471.97431694	2013.67954071	0.00039711
0.74000000	-1.98824794	-1492.11111238	2013.67954653	0.00046000
0.75000000	-1.98824299	-1512.24790787	2013.67955318	0.00053279
0.76000000	-1.98823725	-1532.38470344	2013.67956078	0.00061681
0.77000000	-1.98823061	-1552.52149909	2013.67956946	0.00071350
0.78000000	-1.98822293	-1572.65829484	2013.67957936	0.00082444
0.79000000	-1.98821407	-1592.79509069	2013.67959065	0.00095135
0.80000000	-1.98820385	-1612.93188665	2013.67960351	0.00109610
0.81000000	-1.98819208	-1633.06868276	2013.67961812	0.00126070
0.82000000	-1.98817856	-1653.20547902	2013.67963471	0.00144733
0.83000000	-1.98816305	-1673.34227546	2013.67965351	0.00165833
0.84000000	-1.98814530	-1693.47907210	2013.67967476	0.00189621
0.85000000	-1.98812503	-1713.61586897	2013.67969875	0.00216366
0.86000000	-1.98810192	-1733.75266609	2013.67972577	0.00246359
0.87000000	-1.98807564	-1753.88946349	2013.67975615	0.00279906
0.88000000	-1.98804581	-1774.02626122	2013.67979024	0.00317341
0.89000000	-1.98801203	-1794.16305931	2013.67982841	0.00359014
0.90000000	-1.98797385	-1814.29985781	2013.67987106	0.00405304
0.91000000	-1.98793080	-1834.43665675	2013.67991862	0.00456613
0.92000000	-1.98788235	-1854.57345620	2013.67997157	0.00513370
0.93000000	-1.98782793	-1874.71025620	2013.68003040	0.00576035
0.94000000	-1.98776693	-1894.84705683	2013.68009563	0.00645094
0.95000000	-1.98769868	-1914.98385814	2013.68016785	0.00721069
0.96000000	-1.98762247	-1935.12066021	2013.68024765	0.00804512
0.97000000	-1.98753751	-1955.25746312	2013.68033568	0.00896013
0.98000000	-1.98744298	-1975.39426695	2013.68043263	0.00996192
0.99000000	-1.98733796	-1995.53107180	2013.68053923	0.01105710
1.00000000	-1.98722150	-2015.66787777	2013.68065627	0.01225259
1.01000000	-1.98709255	-2035.80468496	2013.68078457	0.01355567
1.02000000	-1.98695000	-2055.94149350	2013.68092500	0.01497393
1.03000000	-1.98679266	-2076.07830351	2013.68107849	0.01651524
1.04000000	-1.98661926	-2096.21511512	2013.68124602	0.01818770
1.05000000	-1.98642844	-2116.35192848	2013.68142861	0.01999960
1.06000000	-1.98621878	-2136.48874374	2013.68162733	0.02195929
1.07000000	-1.98598874	-2156.62556108	2013.68184331	0.02407514
1.08000000	-1.98573672	-2176.76238067	2013.68207773	0.02635542
1.09000000	-1.98546105	-2196.89920270	2013.68233179	0.02880817
1.10000000	-1.98515996	-2217.03602738	2013.68260674	0.03144111
1.11000000	-1.98483161	-2237.17285491	2013.68290388	0.03426154
1.12000000	-1.98447408	-2257.30968553	2013.68322451	0.03727623
1.13000000	-1.98408541	-2277.44651948	2013.68356997	0.04049141
1.14000000	-1.98366357	-2297.58335702	2013.68394163	0.04391272
1.15000000	-1.98320645	-2317.72019841	2013.68434083	0.04754533
1.16000000	-1.98271194	-2337.85704393	2013.68476896	0.05139407
1.17000000	-1.98217784	-2357.99389389	2013.68522740	0.05546372
1.18000000	-1.98160191	-2378.13074859	2013.68571752	0.05975941
1.19000000	-1.98098188	-2398.26760835	2013.68624074	0.06428717
1.20000000	-1.98031537	-2418.40447352	2013.68679846	0.06905464
1.21000000	-1.97959995	-2438.54134444	2013.68739214	0.07407205
1.22000000	-1.97883305	-2458.67822148	2013.68802331	0.07935331
1.23000000	-1.97801194	-2478.81510504	2013.68869357	0.08491743
1.24000000	-1.97713367	-2498.95199549	2013.68940469	0.09079029
1.25000000	-1.97619499	-2519.08889327	2013.69015862	0.09700679
1.26000000	-1.97519224	-2539.22579881	2013.69095760	0.10361361
1.27000000	-1.97412121	-2559.36271258	2013.69180423	0.11067266
1.28000000	-1.97297701	-2579.49963507	2013.69270161	0.11826570
1.29000000	-1.97175377	-2599.63656680	2013.69365351	0.12650021
1.30000000	-1.97044440	-2619.77350834	2013.69466457	0.13551708
1.31000000	-1.96904021	-2639.91046030	2013.69574053	0.14550025
1.32000000	-1.96753038	-2660.04742339	2013.69688864	0.15668880
1.33000000	-1.96590140	-2680.18439835	2013.69811801	0.16939100
1.34000000	-1.96413622	-2700.32138606	2013.69944018	0.18399974
1.35000000	-1.96221342	-2720.45838751	2013.70086970	0.20100725
1.36000000	-1.96010609	-2740.59540387	2013.70242484	0.22101521
1.37000000	-1.95778076	-2760.73243650	2013.70412828	0.24473349
1.38000000	-1.95519640	-2780.86948702	2013.70600769	0.27295734
1.39000000	-1.95230384	-2801.00655735	2013.70809605	0.30650875
1.40000000	-1.94904598	-2821.14364976	2013.71043127	0.34612551
1.41000000	-1.94535947	-2841.28076694	2013.71305494	0.39228508
1.42000000	-1.94117846	-2861.41791197	2013.71600951	0.44496437
1.43000000	-1.93644098	-2881.55508836	2013.71933383	0.50336904
1.44000000	-1.93109783	-2901.69229997	2013.72305705	0.56571433
1.45000000	-1.92512285	-2921.82955087	2013.72719174	0.62918779
1.46000000	-1.91852216	-2941.96684515	2013.73172808	0.69023121
1.47000000	-1.91133858	-2962.10418666	2013.73663135	0.74519620
1.48000000	-1.90364813	-2982.24157881	2013.74184506	0.79124849
1.49000000	-1.89554751	-3002.37902437	2013.74729991	0.82720105
1.50000000	-1.88713517	-3022.51652538	2013.75292681	0.85389512
1.51000000	-1.87849197	-3042.65408329	2013.75866975	0.87390883
1.52000000	-1.86966778	-3062.79169905	2013.76449425	0.89067691
1.53000000	-1.86067858	-3082.92937340	2013.77038878	0.90735797
1.54000000	-1.85151437	-3103.06710707	2013.77635890	0.92585410
1.55000000	-1.84215482	-3123.20490087	2013.78241681	0.94629383
1.56000000	-1.83258705	-3143.34275573	2013.78856967	0.96713248
1.57000000	-1.82281923	-3163.48067256	2013.79481104	0.98585926
1.58000000	-1.81288489	-3183.61865217	2013.80111853	1.00012379
1.59000000	-1.80283521	-3203.75669505	2013.80745901	1.00892586
1.60000000	-1.79272093	-3223.89480135	2013.81380026	1.01344041
1.61000000	-1.78256924	-3244.03297099	2013.82012531	1.01716508
1.62000000	-1.77236286	-3264.17120384	2013.82644505	1.02534557
1.63000000	-1.76202771	-3284.30950003	2013.83280510	1.04388987
1.64000000	-1.75143270	-3304.44786034	2013.83928514	1.07807778
1.65000000	-1.74040233	-3324.58628648	2013.84599039	1.13131550
1.66000000	-1.72874078	-3344.72478128	2013.85303645	1.20411932
1.67000000	-1.71626412	-3364.86334870	2013.86052969	1.29355886
1.68000000	-1.70283437	-3385.00199363	2013.86854718	1.39350040
1.69000000	-1.68838586	-3405.14072151	2013.87712168	1.49592824
1.70000000	-1.67293345	-3425.27953787	2013.88623789	1.59315094
1.71000000	-1.65655795	-3445.41844789	2013.89584207	1.67995840
1.72000000	-1.63937560	-3465.55745609	2013.90586075	1.75445172
1.73000000	-1.62150889	-3485.69656624	2013.91621812	1.81695264
1.74000000	-1.60307512	-3505.83578135	2013.92684266	1.86782392
1.75000000	-1.58419467	-3525.97510374	2013.93766233	1.90597818
1.76000000	-1.56500494	-3546.11453498	2013.94859661	1.92935529
1.77000000	-1.54566030	-3566.25407576	2013.95955676	1.93702391
1.78000000	-1.52630986	-3586.39372591	2013.97045846	1.93119670
1.79000000	-1.50706266	-3606.53348453	2013.98124126	1.91754561
1.80000000	-1.48795978	-3626.67335027	2013.99188360	1.90362870
1.81000000	-1.46896676	-3646.81332180	2014.00240610	1.89664314
1.82000000	-1.44998568	-3666.95339817	2014.01286401	1.90196222
1.83000000	-1.43087473	-3687.09357912	2014.02333573	1.92308832
1.84000000	-1.41146256	-3707.23386524	2014.03391450	1.96262791
1.85000000	-1.39155165	-3727.37425812	2014.04470620	2.02334040
1.86000000	-1.37091467	-3747.51476047	2014.05583108	2.10836018
1.87000000	-1.34929491	-3767.65537630	2014.06742320	2.22014946
1.88000000	-1.32642300	-3787.79611096	2014.07962125	2.35836501
1.89000000	-1.30205727	-3807.93697115	2014.09254703	2.51745299
1.90000000	-1.27604408	-3828.07796458	2014.10627394	2.68530562
1.91000000	-1.24838003	-3848.21909929	2014.12079543	2.84445814
1.92000000	-1.21924571	-3868.36038280	2014.13600890	2.97656930
1.93000000	-1.18898204	-3888.50182117	2014.15173011	3.06905783
1.94000000	-1.15800221	-3908.64341837	2014.16774029	3.12068681
1.95000000	-1.12666835	-3928.78517629	2014.18385023	3.14257167
1.96000000	-1.09518736	-3948.92709533	2014.19995305	3.15345845
1.97000000	-1.06357450	-3969.06917530	2014.21604101	3.17144790
1.98000000	-1.03170151	-3989.21141632	2014.23217920	3.20605515
1.99000000	-0.99940750	-4009.35381932	2014.24844815	3.25403395
2.00000000	-0.96662411	-4029.49638584	2014.26488086	3.30087554
2.01000000	-0.93345692	-4049.63911732	2014.28142308	3.32782662
2.02000000	-0.90017994	-4069.78201421	2014.29793776	3.32151902
2.03000000	-0.86714161	-4089.92507540	2014.31425310	3.28115913
2.04000000	-0.83462965	-4110.06829814	2014.33022965	3.21918791
2.05000000	-0.80276373	-4130.21167867	2014.34581217	3.15539931
2.06000000	-0.77146575	-4150.35521320	2014.36104245	3.10805095
2.07000000	-0.74051751	-4170.49889871	2014.37602957	3.08575224
2.08000000	-0.70968602	-4190.64273337	2014.39088815	3.08231750
2.09000000	-0.67887920	-4210.78671621	2014.40566364	3.07611242
2.10000000	-0.64827819	-4230.93084610	2014.42027043	3.03563745
2.11000000	-0.61838090	-4251.07512028	2014.43447364	2.93136755
2.12000000	-0.58991342	-4271.21953309	2014.44793381	2.74911254
2.13000000	-0.56363432	-4291.36407531	2014.46030093	2.49678004
2.14000000	-0.54012652	-4311.50873458	2014.47131218	2.20003464
2.15000000	-0.51967519	-4331.65349661	2014.48084717	1.89063309
2.16000000	-0.50226520	-4351.79834666	2014.48892660	1.59546930
2.17000000	-0.48766121	-4371.94327070	2014.49567257	1.33134369
2.18000000	-0.47551092	-4392.08825624	2014.50125932	1.10520744
2.19000000	-0.46542997	-4412.23329264	2014.50587337	0.91707957
2.20000000	-0.45705497	-4432.37837105	2014.50968913	0.76321789
2.21000000	-0.45006863	-4452.52348427	2014.51285776	0.63845037
2.22000000	-0.44420653	-4472.66862647	2014.51550448	0.53753301
2.23000000	-0.43925416	-4492.81379296	2014.51773040	0.45578525
2.24000000	-0.43504005	-4512.95897995	2014.51961603	0.38929530
2.25000000	-0.43142798	-4533.10418436	2014.52122506	0.33491009
2.26000000	-0.42830986	-4553.24940369	2014.52260789	0.29013781
2.27000000	-0.42559972	-4573.39463590	2014.52380448	0.25303011
2.28000000	-0.42322878	-4593.53987927	2014.52484671	0.22208040
2.29000000	-0.42114132	-4613.68513240	2014.52576030	0.19618785
2.30000000	-0.41928979	-4633.83039412	2014.52656710	0.17493045
2.31000000	-0.41762046	-4653.97566347	2014.52729134	0.16074008
2.32000000	-0.41599159	-4674.12093986	2014.52799494	0.17435849
2.33000000	-0.41359437	-4694.26622431	2014.52902572	0.37121615
2.34000000	-0.40447108	-4714.41152877	2014.53293064	1.97057013
2.35000000	-0.34279666	-4734.55694892	2014.55921373	14.04986015
2.36000000	0.00867756	-4754.70311459	2014.70838651	60.74712908
2.37000000	0.62076478	-4774.85156626	2014.96722829	43.11827197
2.38000000	0.85394754	-4795.00184229	2015.06545791	10.85398186
2.39000000	0.92553572	-4815.15266579	2015.09548180	5.16077946
2.40000000	0.97020668	-4835.30371797	2015.11413527	3.96311418
2.41000000	1.00625027	-4855.45493669	2015.12912322	3.27232765
2.42000000	1.03600573	-4875.60629157	2015.14144517	2.69365880
2.43000000	1.06041833	-4895.75775808	2015.15151293	2.20354007
2.44000000	1.08036242	-4915.90931558	2015.15970410	1.79895387
2.45000000	1.09665352	-4936.06094708	2015.16636759	1.47110553
2.46000000	1.11000084	-4956.21263885	2015.17180475	1.20815063
2.47000000	1.12099289	-4976.36437992	2015.17626430	0.99814931
2.48000000	1.13010472	-4996.51616155	2015.17994608	0.83047811
2.49000000	1.13771380	-5016.66797678	2015.18300826	0.69626913
2.50000000	1.14411766	-5036.81982007	2015.18557509	0.58837691
2.51000000	1.14955011	-5056.97168696	2015.18774385	0.50115798
2.52000000	1.15419493	-5077.12357387	2015.18959079	0.43020552
2.53000000	1.15819698	-5097.27547790	2015.19117584	0.37210690
2.54000000	1.16167123	-5117.42739668	2015.19254642	0.32428594
2.55000000	1.16471155	-5137.57932824	2015.19374110	0.28520362
2.56000000	1.16740952	-5157.73127103	2015.19479709	0.25688030
2.57000000	1.16995815	-5177.88322396	2015.19579070	0.26501264
2.58000000	1.17343493	-5198.03518785	2015.19714061	0.52130792
2.59000000	1.18615139	-5218.18717713	2015.20205734	2.75584976
2.60000000	1.27240555	-5238.33931277	2015.23527628	19.48662565
2.61000000	1.72970516	-5258.49235722	2015.41075187	74.29043138
2.62000000	2.41247170	-5278.64788281	2015.67189103	43.74597323
2.63000000	2.63211911	-5298.80513067	2015.75560828	8.53282025
2.64000000	2.67799829	-5318.96279188	2015.77302658	2.49002080
2.65000000	2.69673861	-5339.12056059	2015.78011291	1.49521452
2.66000000	2.70984500	-5359.27838745	2015.78504979	1.16214396
2.67000000	2.72036191	-5379.43625834	2015.78899635	0.95233677
2.68000000	2.72905761	-5399.59416507	2015.79224727	0.79340712
2.69000000	2.73634224	-5419.75210150	2015.79496050	0.66833383
2.70000000	2.74250823	-5439.91006286	2015.79724855	0.56852161
2.71000000	2.74777691	-5460.06804534	2015.79919640	0.48803134
2.72000000	2.75231868	-5480.22604588	2015.80086932	0.42253182
2.73000000	2.75626777	-5500.38406198	2015.80231859	0.36919742
2.74000000	2.75974726	-5520.54209165	2015.80359085	0.33003683
2.75000000	2.76304539	-5540.70013352	2015.80479233	0.35305998
2.76000000	2.76868545	-5560.85818976	2015.80683884	1.05996982
2.77000000	2.80908183	-5581.01630452	2015.82143912	10.85136719
2.78000000	3.24853901	-5601.17504022	2015.97970476	102.02596562
2.79000000	4.56314793	-5621.33722486	2016.45174652	96.06229866
2.80000000	5.02235919	-5641.50278782	2016.61612393	19.15865326
2.81000000	5.16566705	-5661.66922261	2016.66722052	12.38049557
2.82000000	5.28725490	-5681.83611160	2016.71041365	12.10383091
2.83000000	5.40873223	-5702.00343056	2016.75341442	12.20347812
2.84000000	5.53144240	-5722.17118085	2016.79669833	12.34227218
2.85000000	5.65563713	-5742.33936576	2016.84035189	12.49914088
2.86000000	5.78146830	-5762.50798929	2016.88442573	12.66899598
2.87000000	5.90905011	-5782.67705580	2016.92895676	12.84871649
2.88000000	6.03846123	-5802.84657003	2016.97396919	13.03392425
2.89000000	6.16972377	-5823.01653681	2017.01946733	13.21758809
2.90000000	6.30277603	-5843.18696091	2017.06542653	13.39016771
2.91000000	6.43745981	-5863.35784669	2017.11178917	13.54280569
2.92000000	6.57355883	-5883.52919778	2017.15847829	13.67385107
2.93000000	6.71089472	-5903.70101713	2017.20543067	13.79249864
2.94000000	6.84942039	-5923.87330721	2017.25262844	13.91458259
2.95000000	6.98924918	-5944.04607063	2017.30010841	14.05534557
2.96000000	7.13062524	-5964.21931059	2017.34795129	14.22521899
2.97000000	7.27385821	-5984.39303121	2017.39625906	14.42598502
2.98000000	7.41920832	-6004.56723760	2017.44511608	14.64530201
2.99000000	7.56674626	-6024.74193544	2017.49454237	14.85946596
3.00000000	7.71632374	-6044.91713017	2017.54448464	15.05249651
3.01000000	7.86776064	-6065.09282663	2017.59487949	15.23565264
3.02000000	8.02110908	-6085.26902931	2017.64574119	15.43999823
3.03000000	8.17669407	-6105.44574336	2017.69717407	15.68292398
3.04000000	8.33482837	-6125.62297504	2017.74927744	15.94300210
3.05000000	8.49544107	-6145.80073107	2017.80202365	16.16935198
3.06000000	8.65794533	-6165.97901701	2017.85521645	16.31598886
3.07000000	8.82145759	-6186.15783591	2017.90856466	16.37325622
3.08000000	8.98522610	-6206.33718799	2017.96182276	16.37611681
3.09000000	9.14899869	-6226.51707177	2018.01490953	16.38417708
3.10000000	9.31309189	-6246.69748594	2018.06792833	16.44553355
3.11000000	9.47812796	-6266.87843078	2018.12107998	16.57133181
3.12000000	9.64466814	-6287.05990859	2018.17454382	16.74205682
3.13000000	9.81305214	-6307.24192306	2018.22842658	16.93871220
3.14000000	9.98355029	-6327.42447879	2018.28281181	17.16858567
3.15000000	10.15663307	-6347.60758145	2018.33784588	17.46097459
3.16000000	10.33305623	-6367.79123865	2018.39376420	17.83805784
3.17000000	10.51364174	-6387.97546054	2018.45082091	18.28805389
3.18000000	10.69890041	-6408.16025940	2018.50916975	18.76250256
3.19000000	10.88876630	-6428.34564816	2018.56878196	19.20007016
3.20000000	11.08263780	-6448.53163860	2018.62946138	19.55971631
3.21000000	11.27967434	-6468.71824005	2018.69093906	19.83398421
3.22000000	11.47905759	-6488.90545918	2018.75295552	20.02977670
3.23000000	11.67999659	-6509.09330013	2018.81526214	20.14323389
3.24000000	11.88160964	-6529.28176447	2018.87758460	20.16370789
3.25000000	12.08299479	-6549.47085094	2018.93964484	20.10287383
3.26000000	12.28356294	-6569.66055588	2019.00126344	20.01154245
3.27000000	12.48336220	-6589.85087477	2019.06245779	19.96047853
3.28000000	12.68308576	-6610.04180432	2019.12344210	20.00187469
3.29000000	12.88374890	-6630.23334395	2019.18452670	20.14688775
3.30000000	13.08629836	-6650.42549615	2019.24599834	20.37406523
3.31000000	13.29139789	-6670.61826588	2019.30805552	20.65171840
3.32000000	13.49940670	-6690.81165957	2019.37080310	20.95179709
3.33000000	13.71043832	-6711.00568435	2019.43427107	21.25357453
3.34000000	13.92444843	-6731.20034734	2019.49844185	21.54687519
3.35000000	14.14135460	-6751.39565543	2019.56328658	21.83412697
3.36000000	14.36115088	-6771.59161529	2019.62879946	22.12761942
3.37000000	14.58399521	-6791.78823378	2019.69502344	22.44778975
3.38000000	14.81027721	-6811.98551850	2019.76206973	22.81851619
3.39000000	15.04055596	-6832.18347845	2019.83009865	23.24479354
3.40000000	15.27524108	-6852.38212415	2019.89922507	23.69056148
3.41000000	15.51423164	-6872.58146651	2019.96941295	24.09642396
3.42000000	15.75688876	-6892.78151531	2020.04046903	24.41864433
3.43000000	16.00222640	-6912.98227782	2020.11210036	24.62671422
3.44000000	16.24890242	-6933.18375793	2020.18391289	24.67931322
3.45000000	16.49523825	-6953.38595505	2020.25541835	24.56340510
3.46000000	16.73988698	-6973.58886394	2020.32622859	24.36539251
3.47000000	16.98281362	-6993.79247723	2020.39633742	24.24593685
3.48000000	17.22547689	-7013.99678974	2020.46616857	24.32381869
3.49000000	17.47000349	-7034.20180172	2020.53633387	24.61375065
3.50000000	17.71830871	-7054.40751937	2020.60737945	25.07095298
3.51000000	17.97182359	-7074.61395361	2020.67970860	25.64866995
3.52000000	18.23154994	-7094.82111876	2020.75359906	26.30709194
3.53000000	18.49814648	-7115.02903139	2020.82922886	27.02132725
3.54000000	18.77219789	-7135.23770964	2020.90675354	27.80218114
3.55000000	19.05444638	-7155.44717344	2020.98637178	28.65623441
3.56000000	19.34527415	-7175.65744443	2021.06817937	29.49138662
3.57000000	19.64354086	-7195.86854329	2021.15184430	30.10765562
3.58000000	19.94612305	-7216.08048458	2021.23648258	30.33970280
3.59000000	20.24910564	-7236.29327249	2021.32099669	30.20965392
3.60000000	20.54978334	-7256.50690152	2021.40463468	29.92080015
3.61000000	20.84778982	-7276.72136188	2021.48729964	29.70777294
3.62000000	21.14457631	-7296.93664562	2021.56939832	29.67925785
3.63000000	21.44175163	-7317.15274949	2021.65137772	29.75992004
3.64000000	21.73954353	-7337.36967304	2021.73330126	29.77414610
3.65000000	22.03667181	-7357.58741416	2021.81481808	29.62735760
3.66000000	22.33190935	-7377.80596687	2021.89559459	29.43138580
3.67000000	22.62597125	-7398.02532417	2021.97582981	29.43405470
3.68000000	22.92185322	-7418.24548437	2022.05634173	29.80743696
3.69000000	23.22324177	-7438.46645530	2022.13812929	30.51277676
3.70000000	23.53267438	-7458.68825352	2022.22187240	31.39123775
3.71000000	23.85135055	-7478.91090032	2022.30788433	32.35891181
3.72000000	24.18017178	-7499.13441954	2022.39639552	33.41814570
3.73000000	24.51970176	-7519.35883708	2022.48754392	34.46717348
3.74000000	24.86861444	-7539.58417806	2022.58096056	35.24844488
3.75000000	25.22310521	-7559.81046045	2022.67561751	35.56928742
3.76000000	25.57858483	-7580.03769040	2022.77028597	35.47032348
3.77000000	25.93171833	-7600.26586319	2022.86407998	35.13241356
3.78000000	26.28101546	-7620.49496774	2022.95660931	34.72756692
3.79000000	26.62648315	-7640.72499116	2023.04788240	34.38682784
3.80000000	26.96939450	-7660.95592230	2023.13824126	34.23948951
3.81000000	27.31236096	-7681.18775521	2023.22837695	34.41452454
3.82000000	27.65879885	-7701.42049212	2023.31918612	34.91370430
3.83000000	28.01087607	-7721.65414317	2023.41123218	35.48033807
3.84000000	28.36737695	-7741.88871990	2023.50419189	35.74785164
3.85000000	28.72439015	-7762.12422662	2023.59704332	35.59641021
3.86000000	29.07870350	-7782.36065752	2023.68895363	35.26796314
3.87000000	29.43033497	-7802.59800250	2023.77993216	35.10744974
3.88000000	29.78193346	-7822.83625536	2023.87066722	35.26128289
3.89000000	30.13621973	-7843.07541744	2023.96186045	35.60939569
3.90000000	30.49403319	-7863.31549486	2024.05372514	35.93623272
3.91000000	30.85457018	-7883.55649347	2024.14605208	36.15839091
3.92000000	31.21722585	-7903.79841686	2024.23868437	36.38987619
3.93000000	31.58295881	-7924.04126895	2024.33186457	36.79256621
3.94000000	31.95367129	-7944.28505762	2024.42607333	37.36499398
3.95000000	32.33009767	-7964.52979453	2024.52149170	37.88835490
3.96000000	32.71048097	-7984.77549002	2024.61766944	38.13498319
3.97000000	33.09199180	-8005.02214800	2024.71388912	38.15067892
3.98000000	33.47379652	-8025.26976714	2024.80994062	38.25525014
3.99000000	33.85835467	-8045.51834827	2024.90644184	38.72502420
4.00000000	34.24941090	-8065.76790065	2025.00432789	39.51916086
4.01000000	34.64881612	-8086.01844106	2025.10405416	40.33917118
4.02000000	35.05544833	-8106.26998694	2025.20533216	40.94671590
4.03000000	35.46718859	-8126.52255104	2025.30762770	41.39237015
4.04000000	35.88351940	-8146.77614238	2025.41080737	41.89999873
4.05000000	36.30575764	-8167.03077121	2025.51519231	42.56929344
4.06000000	36.73502602	-8187.28645120	2025.62105350	43.27396078
4.07000000	37.17082375	-8207.54319679	2025.72826057	43.86191596
4.08000000	37.61192131	-8227.80101984	2025.83650518	44.34981929
4.09000000	38.05780261	-8248.05992990	2025.94565587	44.82778550
4.10000000	38.50842457	-8268.31993595	2026.05569769	45.28875525
4.11000000	38.96337799	-8288.58104647	2026.16652663	45.69346222
4.12000000	39.42221739	-8308.84326872	2026.27803061	46.07433841
4.13000000	39.88484082	-8329.10660925	2026.39018162	46.44430340
4.14000000	40.35082484	-8349.37107418	2026.50287416	46.73091155
4.15000000	40.81893071	-8369.63666755	2026.61580681	46.86192195
4.16000000	41.28757047	-8389.90338982	2026.72859622	46.84992685
4.17000000	41.75595121	-8410.17123830	2026.84105264	46.85029940
4.18000000	42.22562458	-8430.44021091	2026.95354916	47.16458206
4.19000000	42.70121428	-8450.71031306	2027.06719029	48.05821450
4.20000000	43.18854666	-8470.98156323	2027.18335950	49.46391822
4.21000000	43.69069604	-8491.25399122	2027.30277607	50.93208370
4.22000000	44.20599580	-8511.52762826	2027.42502940	52.06113981
4.23000000	44.73090271	-8531.80249836	2027.54926739	52.89068747
4.24000000	45.26343715	-8552.07861862	2027.67501315	53.59402054
4.25000000	45.80192595	-8572.35600238	2027.80186549	54.03891931
4.26000000	46.34280505	-8592.63465680	2027.92898165	54.07884037
4.27000000	46.88304448	-8612.91458040	2028.05564985	53.98686400
4.28000000	47.42353350	-8633.19576892	2028.18208001	54.17824186
4.29000000	47.96788683	-8653.47822405	2028.30911675	54.74380199
4.30000000	48.51913430	-8673.76195566	2028.43746278	55.53025374
4.31000000	49.07885050	-8694.04697889	2028.56747782	56.42404530
4.32000000	49.64755374	-8714.33331121	2028.69927430	57.29239441
4.33000000	50.22369388	-8734.62096916	2028.83248569	57.86434217
4.34000000	50.80345534	-8754.90996265	2028.96622534	58.04386762
4.35000000	51.38485468	-8775.20029370	2029.10003411	58.32142080
4.36000000	51.97293663	-8795.49196724	2029.23506969	59.49665986
4.37000000	52.57898426	-8815.78500780	2029.37391123	61.90149558
4.38000000	53.21362734	-8836.07946638	2029.51897117	65.09218024
4.39000000	53.88077248	-8856.37541102	2029.67111241	68.27754315
4.40000000	54.57737311	-8876.67290989	2029.82960977	70.93794565
4.41000000	55.29740050	-8896.97201975	2029.99306582	72.95691382
4.42000000	56.03400027	-8917.27278253	2030.15990561	74.21967413
4.43000000	56.77896859	-8937.57522286	2030.32825992	74.66553854
4.44000000	57.52681365	-8957.87934834	2030.49688333	74.98102456
4.45000000	58.28190064	-8978.18516447	2030.66675621	76.26109450
4.46000000	59.05723755	-8998.49269722	2030.84079255	79.11796406
4.47000000	59.87237831	-9018.80200845	2031.02335274	84.39716013
4.48000000	60.75250524	-9039.11321206	2031.22002618	91.60545243
4.49000000	61.68812080	-9059.42645133	2031.42863522	93.82910428
4.50000000	62.58687353	-9079.74175632	2031.62858441	83.95334006
4.51000000	63.34387687	-9100.05891401	2031.79662769	67.18776923
4.52000000	63.93828831	-9120.37756610	2031.92828637	52.44454859
4.53000000	64.40880544	-9140.69738755	2032.03227218	42.39802483
4.54000000	64.79846661	-9161.01815174	2032.11819787	36.01512546
4.55000000	65.13652556	-9181.33971333	2032.19257998	31.87517148
4.56000000	65.44017041	-9201.66197779	2032.25924303	29.00830134
4.57000000	65.71897673	-9221.98487967	2032.32031869	26.83495794
4.58000000	65.97806101	-9242.30836941	2032.37694987	25.02456711
4.59000000	66.22012454	-9262.63240590	2032.42974519	23.41500376
4.60000000	66.44686809	-9282.95695282	2032.47909150	21.95952089
4.61000000	66.65987065	-9303.28197742	2032.52534665	20.67088200
4.62000000	66.86091095	-9323.60745077	2032.56890946	19.56891823
4.63000000	67.05186347	-9343.93334803	2032.61019687	18.65037301
4.64000000	67.23443534	-9364.25964840	2032.64958701	17.88654479
4.65000000	67.40997775	-9384.58633446	2032.68737897	17.23794732
4.66000000	67.57946297	-9404.91339137	2032.72378849	16.67042752
4.67000000	67.74358453	-9425.24080614	2032.75897016	16.16275857
4.68000000	67.90288249	-9445.56856709	2032.79304478	15.70451795
4.69000000	68.05781816	-9465.89666369	2032.82611553	15.28917699
4.70000000	68.20878176	-9486.22508635	2032.85826981	14.90843934
4.71000000	68.35606497	-9506.55382625	2032.88957351	14.55110520
4.72000000	68.49984405	-9526.88287512	2032.92006762	14.20597198
4.73000000	68.64020063	-9547.21222497	2032.94977286	13.86593395
4.74000000	68.77717696	-9567.54186799	2032.97870147	13.53037067
4.75000000	68.91084007	-9587.87179647	2033.00687085	13.20451014
4.76000000	69.04132639	-9608.20200298	2033.03431289	12.89638294
4.77000000	69.16885095	-9628.53248046	2033.06107577	12.61309194
4.78000000	69.29368295	-9648.86322243	2033.08721870	12.35805368
4.79000000	69.41610255	-9669.19422298	2033.11280282	12.13004173
4.80000000	69.53635709	-9689.52547680	2033.13788206	11.92395323
4.81000000	69.65463092	-9709.85697907	2033.16249688	11.73266014
4.82000000	69.77103606	-9730.18872528	2033.18667248	11.54916762
4.83000000	69.88562314	-9750.52071110	2033.21042117	11.36844173
4.84000000	69.99840719	-9770.85293229	2033.23374783	11.18851773
4.85000000	70.10940037	-9791.18538466	2033.25665671	11.01075028
4.86000000	70.21864297	-9811.51806407	2033.27915783	10.83927258
4.87000000	70.32622607	-9831.85096653	2033.30127158	10.67987922
4.88000000	70.43230117	-9852.18408832	2033.32303063	10.53863194
4.89000000	70.53707602	-9872.51742610	2033.34447896	10.42050604
4.90000000	70.64079817	-9892.85097703	2033.36566841	10.32835133
4.91000000	70.74373053	-9913.18473879	2033.38665363	10.26234939
4.92000000	70.84612434	-9933.51870960	2033.40748657	10.22003061
4.93000000	70.94819489	-9953.85288816	2033.42821157	10.19679556
4.94000000	71.05010437	-9974.18727358	2033.44886193	10.18678938
4.95000000	71.15195440	-9994.52186522	2033.46945851	10.18392379
4.96000000	71.25378862	-10014.85666260	2033.49001033	10.18283849
4.97000000	71.35560390	-10035.19166528	2033.51051694	10.17963774
4.98000000	71.45736739	-10055.52687277	2033.53097192	10.17230974
4.99000000	71.55903599	-10075.86228452	2033.55136684	10.16080883
5.00000000	71.66057517	-10096.19789988	2033.57169501	10.14683170
5.01000000	71.76197418	-10116.53371819	2033.59195457	10.13334298
5.02000000	71.86325557	-10136.86973876	2033.61215027	10.12391208
5.03000000	71.96447736	-10157.20596102	2033.63229391	10.12192959
5.04000000	72.06572717	-10177.54238452	2033.65240311	10.12978812
5.05000000	72.16710835	-10197.87900904	2033.67249849	10.14813752
5.06000000	72.26871972	-10218.21583451	2033.69259965	10.17534500
5.07000000	72.37063131	-10238.55286110	2033.71272039	10.20729035
5.08000000	72.47286023	-10258.89008900	2033.73286402	10.23759115
5.09000000	72.57535116	-10279.22751842	2033.75301956	10.25828181
5.10000000	72.67796545	-10299.56514934	2033.77315976	10.26087174
5.11000000	72.78048219	-10319.90298142	2033.79324141	10.23760859
5.12000000	72.88261182	-10340.24101379	2033.81320813	10.18270435
5.13000000	72.98402081	-10360.57924498	2033.83299528	10.09327410
5.14000000	73.08436345	-10380.91767287	2033.85253625	9.96979839
5.15000000	73.18331551	-10401.25629468	2033.87176897	9.81603462
5.16000000	73.28060448	-10421.59510705	2033.89064177	9.63843112
5.17000000	73.37603197	-10441.93410619	2033.90911763	9.44519932
5.18000000	73.46948610	-10462.27328801	2033.92717647	9.24524718
5.19000000	73.56094328	-10482.61264832	2033.94481534	9.04716735
5.20000000	73.65046075	-10502.95218296	2033.96204687	8.85842283
5.21000000	73.73816238	-10523.29188798	2033.97889642	8.68480483
5.22000000	73.82422036	-10543.63175973	2033.99539848	8.53017391
5.23000000	73.90883574	-10563.97179492	2034.01159286	8.39645027
5.24000000	73.99221975	-10584.31199070	2034.02752108	8.28379420
5.25000000	74.07457766	-10604.65234459	2034.04322329	8.19091242
5.26000000	74.15609608	-10624.99285453	2034.05873586	8.11543160
5.27000000	74.23693413	-10645.33351878	2034.07408974	8.05429135
5.28000000	74.31721846	-10665.67433588	2034.08930954	8.00411896
5.29000000	74.39704184	-10686.01530459	2034.10441331	7.96155618
5.30000000	74.47646461	-10706.35642380	2034.11941291	7.92351381
5.31000000	74.55551828	-10726.69769252	2034.13431465	7.88733642
5.32000000	74.63421031	-10747.03910977	2034.14912032	7.85086937
5.33000000	74.71252906	-10767.38067460	2034.16382808	7.81243412
5.34000000	74.79044808	-10787.72238599	2034.17843335	7.77073337
5.35000000	74.86792934	-10808.06424290	2034.19292939	7.72472128
5.36000000	74.94492507	-10828.40624419	2034.20730770	7.67347994
5.37000000	75.02137861	-10848.74838863	2034.22155815	7.61613951
5.38000000	75.09722474	-10869.09067489	2034.23566908	7.55186572
5.39000000	75.17239032	-10889.43310150	2034.24962743	7.47991838
5.40000000	75.24679572	-10909.77566688	2034.26341900	7.39976410
5.41000000	75.32035756	-10930.11836928	2034.27702899	7.31121163
5.42000000	75.39299280	-10950.46120681	2034.29044273	7.21453257
5.43000000	75.46462375	-10970.80417743	2034.30364663	7.11053475
5.44000000	75.53518355	-10991.14727900	2034.31662914	7.00056825
5.45000000	75.60462127	-11011.49050925	2034.32938175	6.88646001
5.46000000	75.67290618	-11031.83386585	2034.34189964	6.77038814
5.47000000	75.74003037	-11052.17734646	2034.35418224	6.65471706
5.48000000	75.80600978	-11072.52094872	2034.36623330	6.54181904
5.49000000	75.87088340	-11092.86467038	2034.37806080	6.43390591
5.50000000	75.93471093	-11113.20850923	2034.38967639	6.33288905
5.51000000	75.99756926	-11133.55246325	2034.40109483	6.24027857
5.52000000	76.05954808	-11153.89653053	2034.41233308	6.15712539
5.53000000	76.12074525	-11174.24070937	2034.42340952	6.08400381
5.54000000	76.18126203	-11194.58499824	2034.43434301	6.02102869
5.55000000	76.24119868	-11214.92939582	2034.44515216	5.96789847
5.56000000	76.30065065	-11235.27390093	2034.45585460	5.92395540
5.57000000	76.35970529	-11255.61851261	2034.46646641	5.88825429
5.58000000	76.41843935	-11275.96323000	2034.47700168	5.85963293
5.59000000	76.47691718	-11296.30805242	2034.48747220	5.83677916
5.60000000	76.53518949	-11316.65297926	2034.49788728	5.81829162
5.61000000	76.59329278	-11336.99801001	2034.50825362	5.80273336
5.62000000	76.65124917	-11357.34314419	2034.51857533	5.78867916
5.63000000	76.70906679	-11377.68838137	2034.52885403	5.77475819
5.64000000	76.76674051	-11398.03372112	2034.53908894	5.75969381
5.65000000	76.82425303	-11418.37916299	2034.54927717	5.74234182
5.66000000	76.88157644	-11438.72470650	2034.55941395	5.72172702
5.67000000	76.93867409	-11459.07035108	2034.56949298	5.69707668
5.68000000	76.99550269	-11479.41609614	2034.57950684	5.66784838
5.69000000	77.05201479	-11499.76194097	2034.58944741	5.63374877
5.70000000	77.10816128	-11520.10788481	2034.59930633	5.59474047
5.71000000	77.16389392	-11540.45392680	2034.60907543	5.55103496
5.72000000	77.21916776	-11560.80006600	2034.61874716	5.50307091
5.73000000	77.27394323	-11581.14630140	2034.62831494	5.45147955
5.74000000	77.32818784	-11601.49263193	2034.63777348	5.39703990
5.75000000	77.38187745	-11621.83905649	2034.64711895	5.34062808
5.76000000	77.43499690	-11642.18557393	2034.65634910	5.28316521
5.77000000	77.48754031	-11662.53218308	2034.66546333	5.22556812
5.78000000	77.53951073	-11682.87888281	2034.67446255	5.16870628
5.79000000	77.59091952	-11703.22567196	2034.68334913	5.11336712
5.80000000	77.64178542	-11723.57254943	2034.69212670	5.06023056
5.81000000	77.69213334	-11743.91951415	2034.70079991	5.00985262
5.82000000	77.74199310	-11764.26656510	2034.70937426	4.96265698
5.83000000	77.79139807	-11784.61370132	2034.71785581	4.91893313
5.84000000	77.84038388	-11804.96092193	2034.72625099	4.87883943
5.85000000	77.88898708	-11825.30822608	2034.73456635	4.84240961
5.86000000	77.93724402	-11845.65561301	2034.74280837	4.80956164
5.87000000	77.98518964	-11866.00308202	2034.75098325	4.78010824
5.88000000	78.03285657	-11886.35063247	2034.75909678	4.75376861
5.89000000	78.08027420	-11906.69826377	2034.76715415	4.73018131
5.90000000	78.12746795	-11927.04597538	2034.77515989	4.70891843
5.91000000	78.17445872	-11947.39376681	2034.78311769	4.68950106
5.92000000	78.22126242	-11967.74163758	2034.79103041	4.67141614
5.93000000	78.26788972	-11988.08958727	2034.79890000	4.65413450
5.94000000	78.31434603	-12008.43761544	2034.80672752	4.63712960
5.95000000	78.36063155	-12028.78572168	2034.81451315	4.61989641
5.96000000	78.40674164	-12049.13390556	2034.82225624	4.60196945
5.97000000	78.45266725	-12069.48216666	2034.82995543	4.58293900
5.98000000	78.49839559	-12089.83050452	2034.83760871	4.56246457
5.99000000	78.54391085	-12110.17891867	2034.84521361	4.54028458
6.00000000	78.58919500	-12130.52740862	2034.85276727	4.51622176
6.01000000	78.63422869	-12150.87597384	2034.86026664	4.49018397
6.02000000	78.67899205	-12171.22461376	2034.86770861	4.46216041
6.03000000	78.72346548	-12191.57332781	2034.87509010	4.43221392
6.04000000	78.76763033	-12211.92211535	2034.88240823	4.40047008
6.05000000	78.81146947	-12232.27097575	2034.88966037	4.36710432
6.06000000	78.85496772	-12252.61990833	2034.89684423	4.33232821
6.07000000	78.89811212	-12272.96891240	2034.90395791	4.29637618
6.08000000	78.94089214	-12293.31798725	2034.91099990	4.25949368
6.09000000	78.98329971	-12313.66713216	2034.91796911	4.22192774
6.10000000	79.02532922	-12334.01634639	2034.92486485	4.18392021
6.11000000	79.06697742	-12354.36562921	2034.93168685	4.14570392
6.12000000	79.10824335	-12374.71497988	2034.93843517	4.10750151
6.13000000	79.14912821	-12395.06439767	2034.94511026	4.06952639
6.14000000	79.18963532	-12415.41388184	2034.95171289	4.03198514
6.15000000	79.22977004	-12435.76343169	2034.95824418	3.99508046
6.16000000	79.26953973	-12456.11304650	2034.96470556	3.95901393
6.17000000	79.30895378	-12476.46272557	2034.97109876	3.92398772
6.18000000	79.34802362	-12496.81246825	2034.97742587	3.89020480
6.19000000	79.38676270	-12517.16227388	2034.98368927	3.85786719
6.20000000	79.42518644	-12537.51214183	2034.98989166	3.82717217
6.21000000	79.46331224	-12557.86207152	2034.99603603	3.79830668
6.22000000	79.50115924	-12578.21206237	2035.00212566	3.77144011
6.23000000	79.53874819	-12598.56211386	2035.00816405	3.74671606
6.24000000	79.57610108	-12618.91222549	2035.01415490	3.72424378
6.25000000	79.61324080	-12639.26239681	2035.02010202	3.70408986
6.26000000	79.65019066	-12659.61262740	2035.02600928	3.68627098
6.27000000	79.68697388	-12679.96291688	2035.03188050	3.67074821
6.28000000	79.72361296	-12700.31326490	2035.03771940	3.65742362
6.29000000	79.76012916	-12720.66367117	2035.04352946	3.64613932
6.30000000	79.79654183	-12741.01413541	2035.04931385	3.63667943
6.31000000	79.83286793	-12761.36465737	2035.05507533	3.62877490
6.32000000	79.86912147	-12781.71523684	2035.06081619	3.62211101
6.33000000	79.90531313	-12802.06587363	2035.06653819	3.61633745
6.34000000	79.94144994	-12822.41656755	2035.07224251	3.61108023
6.35000000	79.97753517	-12842.76731842	2035.07792970	3.60595510
6.36000000	80.01356821	-12863.11812609	2035.08359973	3.60058150
6.37000000	80.04954476	-12883.46899036	2035.08925198	3.59459649
6.38000000	80.08545699	-12903.81991106	2035.09488528	3.58766775
6.39000000	80.12129399	-12924.17088800	2035.10049796	3.57950504
6.40000000	80.15704218	-12944.52192095	2035.10608799	3.56986943
6.41000000	80.19268586	-12964.87300967	2035.11165297	3.55857996
6.42000000	80.22820786	-12985.22415391	2035.11719031	3.54551741
6.43000000	80.26359011	-13005.57535338	2035.12269728	3.53062512
6.44000000	80.29881427	-13025.92660775	2035.12817112	3.51390709
6.45000000	80.33386236	-13046.27791668	2035.13360915	3.49542362
6.46000000	80.36871722	-13066.62927980	2035.13900883	3.47528487
6.47000000	80.40336304	-13086.98069672	2035.14436781	3.45364309
6.48000000	80.43778569	-13107.33216702	2035.14968406	3.43068381
6.49000000	80.47197302	-13127.68369025	2035.15495582	3.40661681
6.50000000	80.50591508	-13148.03526598	2035.16018170	3.38166716
6.51000000	80.53960420	-13168.38689373	2035.16536067	3.35606687
6.52000000	80.57303502	-13188.73857304	2035.17049203	3.33004735
6.53000000	80.60620450	-13209.09030341	2035.17557548	3.30383300
6.54000000	80.63911174	-13229.44208439	2035.18061103	3.27763594
6.55000000	80.67175793	-13249.79391548	2035.18559899	3.25165186
6.56000000	80.70414608	-13270.14579621	2035.19053998	3.22605705
6.57000000	80.73628088	-13290.49772612	2035.19543486	3.20100640
6.58000000	80.76816846	-13310.84970476	2035.20028468	3.17663229
6.59000000	80.79981615	-13331.20173167	2035.20509072	3.15304418
6.60000000	80.83123226	-13351.55380643	2035.20985435	3.13032881
6.61000000	80.86242586	-13371.90592862	2035.21457708	3.10855089
6.62000000	80.89340655	-13392.25809784	2035.21926048	3.08775408
6.63000000	80.92418429	-13412.61031370	2035.22390618	3.06796228
6.64000000	80.95476917	-13432.96257584	2035.22851581	3.04918113
6.65000000	80.98517125	-13453.31488390	2035.23309100	3.03139960
6.66000000	81.01540041	-13473.66723755	2035.23763333	3.01459172
6.67000000	81.04546620	-13494.01963647	2035.24214433	2.99871836
6.68000000	81.07537772	-13514.37208034	2035.24662546	2.98372911
6.69000000	81.10514353	-13534.72456888	2035.25107809	2.96956414
6.70000000	81.13477153	-13555.07710181	2035.25550348	2.95615608
6.71000000	81.16426893	-13575.42967886	2035.25990280	2.94343195
6.72000000	81.19364219	-13595.78229978	2035.26427708	2.93131493
6.73000000	81.22289699	-13616.13496432	2035.26862724	2.91972622
6.74000000	81.25203821	-13636.48767225	2035.27295407	2.90858671
6.75000000	81.28106996	-13656.84042333	2035.27725827	2.89781859
6.76000000	81.30999557	-13677.19321734	2035.28154037	2.88734677
6.77000000	81.33881765	-13697.54605407	2035.28580084	2.87710020
6.78000000	81.36753811	-13717.89893329	2035.29004003	2.86701292
6.79000000	81.39615824	-13738.25185480	2035.29425818	2.85702498
6.80000000	81.42467876	-13758.60481838	2035.29845546	2.84708308
6.81000000	81.45309990	-13778.95782384	2035.30263197	2.83714107
6.82000000	81.48142145	-13799.31087095	2035.30678774	2.82716015
6.83000000	81.50964286	-13819.66395952	2035.31092275	2.81710895
6.84000000	81.53776331	-13840.01708934	2035.31503694	2.80696336
6.85000000	81.56578176	-13860.37026019	2035.31913021	2.79670627
6.86000000	81.59369703	-13880.72347187	2035.32320246	2.78632713
6.87000000	81.62150788	-13901.07672417	2035.32725357	2.77582149
6.88000000	81.64921304	-13921.43001687	2035.33128342	2.76519037
6.89000000	81.67681129	-13941.78334977	2035.33529188	2.75443969
6.90000000	81.70430147	-13962.13672264	2035.33927886	2.74357974
6.91000000	81.73168256	-13982.49013527	2035.34324426	2.73262451
6.92000000	81.75895370	-14002.84358745	2035.34718803	2.72159129
6.93000000	81.78611420	-14023.19707896	2035.35111012	2.71050015
6.94000000	81.81316358	-14043.55060958	2035.35501054	2.69937358
6.95000000	81.84010163	-14063.90417910	2035.35888931	2.68823620
6.96000000	81.86692836	-14084.25778730	2035.36274650	2.67711453
6.97000000	81.89364407	-14104.61143396	2035.36658221	2.66603676
6.98000000	81.92024934	-14124.96511887	2035.37039659	2.65503268
6.99000000	81.94674507	-14145.31884182	2035.37418983	2.64413351
7.00000000	81.97313247	-14165.67260260	2035.37796215	2.63337179
7.01000000	81.99941308	-14186.02640099	2035.38171385	2.62278131
7.02000000	82.02558878	-14206.38023681	2035.38544524	2.61239690
7.03000000	82.05166182	-14226.73410983	2035.38915671	2.60225421
7.04000000	82.07763479	-14247.08801987	2035.39284867	2.59238949
7.05000000	82.10351066	-14267.44196674	2035.39652162	2.58283922
7.06000000	82.12929275	-14287.79595025	2035.40017606	2.57363969
7.07000000	82.15498474	-14308.14997020	2035.40381258	2.56482648
7.08000000	82.18059068	-14328.50402644	2035.40743180	2.55643394
7.09000000	82.20611493	-14348.85811878	2035.41103437	2.54849449
7.10000000	82.23156218	-14369.21224707	2035.41462102	2.54103799
7.11000000	82.25693739	-14389.56641115	2035.41819248	2.53409098
7.12000000	82.28224577	-14409.92061088	2035.42174953	2.52767594
7.13000000	82.30749274	-14430.27484610	2035.42529296	2.52181052
7.14000000	82.33268386	-14450.62911669	2035.42882361	2.51650689
7.15000000	82.35782477	-14470.98342253	2035.43234228	2.51177098
7.16000000	82.38292117	-14491.33776350	2035.43584981	2.50760193
7.17000000	82.40797867	-14511.69213949	2035.43934702	2.50399153
7.18000000	82.43300281	-14532.04655041	2035.44283471	2.50092385
7.19000000	82.45799888	-14552.40099616	2035.44631364	2.49837491
7.20000000	82.48297193	-14572.75547666	2035.44978453	2.49631259
7.21000000	82.50792662	-14593.10999182	2035.45324805	2.49469662
7.22000000	82.53286719	-14613.46454159	2035.45670482	2.49347879
7.23000000	82.55779734	-14633.81912590	2035.46015536	2.49260329
7.24000000	82.58272019	-14654.17374468	2035.46360012	2.49200730
7.25000000	82.60763819	-14674.52839788	2035.46703946	2.49162165
7.26000000	82.63255307	-14694.88308545	2035.47047363	2.49137177
7.27000000	82.65746581	-14715.23780734	2035.47390277	2.49117873
7.28000000	82.68237656	-14735.59256349	2035.47732693	2.49096041
7.29000000	82.70728466	-14755.94735386	2035.48074602	2.49063283
7.30000000	82.73218857	-14776.30217840	2035.48415986	2.49011158
7.31000000	82.75708596	-14796.65703704	2035.48756813	2.48931326
7.32000000	82.78197365	-14817.01192974	2035.49097041	2.48815698
7.33000000	82.80684765	-14837.36685643	2035.49436618	2.48656589
7.34000000	82.83170328	-14857.72181704	2035.49775481	2.48446855
7.35000000	82.85653512	-14878.07681150	2035.50113559	2.48180032
7.36000000	82.88133719	-14898.43183972	2035.50450773	2.47850456
7.37000000	82.90610296	-14918.78690162	2035.50787036	2.47453369
7.38000000	82.93082549	-14939.14199709	2035.51122257	2.46985003
7.39000000	82.95549749	-14959.49712603	2035.51456340	2.46442645
7.40000000	82.98011149	-14979.85228832	2035.51789187	2.45824672
7.41000000	83.00465989	-15000.20748383	2035.52120698	2.45130570
7.42000000	83.02913509	-15020.56271241	2035.52450775	2.44360920
7.43000000	83.05352961	-15040.91797393	2035.52779321	2.43517360
7.44000000	83.07783618	-15061.27326822	2035.53106242	2.42602529
7.45000000	83.10204786	-15081.62859512	2035.53431449	2.41619982
7.46000000	83.12615807	-15101.98395445	2035.53754860	2.40574094
7.47000000	83.15016073	-15122.33934603	2035.54076396	2.39469944
7.48000000	83.17405030	-15142.69476967	2035.54395989	2.38313190
7.49000000	83.19782182	-15163.05022516	2035.54713578	2.37109936
7.50000000	83.22147095	-15183.40571231	2035.55029110	2.35866594
7.51000000	83.24499402	-15203.76123091	2035.55342542	2.34589753
7.52000000	83.26838801	-15224.11678075	2035.55653840	2.33286040
7.53000000	83.29165055	-15244.47236161	2035.55962977	2.31962005
7.54000000	83.31477994	-15264.82797327	2035.56269937	2.30623997
7.55000000	83.33777509	-15285.18361552	2035.56574710	2.29278070
7.56000000	83.36063548	-15305.53928814	2035.56877297	2.27929893
7.57000000	83.38336117	-15325.89499091	2035.57177702	2.26584677
7.58000000	83.40595267	-15346.25072361	2035.57475940	2.25247121
7.59000000	83.42841098	-15366.60648603	2035.57772029	2.23921371
7.60000000	83.45073746	-15386.96227795	2035.58065992	2.22610997
7.61000000	83.47293380	-15407.31809916	2035.58357857	2.21318983
7.62000000	83.49500195	-15427.67394945	2035.58647656	2.20047733
7.63000000	83.51694410	-15448.02982862	2035.58935422	2.18799089
7.64000000	83.53876257	-15468.38573647	2035.59221192	2.17574358
7.65000000	83.56045979	-15488.74167279	2035.59505001	2.16374354
7.66000000	83.58203827	-15509.09763740	2035.59786889	2.15199439
7.67000000	83.60350052	-15529.45363011	2035.60066892	2.14049576
7.68000000	83.62484901	-15549.80965072	2035.60345049	2.12924385
7.69000000	83.64608619	-15570.16569906	2035.60621395	2.11823201
7.70000000	83.66721442	-15590.52177494	2035.60895966	2.10745130
7.71000000	83.68823595	-15610.87787819	2035.61168796	2.09689105
7.72000000	83.70915294	-15631.23400864	2035.61439917	2.08653947
7.73000000	83.72996740	-15651.59016612	2035.61709360	2.07638409
7.74000000	83.75068123	-15671.94635046	2035.61977154	2.06641227
7.75000000	83.77129621	-15692.30256150	2035.62243325	2.05661163
7.76000000	83.79181400	-15712.65879907	2035.62507900	2.04697038
7.77000000	83.81223612	-15733.01506302	2035.62770903	2.03747765
7.78000000	83.83256401	-15753.37135320	2035.63032355	2.02812370
7.79000000	83.85279903	-15773.72766944	2035.63292278	2.01890012
7.80000000	83.87294243	-15794.08401160	2035.63550693	2.00979993
7.81000000	83.89299542	-15814.44037953	2035.63807618	2.00081763
7.82000000	83.91295916	-15834.79677308	2035.64063072	1.99194921
7.83000000	83.93283477	-15855.15319210	2035.64317074	1.98319209
7.84000000	83.95262337	-15875.50963645	2035.64569640	1.97454501
7.85000000	83.97232604	-15895.86610598	2035.64820790	1.96600793
7.86000000	83.99194389	-15916.22260056	2035.65070540	1.95758183
7.87000000	84.01147805	-15936.57912004	2035.65318908	1.94926854
7.88000000	84.03092965	-15956.93566429	2035.65565913	1.94107054
7.89000000	84.05029986	-15977.29223318	2035.65811572	1.93299077
7.90000000	84.06958987	-15997.64882656	2035.66055904	1.92503237
7.91000000	84.08880092	-16018.00544432	2035.66298928	1.91719853
7.92000000	84.10793426	-16038.36208631	2035.66540664	1.90949226
7.93000000	84.12699120	-16058.71875241	2035.66781130	1.90191623
7.94000000	84.14597303	-16079.07544249	2035.67020347	1.89447261
7.95000000	84.16488110	-16099.43215643	2035.67258334	1.88716295
7.96000000	84.18371674	-16119.78889412	2035.67495111	1.87998806
7.97000000	84.20248131	-16140.14565542	2035.67730699	1.87294792
7.98000000	84.22117614	-16160.50244022	2035.67965117	1.86604165
7.99000000	84.23980258	-16180.85924840	2035.68198385	1.85926749
8.00000000	84.25836193	-16201.21607986	2035.68430522	1.85262280
