T	Ut	Ft	St	Ct
0.01000000	-1.96875000	-2.61573846	64.69884609	0.00000000
0.02000000	-1.96875000	-3.26272692	64.69884609	0.00000000
0.03000000	-1.96875000	-3.90971538	64.69884609	0.00000000
0.04000000	-1.96875000	-4.55670384	64.69884609	0.00000000
0.05000000	-1.96875000	-5.20369230	64.69884609	0.00000000
0.06000000	-1.96875000	-5.85068077	64.69884609	0.00000000
0.07000000	-1.96875000	-6.49766923	64.69884609	0.00000000
0.08000000	-1.96875000	-7.14465769	64.69884609	0.00000000
0.09000000	-1.96875000	-7.79164615	64.69884609	0.00000000
0.10000000	-1.96875000	-8.43863461	64.69884609	0.00000000
0.11000000	-1.96875000	-9.08562307	64.69884609	0.00000000
0.12000000	-1.96875000	-9.73261153	64.69884609	0.00000000
0.13000000	-1.96875000	-10.37959999	64.69884609	-0.00000000
0.14000000	-1.96875000	-11.02658845	64.69884609	0.00000000
0.15000000	-1.96875000	-11.67357691	64.69884609	0.00000000
0.16000000	-1.96875000	-12.32056537	64.69884609	0.00000000
0.17000000	-1.96875000	-12.96755383	64.69884609	0.00000000
0.18000000	-1.96875000	-13.61454230	64.69884609	0.00000000
0.19000000	-1.96875000	-14.26153076	64.69884609	0.00000000
0.20000000	-1.96875000	-14.90851922	64.69884609	0.00000001
0.21000000	-1.96875000	-15.55550768	64.69884609	0.00000002
0.22000000	-1.96875000	-16.20249614	64.69884609	0.00000003
0.23000000	-1.96875000	-16.84948460	64.69884609	0.00000007
0.24000000	-1.96875000	-17.49647306	64.69884609	0.00000013
0.25000000	-1.96875000	-18.14346152	64.69884610	0.00000024
0.26000000	-1.96874999	-18.79044998	64.69884611	0.00000041
0.27000000	-1.96874999	-19.43743844	64.69884613	0.00000066
0.28000000	-1.96874998	-20.08442691	64.69884616	0.00000105
0.29000000	-1.96874997	-20.73141537	64.69884621	0.00000160
0.30000000	-1.96874995	-21.37840383	64.69884628	0.00000237
0.31000000	-1.96874992	-22.02539229	64.69884637	0.00000341
0.32000000	-1.96874988	-22.67238076	64.69884650	0.00000479
0.33000000	-1.96874982	-23.31936922	64.69884667	0.00000659
0.34000000	-1.96874974	-23.96635769	64.69884690	0.00000887
0.35000000	-1.96874964	-24.61334616	64.69884720	0.00001172
0.36000000	-1.96874951	-25.26033464	64.69884758	0.00001523
0.37000000	-1.96874933	-25.90732311	64.69884805	0.00001950
0.38000000	-1.96874911	-26.55431160	64.69884864	0.00002461
0.39000000	-1.96874884	-27.20130009	64.69884935	0.00003066
0.40000000	-1.96874850	-27.84828858	64.69885022	0.00003776
0.41000000	-1.96874808	-28.49527709	64.69885125	0.00004601
0.42000000	-1.96874757	-29.14226561	64.69885247	0.00005552
0.43000000	-1.96874697	-29.78925414	64.69885390	0.00006639
0.44000000	-1.96874624	-30.43624269	64.69885556	0.00007874
0.45000000	-1.96874538	-31.08323125	64.69885749	0.00009269
0.46000000	-1.96874438	-31.73021984	64.69885969	0.00010837
0.47000000	-1.96874321	-32.37720845	64.69886221	0.00012592
0.48000000	-1.96874186	-33.02419708	64.69886506	0.00014548
0.49000000	-1.96874029	-33.67118575	64.69886828	0.00016720
0.50000000	-1.96873850	-34.31817445	64.69887189	0.00019127
0.51000000	-1.96873646	-34.96516319	64.69887594	0.00021788
0.52000000	-1.96873414	-35.61215197	64.69888045	0.00024722
0.53000000	-1.96873151	-36.25914080	64.69888546	0.00027953
0.54000000	-1.96872854	-36.90612968	64.69889101	0.00031505
0.55000000	-1.96872519	-37.55311862	64.69889714	0.00035405
0.56000000	-1.96872144	-38.20010763	64.69890390	0.00039683
0.57000000	-1.96871724	-38.84709670	64.69891133	0.00044371
0.58000000	-1.96871255	-39.49408586	64.69891949	0.00049504
0.59000000	-1.96870733	-40.14107510	64.69892842	0.00055117
0.60000000	-1.96870151	-40.78806443	64.69893819	0.00061253
0.61000000	-1.96869506	-41.43505386	64.69894886	0.00067952
0.62000000	-1.96868790	-42.08204341	64.69896049	0.00075261
0.63000000	-1.96867998	-42.72903308	64.69897316	0.00083228
0.64000000	-1.96867123	-43.37602288	64.69898694	0.00091903
0.65000000	-1.96866158	-44.02301282	64.69900191	0.00101340
0.66000000	-1.96865094	-44.67000292	64.69901815	0.00111595
0.67000000	-1.96863923	-45.31699319	64.69903576	0.00122726
0.68000000	-1.96862636	-45.96398364	64.69905482	0.00134794
0.69000000	-1.96861224	-46.61097429	64.69907544	0.00147862
0.70000000	-1.96859675	-47.25796515	64.69909771	0.00161994
0.71000000	-1.96857980	-47.90495625	64.69912176	0.00177258
0.72000000	-1.96856126	-48.55194759	64.69914768	0.00193723
0.73000000	-1.96854101	-49.19893921	64.69917561	0.00211458
0.74000000	-1.96851893	-49.84593111	64.69920566	0.00230538
0.75000000	-1.96849486	-50.49292333	64.69923796	0.00251034
0.76000000	-1.96846867	-51.13991588	64.69927265	0.00273023
0.77000000	-1.96844020	-51.78690879	64.69930985	0.00296581
0.78000000	-1.96840930	-52.43390209	64.69934973	0.00321786
0.79000000	-1.96837579	-53.08089579	64.69939241	0.00348716
0.80000000	-1.96833949	-53.72788994	64.69943806	0.00377453
0.81000000	-1.96830023	-54.37488457	64.69948683	0.00408078
0.82000000	-1.96825781	-55.02187969	64.69953888	0.00440673
0.83000000	-1.96821203	-55.66887535	64.69959437	0.00475322
0.84000000	-1.96816268	-56.31587159	64.69965347	0.00512109
0.85000000	-1.96810953	-56.96286844	64.69971636	0.00551121
0.86000000	-1.96805238	-57.60986593	64.69978320	0.00592446
0.87000000	-1.96799097	-58.25686411	64.69985419	0.00636170
0.88000000	-1.96792506	-58.90386303	64.69992951	0.00682386
0.89000000	-1.96785440	-59.55086272	64.70000935	0.00731184
0.90000000	-1.96777873	-60.19786323	64.70009389	0.00782658
0.91000000	-1.96769778	-60.84486461	64.70018334	0.00836903
0.92000000	-1.96761126	-61.49186692	64.70027789	0.00894015
0.93000000	-1.96751888	-62.13887019	64.70037776	0.00954095
0.94000000	-1.96742034	-62.78587449	64.70048314	0.01017244
0.95000000	-1.96731532	-63.43287987	64.70059426	0.01083566
0.96000000	-1.96720351	-64.07988639	64.70071133	0.01153168
0.97000000	-1.96708457	-64.72689412	64.70083458	0.01226160
0.98000000	-1.96695816	-65.37390311	64.70096423	0.01302655
0.99000000	-1.96682392	-66.02091343	64.70110051	0.01382770
1.00000000	-1.96668149	-66.66792514	64.70124365	0.01466625
1.01000000	-1.96653047	-67.31493832	64.70139391	0.01554345
1.02000000	-1.96637048	-67.96195304	64.70155153	0.01646057
1.03000000	-1.96620112	-68.60896938	64.70171675	0.01741895
1.04000000	-1.96602196	-69.25598740	64.70188985	0.01841997
1.05000000	-1.96583257	-69.90300720	64.70207107	0.01946504
1.06000000	-1.96563251	-70.55002885	64.70226070	0.02055565
1.07000000	-1.96542130	-71.19705244	64.70245901	0.02169333
1.08000000	-1.96519848	-71.84407806	64.70266628	0.02287967
1.09000000	-1.96496354	-72.49110580	64.70288281	0.02411630
1.10000000	-1.96471598	-73.13813575	64.70310888	0.02540494
1.11000000	-1.96445527	-73.78516801	64.70334482	0.02674736
1.12000000	-1.96418085	-74.43220268	64.70359092	0.02814539
1.13000000	-1.96389217	-75.07923987	64.70384752	0.02960093
1.14000000	-1.96358863	-75.72627967	64.70411494	0.03111595
1.15000000	-1.96326964	-76.37332220	64.70439353	0.03269249
1.16000000	-1.96293457	-77.02036758	64.70468363	0.03433265
1.17000000	-1.96258277	-77.66741591	64.70498559	0.03603862
1.18000000	-1.96221357	-78.31446733	64.70529980	0.03781263
1.19000000	-1.96182628	-78.96152195	64.70562661	0.03965703
1.20000000	-1.96142019	-79.60857991	64.70596643	0.04157418
1.21000000	-1.96099455	-80.25564132	64.70631965	0.04356657
1.22000000	-1.96054860	-80.90270634	64.70668668	0.04563673
1.23000000	-1.96008155	-81.54977511	64.70706794	0.04778727
1.24000000	-1.95959257	-82.19684775	64.70746385	0.05002085
1.25000000	-1.95908084	-82.84392443	64.70787487	0.05234023
1.26000000	-1.95854548	-83.49100530	64.70830145	0.05474821
1.27000000	-1.95798557	-84.13809052	64.70874405	0.05724766
1.28000000	-1.95740021	-84.78518024	64.70920315	0.05984153
1.29000000	-1.95678842	-85.43227464	64.70967924	0.06253279
1.30000000	-1.95614922	-86.07937388	64.71017282	0.06532450
1.31000000	-1.95548158	-86.72647815	64.71068440	0.06821977
1.32000000	-1.95478447	-87.37358763	64.71121452	0.07122175
1.33000000	-1.95405678	-88.02070251	64.71176370	0.07433366
1.34000000	-1.95329741	-88.66782297	64.71233250	0.07755874
1.35000000	-1.95250522	-89.31494922	64.71292149	0.08090031
1.36000000	-1.95167901	-89.96208147	64.71353122	0.08436175
1.37000000	-1.95081757	-90.60921992	64.71416230	0.08794647
1.38000000	-1.94991966	-91.25636479	64.71481531	0.09165797
1.39000000	-1.94898398	-91.90351630	64.71549088	0.09549983
1.40000000	-1.94800921	-92.55067468	64.71618962	0.09947572
1.41000000	-1.94699400	-93.19784017	64.71691218	0.10358945
1.42000000	-1.94593695	-93.84501301	64.71765919	0.10784496
1.43000000	-1.94483662	-94.49219344	64.71843134	0.11224641
1.44000000	-1.94369152	-95.13938172	64.71922930	0.11679820
1.45000000	-1.94250014	-95.78657811	64.72005378	0.12150506
1.46000000	-1.94126089	-96.43378289	64.72090548	0.12637212
1.47000000	-1.93997214	-97.08099632	64.72178515	0.13140502
1.48000000	-1.93863221	-97.72821869	64.72269356	0.13661007
1.49000000	-1.93723934	-98.37545029	64.72363150	0.14199434
1.50000000	-1.93579170	-99.02269142	64.72459981	0.14756593
1.51000000	-1.93428737	-99.66994239	64.72559935	0.15333410
1.52000000	-1.93272433	-100.31720351	64.72663104	0.15930963
1.53000000	-1.93110045	-100.96447512	64.72769586	0.16550503
1.54000000	-1.92941345	-101.61175754	64.72879487	0.17193493
1.55000000	-1.92766091	-102.25905113	64.72992918	0.17861645
1.56000000	-1.92584021	-102.90635625	64.73110002	0.18556964
1.57000000	-1.92394853	-103.55367326	64.73230874	0.19281793
1.58000000	-1.92198278	-104.20100255	64.73355682	0.20038863
1.59000000	-1.91993958	-104.84834453	64.73484588	0.20831347
1.60000000	-1.91781521	-105.49569961	64.73617775	0.21662911
1.61000000	-1.91560556	-106.14306824	64.73755446	0.22537770
1.62000000	-1.91330605	-106.79045086	64.73897828	0.23460728
1.63000000	-1.91091163	-107.43784797	64.74045174	0.24437228
1.64000000	-1.90841662	-108.08526007	64.74197771	0.25473370
1.65000000	-1.90581474	-108.73268771	64.74355938	0.26575930
1.66000000	-1.90309897	-109.38013146	64.74520029	0.27752338
1.67000000	-1.90026154	-110.02759192	64.74690442	0.29010635
1.68000000	-1.89729383	-110.67506977	64.74867615	0.30359382
1.69000000	-1.89418635	-111.32256569	64.75052032	0.31807523
1.70000000	-1.89092871	-111.97008043	64.75244219	0.33364180
1.71000000	-1.88750960	-112.61761481	64.75444749	0.35038381
1.72000000	-1.88391683	-113.26516968	64.75654236	0.36838710
1.73000000	-1.88013739	-113.91274598	64.75873329	0.38772863
1.74000000	-1.87615758	-114.56034469	64.76102707	0.40847123
1.75000000	-1.87196315	-115.20796689	64.76343070	0.43065741
1.76000000	-1.86753957	-115.85561369	64.76595121	0.45430252
1.77000000	-1.86287230	-116.50328632	64.76859549	0.47938737
1.78000000	-1.85794722	-117.15098604	64.77137012	0.50585069
1.79000000	-1.85275105	-117.79871418	64.77428108	0.53358197
1.80000000	-1.84727190	-118.44647213	64.77733346	0.56241528
1.81000000	-1.84149982	-119.09426133	64.78053122	0.59212482
1.82000000	-1.83542743	-119.74208325	64.78387682	0.62242311
1.83000000	-1.82905055	-120.38993937	64.78737094	0.65296250
1.84000000	-1.82236872	-121.03783116	64.79101220	0.68334087
1.85000000	-1.81538575	-121.68576009	64.79479694	0.71311182
1.86000000	-1.80811009	-122.33372756	64.79871907	0.74179963
1.87000000	-1.80055499	-122.98173490	64.80277000	0.76891841
1.88000000	-1.79273853	-123.62978335	64.80693873	0.79399468
1.89000000	-1.78468337	-124.27787402	64.81121199	0.81659181
1.90000000	-1.77641622	-124.92600789	64.81557456	0.83633458
1.91000000	-1.76796717	-125.57418576	64.82000973	0.85293161
1.92000000	-1.75936872	-126.22240826	64.82449976	0.86619377
1.93000000	-1.75065468	-126.87067587	64.82902653	0.87604670
1.94000000	-1.74185901	-127.51898886	64.83357209	0.88253635
1.95000000	-1.73301462	-128.16734732	64.83811933	0.88582707
1.96000000	-1.72415223	-128.81575120	64.84265254	0.88619261
1.97000000	-1.71529930	-129.46420028	64.84715785	0.88400106
1.98000000	-1.70647926	-130.11269422	64.85162372	0.87969539
1.99000000	-1.69771079	-130.76123259	64.85604110	0.87377136
2.00000000	-1.68900748	-131.40981486	64.86040369	0.86675482
2.01000000	-1.68037756	-132.05844047	64.86470792	0.85917998
2.02000000	-1.67182399	-132.70710882	64.86895289	0.85157009
2.03000000	-1.66334461	-133.35581933	64.87314026	0.84442130
2.04000000	-1.65493250	-134.00457145	64.87727399	0.83819020
2.05000000	-1.64657638	-134.65336466	64.88136013	0.83328498
2.06000000	-1.63826119	-135.30219852	64.88540647	0.83005992
2.07000000	-1.62996859	-135.95107268	64.88942227	0.82881274
2.08000000	-1.62167754	-136.59998690	64.89341796	0.82978412
2.09000000	-1.61336489	-137.24894101	64.89740484	0.83315876
2.10000000	-1.60500591	-137.89793500	64.90139481	0.83906747
2.11000000	-1.59657482	-138.54696896	64.90540007	0.84758960
2.12000000	-1.58804530	-139.19604310	64.90943292	0.85875563
2.13000000	-1.57939094	-139.84515775	64.91350554	0.87254948
2.14000000	-1.57058575	-140.49431338	64.91762973	0.88891047
2.15000000	-1.56160452	-141.14351056	64.92181676	0.90773488
2.16000000	-1.55242332	-141.79274996	64.92607715	0.92887712
2.17000000	-1.54301987	-142.44203237	64.93042051	0.95215065
2.18000000	-1.53337395	-143.09135867	64.93485538	0.97732894
2.19000000	-1.52346782	-143.74072981	64.93938904	1.00414656
2.20000000	-1.51328656	-144.39014680	64.94402738	1.03230080
2.21000000	-1.50281847	-145.03961072	64.94877477	1.06145402
2.22000000	-1.49205538	-145.68912267	64.95363392	1.09123705
2.23000000	-1.48099295	-146.33868378	64.95860575	1.12125376
2.24000000	-1.46963091	-146.98829516	64.96368940	1.15108702
2.25000000	-1.45797325	-147.63795793	64.96888208	1.18030610
2.26000000	-1.44602829	-148.28767315	64.97417914	1.20847531
2.27000000	-1.43380869	-148.93744184	64.97957408	1.23516383
2.28000000	-1.42133134	-149.58726493	64.98505859	1.25995629
2.29000000	-1.40861718	-150.23714328	64.99062275	1.28246371
2.30000000	-1.39569086	-150.88707761	64.99625511	1.30233421
2.31000000	-1.38258031	-151.53706856	65.00194297	1.31926295
2.32000000	-1.36931624	-152.18711661	65.00767257	1.33300070
2.33000000	-1.35593156	-152.83722211	65.01342942	1.34336050
2.34000000	-1.34246070	-153.48738524	65.01919852	1.35022208
2.35000000	-1.32893896	-154.13760607	65.02496473	1.35353362
2.36000000	-1.31540182	-154.78788448	65.03071299	1.35331101
2.37000000	-1.30188426	-155.43822022	65.03642867	1.34963441
2.38000000	-1.28842018	-156.08861289	65.04209778	1.34264268
2.39000000	-1.27504183	-156.73906197	65.04770717	1.33252590
2.40000000	-1.26177931	-157.38956680	65.05324479	1.31951650
2.41000000	-1.24866026	-158.04012659	65.05869972	1.30387970
2.42000000	-1.23570952	-158.69074048	65.06406238	1.28590360
2.43000000	-1.22294898	-159.34140751	65.06932450	1.26588958
2.44000000	-1.21039750	-159.99212662	65.07447915	1.24414337
2.45000000	-1.19807088	-160.64289671	65.07952075	1.22096708
2.46000000	-1.18598195	-161.29371664	65.08444500	1.19665247
2.47000000	-1.17414070	-161.94458521	65.08924879	1.17147557
2.48000000	-1.16255446	-162.59550121	65.09393014	1.14569254
2.49000000	-1.15122809	-163.24646340	65.09848808	1.11953689
2.50000000	-1.14016426	-163.89747056	65.10292252	1.09321781
2.51000000	-1.12936366	-164.54852144	65.10723418	1.06691955
2.52000000	-1.11882527	-165.19961484	65.11142443	1.04080156
2.53000000	-1.10854658	-165.85074953	65.11549524	1.01499939
2.54000000	-1.09852385	-166.50192435	65.11944902	0.98962601
2.55000000	-1.08875232	-167.15313813	65.12328855	0.96477350
2.56000000	-1.07922640	-167.80438975	65.12701694	0.94051496
2.57000000	-1.06993985	-168.45567811	65.13063746	0.91690652
2.58000000	-1.06088596	-169.10700215	65.13415356	0.89398931
2.59000000	-1.05205766	-169.75836085	65.13756880	0.87179151
2.60000000	-1.04344767	-170.40975320	65.14088674	0.85033011
2.61000000	-1.03504858	-171.06117827	65.14411099	0.82961275
2.62000000	-1.02685294	-171.71263512	65.14724511	0.80963918
2.63000000	-1.01885334	-172.36412288	65.15029260	0.79040278
2.64000000	-1.01104247	-173.01564070	65.15325691	0.77189173
2.65000000	-1.00341314	-173.66718775	65.15614136	0.75409014
2.66000000	-0.99595836	-174.31876327	65.15894921	0.73697898
2.67000000	-0.98867133	-174.97036649	65.16168358	0.72053689
2.68000000	-0.98154547	-175.62199671	65.16434748	0.70474083
2.69000000	-0.97457444	-176.27365322	65.16694378	0.68956667
2.70000000	-0.96775215	-176.92533537	65.16947527	0.67498964
2.71000000	-0.96107274	-177.57704252	65.17194457	0.66098472
2.72000000	-0.95453063	-178.22877406	65.17435420	0.64752691
2.73000000	-0.94812046	-178.88052941	65.17670657	0.63459151
2.74000000	-0.94183714	-179.53230801	65.17900397	0.62215431
2.75000000	-0.93567579	-180.18410931	65.18124855	0.61019167
2.76000000	-0.92963180	-180.83593281	65.18344240	0.59868071
2.77000000	-0.92370075	-181.48777800	65.18558746	0.58759931
2.78000000	-0.91787845	-182.13964440	65.18768559	0.57692622
2.79000000	-0.91216093	-182.79153156	65.18973858	0.56664103
2.80000000	-0.90654440	-183.44343903	65.19174808	0.55672427
2.81000000	-0.90102528	-184.09536638	65.19371570	0.54715730
2.82000000	-0.89560015	-184.74731321	65.19564293	0.53792241
2.83000000	-0.89026578	-185.39927911	65.19753121	0.52900275
2.84000000	-0.88501910	-186.05126371	65.19938190	0.52038231
2.85000000	-0.87985719	-186.70326663	65.20119630	0.51204591
2.86000000	-0.87477728	-187.35528752	65.20297561	0.50397917
2.87000000	-0.86977675	-188.00732603	65.20472100	0.49616849
2.88000000	-0.86485310	-188.65938183	65.20643359	0.48860101
2.89000000	-0.86000396	-189.31145459	65.20811441	0.48126457
2.90000000	-0.85522708	-189.96354401	65.20976446	0.47414770
2.91000000	-0.85052031	-190.61564978	65.21138470	0.46723959
2.92000000	-0.84588162	-191.26777161	65.21297602	0.46053004
2.93000000	-0.84130908	-191.91990921	65.21453929	0.45400945
2.94000000	-0.83680083	-192.57206230	65.21607533	0.44766877
2.95000000	-0.83235513	-193.22423063	65.21758491	0.44149951
2.96000000	-0.82797030	-193.87641392	65.21906879	0.43549366
2.97000000	-0.82364474	-194.52861192	65.22052767	0.42964371
2.98000000	-0.81937693	-195.18082439	65.22196224	0.42394262
2.99000000	-0.81516541	-195.83305109	65.22337313	0.41838374
3.00000000	-0.81100880	-196.48529178	65.22476099	0.41296087
3.01000000	-0.80690576	-197.13754623	65.22612640	0.40766817
3.02000000	-0.80285502	-197.78981423	65.22746994	0.40250016
3.03000000	-0.79885536	-198.44209556	65.22879214	0.39745173
3.04000000	-0.79490560	-199.09439000	65.23009355	0.39251804
3.05000000	-0.79100463	-199.74669736	65.23137467	0.38769461
3.06000000	-0.78715136	-200.39901743	65.23263597	0.38297718
3.07000000	-0.78334475	-201.05135002	65.23387794	0.37836180
3.08000000	-0.77958379	-201.70369493	65.23510102	0.37384475
3.09000000	-0.77586754	-202.35605198	65.23630564	0.36942253
3.10000000	-0.77219504	-203.00842098	65.23749224	0.36509186
3.11000000	-0.76856540	-203.66080176	65.23866121	0.36084966
3.12000000	-0.76497776	-204.31319415	65.23981294	0.35669304
3.13000000	-0.76143127	-204.96559796	65.24094783	0.35261926
3.14000000	-0.75792511	-205.61801305	65.24206622	0.34862575
3.15000000	-0.75445849	-206.27043923	65.24316849	0.34471010
3.16000000	-0.75103065	-206.92287637	65.24425497	0.34087001
3.17000000	-0.74764085	-207.57532428	65.24532600	0.33710332
3.18000000	-0.74428835	-208.22778283	65.24638191	0.33340798
3.19000000	-0.74097246	-208.88025187	65.24742301	0.32978205
3.20000000	-0.73769248	-209.53273125	65.24844961	0.32622369
3.21000000	-0.73444776	-210.18522082	65.24946201	0.32273112
3.22000000	-0.73123765	-210.83772044	65.25046049	0.31930269
3.23000000	-0.72806150	-211.49022998	65.25144535	0.31593678
3.24000000	-0.72491871	-212.14274930	65.25241685	0.31263188
3.25000000	-0.72180867	-212.79527827	65.25337526	0.30938651
3.26000000	-0.71873078	-213.44781677	65.25432085	0.30619926
3.27000000	-0.71568449	-214.10036465	65.25525387	0.30306878
3.28000000	-0.71266922	-214.75292180	65.25617457	0.29999376
3.29000000	-0.70968444	-215.40548810	65.25708318	0.29697294
3.30000000	-0.70672959	-216.05806343	65.25797995	0.29400510
3.31000000	-0.70380416	-216.71064766	65.25886511	0.29108907
3.32000000	-0.70090764	-217.36324069	65.25973887	0.28822370
3.33000000	-0.69803952	-218.01584240	65.26060147	0.28540788
3.34000000	-0.69519932	-218.66845268	65.26145310	0.28264053
3.35000000	-0.69238655	-219.32107143	65.26229399	0.27992060
3.36000000	-0.68960075	-219.97369853	65.26312434	0.27724706
3.37000000	-0.68684146	-220.62633388	65.26394434	0.27461892
3.38000000	-0.68410823	-221.27897738	65.26475419	0.27203521
3.39000000	-0.68140061	-221.93162893	65.26555408	0.26949496
3.40000000	-0.67871819	-222.58428843	65.26634419	0.26699726
3.41000000	-0.67606053	-223.23695578	65.26712471	0.26454119
3.42000000	-0.67342723	-223.88963089	65.26789581	0.26212587
3.43000000	-0.67081788	-224.54231367	65.26865766	0.25975042
3.44000000	-0.66823209	-225.19500402	65.26941044	0.25741399
3.45000000	-0.66566947	-225.84770185	65.27015431	0.25511575
3.46000000	-0.66312965	-226.50040707	65.27088943	0.25285489
3.47000000	-0.66061225	-227.15311961	65.27161595	0.25063059
3.48000000	-0.65811692	-227.80583936	65.27233404	0.24844209
3.49000000	-0.65564329	-228.45856626	65.27304383	0.24628860
3.50000000	-0.65319103	-229.11130021	65.27374548	0.24416939
3.51000000	-0.65075979	-229.76404114	65.27443913	0.24208370
3.52000000	-0.64834925	-230.41678897	65.27512492	0.24003083
3.53000000	-0.64595907	-231.06954362	65.27580299	0.23801007
3.54000000	-0.64358894	-231.72230500	65.27647346	0.23602073
3.55000000	-0.64123855	-232.37507306	65.27713648	0.23406212
3.56000000	-0.63890760	-233.02784771	65.27779217	0.23213359
3.57000000	-0.63659578	-233.68062888	65.27844064	0.23023449
3.58000000	-0.63430281	-234.33341650	65.27908204	0.22836418
3.59000000	-0.63202840	-234.98621050	65.27971646	0.22652205
3.60000000	-0.62977228	-235.63901080	65.28034403	0.22470749
3.61000000	-0.62753416	-236.29181735	65.28096487	0.22291990
3.62000000	-0.62531379	-236.94463008	65.28157908	0.22115872
3.63000000	-0.62311090	-237.59744891	65.28218678	0.21942336
3.64000000	-0.62092524	-238.25027379	65.28278806	0.21771328
3.65000000	-0.61875656	-238.90310466	65.28338304	0.21602793
3.66000000	-0.61660460	-239.55594143	65.28397181	0.21436680
3.67000000	-0.61446914	-240.20878407	65.28455448	0.21272935
3.68000000	-0.61234994	-240.86163250	65.28513113	0.21111510
3.69000000	-0.61024676	-241.51448667	65.28570187	0.20952354
3.70000000	-0.60815939	-242.16734652	65.28626679	0.20795420
3.71000000	-0.60608761	-242.82021199	65.28682598	0.20640660
3.72000000	-0.60403119	-243.47308302	65.28737952	0.20488030
3.73000000	-0.60198993	-244.12595956	65.28792752	0.20337484
3.74000000	-0.59996363	-244.77884155	65.28847003	0.20188980
3.75000000	-0.59795207	-245.43172895	65.28900717	0.20042474
3.76000000	-0.59595507	-246.08462168	65.28953899	0.19897925
3.77000000	-0.59397242	-246.73751971	65.29006559	0.19755293
3.78000000	-0.59200394	-247.39042298	65.29058705	0.19614539
3.79000000	-0.59004945	-248.04333143	65.29110343	0.19475624
3.80000000	-0.58810876	-248.69624503	65.29161481	0.19338511
3.81000000	-0.58618169	-249.34916371	65.29212127	0.19203162
3.82000000	-0.58426807	-250.00208744	65.29262287	0.19069544
3.83000000	-0.58236772	-250.65501615	65.29311969	0.18937620
3.84000000	-0.58048049	-251.30794981	65.29361180	0.18807357
3.85000000	-0.57860620	-251.96088837	65.29409927	0.18678723
3.86000000	-0.57674469	-252.61383178	65.29458215	0.18551685
3.87000000	-0.57489581	-253.26678000	65.29506051	0.18426211
3.88000000	-0.57305940	-253.91973298	65.29553443	0.18302271
3.89000000	-0.57123531	-254.57269068	65.29600395	0.18179835
3.90000000	-0.56942338	-255.22565304	65.29646914	0.18058875
3.91000000	-0.56762348	-255.87862004	65.29693007	0.17939362
3.92000000	-0.56583546	-256.53159163	65.29738678	0.17821268
3.93000000	-0.56405918	-257.18456777	65.29783933	0.17704566
3.94000000	-0.56229450	-257.83754840	65.29828779	0.17589230
3.95000000	-0.56054129	-258.49053351	65.29873221	0.17475234
3.96000000	-0.55879941	-259.14352304	65.29917263	0.17362554
3.97000000	-0.55706874	-259.79651695	65.29960912	0.17251165
3.98000000	-0.55534914	-260.44951521	65.30004173	0.17141043
3.99000000	-0.55364049	-261.10251777	65.30047050	0.17032165
4.00000000	-0.55194266	-261.75552460	65.30089548	0.16924509
4.01000000	-0.55025555	-262.40853567	65.30131674	0.16818051
4.02000000	-0.54857901	-263.06155092	65.30173431	0.16712771
4.03000000	-0.54691295	-263.71457034	65.30214824	0.16608648
4.04000000	-0.54525725	-264.36759388	65.30255857	0.16505660
4.05000000	-0.54361178	-265.02062150	65.30296536	0.16403789
4.06000000	-0.54197645	-265.67365317	65.30336865	0.16303014
4.07000000	-0.54035115	-266.32668886	65.30376848	0.16203315
4.08000000	-0.53873575	-266.97972853	65.30416490	0.16104676
4.09000000	-0.53713018	-267.63277215	65.30455794	0.16007077
4.10000000	-0.53553431	-268.28581968	65.30494765	0.15910500
4.11000000	-0.53394804	-268.93887109	65.30533408	0.15814928
4.12000000	-0.53237129	-269.59192635	65.30571725	0.15720343
4.13000000	-0.53080394	-270.24498542	65.30609721	0.15626731
4.14000000	-0.52924591	-270.89804828	65.30647400	0.15534073
4.15000000	-0.52769710	-271.55111489	65.30684766	0.15442355
4.16000000	-0.52615741	-272.20418523	65.30721823	0.15351560
4.17000000	-0.52462675	-272.85725925	65.30758573	0.15261674
4.18000000	-0.52310504	-273.51033693	65.30795021	0.15172681
4.19000000	-0.52159219	-274.16341824	65.30831171	0.15084567
4.20000000	-0.52008810	-274.81650316	65.30867025	0.14997319
4.21000000	-0.51859270	-275.46959164	65.30902588	0.14910922
4.22000000	-0.51710589	-276.12268366	65.30937862	0.14825362
4.23000000	-0.51562760	-276.77577920	65.30972851	0.14740626
4.24000000	-0.51415774	-277.42887822	65.31007559	0.14656702
4.25000000	-0.51269623	-278.08198070	65.31041988	0.14573577
4.26000000	-0.51124299	-278.73508661	65.31076141	0.14491237
4.27000000	-0.50979795	-279.38819592	65.31110023	0.14409672
4.28000000	-0.50836103	-280.04130861	65.31143635	0.14328869
4.29000000	-0.50693216	-280.69442464	65.31176981	0.14248817
4.30000000	-0.50551125	-281.34754400	65.31210064	0.14169504
4.31000000	-0.50409823	-282.00066665	65.31242887	0.14090919
4.32000000	-0.50269304	-282.65379256	65.31275452	0.14013051
4.33000000	-0.50129560	-283.30692173	65.31307763	0.13935889
4.34000000	-0.49990584	-283.96005411	65.31339822	0.13859424
4.35000000	-0.49852369	-284.61318968	65.31371632	0.13783644
4.36000000	-0.49714909	-285.26632843	65.31403196	0.13708540
4.37000000	-0.49578196	-285.91947031	65.31434516	0.13634103
4.38000000	-0.49442224	-286.57261532	65.31465595	0.13560321
4.39000000	-0.49306987	-287.22576343	65.31496436	0.13487187
4.40000000	-0.49172479	-287.87891460	65.31527041	0.13414690
4.41000000	-0.49038691	-288.53206883	65.31557413	0.13342823
4.42000000	-0.48905620	-289.18522608	65.31587554	0.13271575
4.43000000	-0.48773258	-289.83838633	65.31617466	0.13200939
4.44000000	-0.48641599	-290.49154956	65.31647152	0.13130906
4.45000000	-0.48510638	-291.14471575	65.31676615	0.13061467
4.46000000	-0.48380368	-291.79788488	65.31705856	0.12992614
4.47000000	-0.48250784	-292.45105692	65.31734879	0.12924341
4.48000000	-0.48121879	-293.10423185	65.31763684	0.12856638
4.49000000	-0.47993649	-293.75740965	65.31792275	0.12789498
4.50000000	-0.47866087	-294.41059029	65.31820654	0.12722913
4.51000000	-0.47739189	-295.06377377	65.31848822	0.12656877
4.52000000	-0.47612948	-295.71696005	65.31876783	0.12591382
4.53000000	-0.47487359	-296.37014912	65.31904537	0.12526421
4.54000000	-0.47362418	-297.02334095	65.31932088	0.12461987
4.55000000	-0.47238118	-297.67653553	65.31959436	0.12398074
4.56000000	-0.47114455	-298.32973283	65.31986585	0.12334674
4.57000000	-0.46991423	-298.98293284	65.32013536	0.12271782
4.58000000	-0.46869017	-299.63613553	65.32040292	0.12209390
4.59000000	-0.46747233	-300.28934089	65.32066853	0.12147493
4.60000000	-0.46626066	-300.94254890	65.32093223	0.12086084
4.61000000	-0.46505510	-301.59575953	65.32119402	0.12025158
4.62000000	-0.46385561	-302.24897277	65.32145393	0.11964709
4.63000000	-0.46266214	-302.90218860	65.32171198	0.11904730
4.64000000	-0.46147465	-303.55540700	65.32196818	0.11845217
4.65000000	-0.46029308	-304.20862796	65.32222255	0.11786163
4.66000000	-0.45911740	-304.86185145	65.32247512	0.11727563
4.67000000	-0.45794756	-305.51507746	65.32272589	0.11669412
4.68000000	-0.45678350	-306.16830596	65.32297488	0.11611705
4.69000000	-0.45562520	-306.82153695	65.32322212	0.11554436
4.70000000	-0.45447260	-307.47477040	65.32346762	0.11497601
4.71000000	-0.45332567	-308.12800629	65.32371139	0.11441194
4.72000000	-0.45218435	-308.78124462	65.32395345	0.11385210
4.73000000	-0.45104861	-309.43448536	65.32419382	0.11329645
4.74000000	-0.44991841	-310.08772849	65.32443251	0.11274495
4.75000000	-0.44879370	-310.74097400	65.32466954	0.11219754
4.76000000	-0.44767444	-311.39422188	65.32490492	0.11165418
4.77000000	-0.44656060	-312.04747210	65.32513868	0.11111482
4.78000000	-0.44545213	-312.70072464	65.32537082	0.11057943
4.79000000	-0.44434900	-313.35397951	65.32560136	0.11004796
4.80000000	-0.44325116	-314.00723667	65.32583031	0.10952036
4.81000000	-0.44215858	-314.66049611	65.32605770	0.10899660
4.82000000	-0.44107122	-315.31375782	65.32628353	0.10847664
4.83000000	-0.43998903	-315.96702177	65.32650781	0.10796044
4.84000000	-0.43891200	-316.62028797	65.32673057	0.10744795
4.85000000	-0.43784006	-317.27355638	65.32695182	0.10693914
4.86000000	-0.43677320	-317.92682700	65.32717156	0.10643397
4.87000000	-0.43571137	-318.58009981	65.32738982	0.10593241
4.88000000	-0.43465454	-319.23337479	65.32760661	0.10543441
4.89000000	-0.43360267	-319.88665193	65.32782193	0.10493995
4.90000000	-0.43255573	-320.53993122	65.32803581	0.10444898
4.91000000	-0.43151368	-321.19321264	65.32824826	0.10396148
4.92000000	-0.43047649	-321.84649618	65.32845929	0.10347740
4.93000000	-0.42944412	-322.49978183	65.32866891	0.10299672
4.94000000	-0.42841654	-323.15306956	65.32887713	0.10251940
4.95000000	-0.42739372	-323.80635936	65.32908397	0.10204541
4.96000000	-0.42637562	-324.45965123	65.32928944	0.10157471
4.97000000	-0.42536222	-325.11294515	65.32949355	0.10110729
4.98000000	-0.42435347	-325.76624110	65.32969631	0.10064310
4.99000000	-0.42334934	-326.41953907	65.32989774	0.10018211
5.00000000	-0.42234982	-327.07283905	65.33009785	0.09972430
5.01000000	-0.42135485	-327.72614102	65.33029664	0.09926964
5.02000000	-0.42036441	-328.37944498	65.33049414	0.09881809
5.03000000	-0.41937848	-329.03275090	65.33069034	0.09836963
5.04000000	-0.41839701	-329.68605878	65.33088527	0.09792423
5.05000000	-0.41741998	-330.33936860	65.33107893	0.09748187
5.06000000	-0.41644736	-330.99268035	65.33127134	0.09704250
5.07000000	-0.41547912	-331.64599402	65.33146251	0.09660612
5.08000000	-0.41451523	-332.29930960	65.33165244	0.09617269
5.09000000	-0.41355566	-332.95262707	65.33184114	0.09574219
5.10000000	-0.41260038	-333.60594642	65.33202864	0.09531458
5.11000000	-0.41164936	-334.25926764	65.33221493	0.09488985
5.12000000	-0.41070257	-334.91259071	65.33240003	0.09446797
5.13000000	-0.40975999	-335.56591563	65.33258395	0.09404892
5.14000000	-0.40882158	-336.21924239	65.33276669	0.09363267
5.15000000	-0.40788732	-336.87257096	65.33294828	0.09321919
5.16000000	-0.40695719	-337.52590135	65.33312871	0.09280847
5.17000000	-0.40603115	-338.17923354	65.33330801	0.09240048
5.18000000	-0.40510917	-338.83256751	65.33348617	0.09199519
5.19000000	-0.40419123	-339.48590325	65.33366320	0.09159259
5.20000000	-0.40327731	-340.13924077	65.33383913	0.09119265
5.21000000	-0.40236737	-340.79258003	65.33401395	0.09079535
5.22000000	-0.40146139	-341.44592104	65.33418767	0.09040067
5.23000000	-0.40055935	-342.09926378	65.33436031	0.09000859
5.24000000	-0.39966121	-342.75260825	65.33453188	0.08961908
5.25000000	-0.39876696	-343.40595442	65.33470237	0.08923213
5.26000000	-0.39787656	-344.05930229	65.33487181	0.08884771
5.27000000	-0.39699000	-344.71265185	65.33504020	0.08846580
5.28000000	-0.39610724	-345.36600309	65.33520755	0.08808639
5.29000000	-0.39522826	-346.01935600	65.33537386	0.08770945
5.30000000	-0.39435304	-346.67271056	65.33553916	0.08733496
5.31000000	-0.39348155	-347.32606678	65.33570343	0.08696291
5.32000000	-0.39261377	-347.97942463	65.33586670	0.08659327
5.33000000	-0.39174968	-348.63278411	65.33602897	0.08622602
5.34000000	-0.39088925	-349.28614520	65.33619025	0.08586116
5.35000000	-0.39003245	-349.93950791	65.33635055	0.08549865
5.36000000	-0.38917927	-350.59287221	65.33650988	0.08513848
5.37000000	-0.38832967	-351.24623810	65.33666824	0.08478063
5.38000000	-0.38748365	-351.89960557	65.33682564	0.08442508
5.39000000	-0.38664116	-352.55297461	65.33698209	0.08407182
5.40000000	-0.38580220	-353.20634521	65.33713759	0.08372083
5.41000000	-0.38496674	-353.85971736	65.33729217	0.08337209
5.42000000	-0.38413475	-354.51309105	65.33744581	0.08302558
5.43000000	-0.38330622	-355.16646628	65.33759854	0.08268129
5.44000000	-0.38248112	-355.81984302	65.33775035	0.08233920
5.45000000	-0.38165943	-356.47322128	65.33790126	0.08199928
5.46000000	-0.38084113	-357.12660104	65.33805127	0.08166154
5.47000000	-0.38002619	-357.77998230	65.33820039	0.08132594
5.48000000	-0.37921460	-358.43336505	65.33834862	0.08099248
5.49000000	-0.37840633	-359.08674927	65.33849598	0.08066114
5.50000000	-0.37760137	-359.74013496	65.33864247	0.08033190
5.51000000	-0.37679969	-360.39352212	65.33878810	0.08000474
5.52000000	-0.37600127	-361.04691072	65.33893287	0.07967965
5.53000000	-0.37520609	-361.70030077	65.33907680	0.07935662
5.54000000	-0.37441413	-362.35369226	65.33921988	0.07903563
5.55000000	-0.37362537	-363.00708517	65.33936213	0.07871666
5.56000000	-0.37283979	-363.66047950	65.33950354	0.07839970
5.57000000	-0.37205737	-364.31387524	65.33964414	0.07808474
5.58000000	-0.37127809	-364.96727238	65.33978392	0.07777176
5.59000000	-0.37050193	-365.62067091	65.33992290	0.07746074
5.60000000	-0.36972887	-366.27407083	65.34006107	0.07715168
5.61000000	-0.36895889	-366.92747213	65.34019844	0.07684455
5.62000000	-0.36819197	-367.58087480	65.34033502	0.07653934
5.63000000	-0.36742809	-368.23427883	65.34047082	0.07623604
5.64000000	-0.36666724	-368.88768421	65.34060585	0.07593464
5.65000000	-0.36590939	-369.54109094	65.34074010	0.07563512
5.66000000	-0.36515453	-370.19449901	65.34087358	0.07533747
5.67000000	-0.36440264	-370.84790841	65.34100631	0.07504167
5.68000000	-0.36365369	-371.50131914	65.34113828	0.07474771
5.69000000	-0.36290768	-372.15473117	65.34126951	0.07445558
5.70000000	-0.36216458	-372.80814452	65.34139999	0.07416526
5.71000000	-0.36142437	-373.46155917	65.34152974	0.07387675
5.72000000	-0.36068704	-374.11497512	65.34165876	0.07359002
5.73000000	-0.35995256	-374.76839234	65.34178705	0.07330507
5.74000000	-0.35922093	-375.42181085	65.34191462	0.07302188
5.75000000	-0.35849212	-376.07523063	65.34204148	0.07274045
5.76000000	-0.35776611	-376.72865168	65.34216763	0.07246075
5.77000000	-0.35704290	-377.38207398	65.34229308	0.07218277
5.78000000	-0.35632245	-378.03549754	65.34241784	0.07190651
5.79000000	-0.35560476	-378.68892234	65.34254190	0.07163195
5.80000000	-0.35488981	-379.34234838	65.34266527	0.07135908
5.81000000	-0.35417757	-379.99577564	65.34278796	0.07108789
5.82000000	-0.35346804	-380.64920413	65.34290998	0.07081836
5.83000000	-0.35276120	-381.30263384	65.34303133	0.07055049
5.84000000	-0.35205703	-381.95606476	65.34315201	0.07028426
5.85000000	-0.35135551	-382.60949688	65.34327203	0.07001966
5.86000000	-0.35065663	-383.26293020	65.34339139	0.06975667
5.87000000	-0.34996037	-383.91636470	65.34351011	0.06949530
5.88000000	-0.34926672	-384.56980040	65.34362818	0.06923552
5.89000000	-0.34857566	-385.22323726	65.34374560	0.06897733
5.90000000	-0.34788717	-385.87667531	65.34386240	0.06872071
5.91000000	-0.34720124	-386.53011451	65.34397856	0.06846566
5.92000000	-0.34651785	-387.18355487	65.34409409	0.06821215
5.93000000	-0.34583699	-387.83699639	65.34420901	0.06796019
5.94000000	-0.34515864	-388.49043905	65.34432330	0.06770976
5.95000000	-0.34448279	-389.14388285	65.34443699	0.06746085
5.96000000	-0.34380942	-389.79732779	65.34455006	0.06721346
5.97000000	-0.34313851	-390.45077385	65.34466254	0.06696755
5.98000000	-0.34247006	-391.10422104	65.34477441	0.06672314
5.99000000	-0.34180405	-391.75766934	65.34488569	0.06648021
6.00000000	-0.34114045	-392.41111875	65.34499638	0.06623875
6.01000000	-0.34047927	-393.06456927	65.34510649	0.06599874
6.02000000	-0.33982047	-393.71802088	65.34521601	0.06576018
6.03000000	-0.33916406	-394.37147358	65.34532496	0.06552307
6.04000000	-0.33851001	-395.02492738	65.34543334	0.06528738
6.05000000	-0.33785831	-395.67838225	65.34554115	0.06505311
6.06000000	-0.33720894	-396.33183820	65.34564839	0.06482024
6.07000000	-0.33656190	-396.98529521	65.34575508	0.06458878
6.08000000	-0.33591716	-397.63875330	65.34586121	0.06435871
6.09000000	-0.33527472	-398.29221244	65.34596678	0.06413002
6.10000000	-0.33463455	-398.94567263	65.34607182	0.06390270
6.11000000	-0.33399666	-399.59913387	65.34617630	0.06367674
6.12000000	-0.33336102	-400.25259616	65.34628025	0.06345213
6.13000000	-0.33272761	-400.90605948	65.34638366	0.06322887
6.14000000	-0.33209643	-401.55952383	65.34648655	0.06300694
6.15000000	-0.33146747	-402.21298920	65.34658890	0.06278634
6.16000000	-0.33084070	-402.86645560	65.34669073	0.06256705
6.17000000	-0.33021612	-403.51992302	65.34679204	0.06234907
6.18000000	-0.32959372	-404.17339144	65.34689284	0.06213239
6.19000000	-0.32897347	-404.82686087	65.34699312	0.06191700
6.20000000	-0.32835537	-405.48033130	65.34709289	0.06170289
6.21000000	-0.32773941	-406.13380273	65.34719216	0.06149005
6.22000000	-0.32712557	-406.78727514	65.34729093	0.06127848
6.23000000	-0.32651384	-407.44074855	65.34738920	0.06106816
6.24000000	-0.32590420	-408.09422293	65.34748698	0.06085909
6.25000000	-0.32529665	-408.74769828	65.34758426	0.06065126
6.26000000	-0.32469117	-409.40117461	65.34768106	0.06044466
6.27000000	-0.32408775	-410.05465190	65.34777738	0.06023929
6.28000000	-0.32348638	-410.70813016	65.34787321	0.06003513
6.29000000	-0.32288705	-411.36160937	65.34796857	0.05983217
6.30000000	-0.32228973	-412.01508953	65.34806346	0.05963041
6.31000000	-0.32169443	-412.66857063	65.34815788	0.05942985
6.32000000	-0.32110113	-413.32205268	65.34825183	0.05923046
6.33000000	-0.32050982	-413.97553567	65.34834532	0.05903225
6.34000000	-0.31992048	-414.62901959	65.34843834	0.05883521
6.35000000	-0.31933311	-415.28250443	65.34853092	0.05863933
6.36000000	-0.31874769	-415.93599020	65.34862304	0.05844459
6.37000000	-0.31816422	-416.58947689	65.34871471	0.05825101
6.38000000	-0.31758267	-417.24296450	65.34880593	0.05805856
6.39000000	-0.31700304	-417.89645301	65.34889671	0.05786724
6.40000000	-0.31642532	-418.54994243	65.34898705	0.05767704
6.41000000	-0.31584950	-419.20343275	65.34907695	0.05748795
6.42000000	-0.31527556	-419.85692397	65.34916642	0.05729998
6.43000000	-0.31470349	-420.51041608	65.34925546	0.05711310
6.44000000	-0.31413329	-421.16390907	65.34934407	0.05692732
6.45000000	-0.31356494	-421.81740296	65.34943225	0.05674262
6.46000000	-0.31299844	-422.47089772	65.34952001	0.05655900
6.47000000	-0.31243376	-423.12439335	65.34960736	0.05637646
6.48000000	-0.31187090	-423.77788986	65.34969428	0.05619498
6.49000000	-0.31130986	-424.43138724	65.34978080	0.05601455
6.50000000	-0.31075061	-425.08488548	65.34986690	0.05583518
6.51000000	-0.31019315	-425.73838458	65.34995260	0.05565685
6.52000000	-0.30963747	-426.39188453	65.35003789	0.05547956
6.53000000	-0.30908355	-427.04538533	65.35012278	0.05530331
6.54000000	-0.30853140	-427.69888698	65.35020728	0.05512807
6.55000000	-0.30798099	-428.35238948	65.35029137	0.05495386
6.56000000	-0.30743232	-429.00589281	65.35037507	0.05478066
6.57000000	-0.30688537	-429.65939698	65.35045839	0.05460846
6.58000000	-0.30634015	-430.31290198	65.35054131	0.05443726
6.59000000	-0.30579663	-430.96640780	65.35062385	0.05426705
6.60000000	-0.30525480	-431.61991445	65.35070601	0.05409783
6.61000000	-0.30471467	-432.27342192	65.35078778	0.05392960
6.62000000	-0.30417621	-432.92693021	65.35086918	0.05376233
6.63000000	-0.30363942	-433.58043930	65.35095021	0.05359603
6.64000000	-0.30310428	-434.23394921	65.35103086	0.05343070
6.65000000	-0.30257080	-434.88745992	65.35111115	0.05326631
6.66000000	-0.30203895	-435.54097143	65.35119106	0.05310288
6.67000000	-0.30150874	-436.19448374	65.35127061	0.05294040
6.68000000	-0.30098014	-436.84799684	65.35134981	0.05277885
6.69000000	-0.30045316	-437.50151073	65.35142864	0.05261823
6.70000000	-0.29992777	-438.15502541	65.35150711	0.05245854
6.71000000	-0.29940398	-438.80854087	65.35158523	0.05229977
6.72000000	-0.29888178	-439.46205712	65.35166300	0.05214191
6.73000000	-0.29836114	-440.11557413	65.35174041	0.05198497
6.74000000	-0.29784207	-440.76909192	65.35181749	0.05182892
6.75000000	-0.29732456	-441.42261048	65.35189421	0.05167378
6.76000000	-0.29680859	-442.07612981	65.35197059	0.05151953
6.77000000	-0.29629417	-442.72964989	65.35204664	0.05136616
6.78000000	-0.29578127	-443.38317074	65.35212234	0.05121367
6.79000000	-0.29526989	-444.03669234	65.35219771	0.05106207
6.80000000	-0.29476002	-444.69021469	65.35227275	0.05091133
6.81000000	-0.29425166	-445.34373779	65.35234745	0.05076146
6.82000000	-0.29374479	-445.99726164	65.35242183	0.05061245
6.83000000	-0.29323941	-446.65078623	65.35249587	0.05046429
6.84000000	-0.29273550	-447.30431156	65.35256960	0.05031698
6.85000000	-0.29223307	-447.95783762	65.35264300	0.05017052
6.86000000	-0.29173209	-448.61136441	65.35271608	0.05002490
6.87000000	-0.29123257	-449.26489194	65.35278885	0.04988011
6.88000000	-0.29073449	-449.91842019	65.35286129	0.04973615
6.89000000	-0.29023784	-450.57194916	65.35293343	0.04959301
6.90000000	-0.28974262	-451.22547886	65.35300525	0.04945070
6.91000000	-0.28924882	-451.87900927	65.35307676	0.04930920
6.92000000	-0.28875644	-452.53254039	65.35314797	0.04916851
6.93000000	-0.28826545	-453.18607223	65.35321887	0.04902862
6.94000000	-0.28777586	-453.83960477	65.35328947	0.04888954
6.95000000	-0.28728766	-454.49313802	65.35335976	0.04875125
6.96000000	-0.28680083	-455.14667196	65.35342976	0.04861375
6.97000000	-0.28631538	-455.80020661	65.35349946	0.04847703
6.98000000	-0.28583129	-456.45374195	65.35356886	0.04834110
6.99000000	-0.28534856	-457.10727799	65.35363797	0.04820594
7.00000000	-0.28486717	-457.76081471	65.35370679	0.04807156
7.01000000	-0.28438712	-458.41435212	65.35377532	0.04793794
7.02000000	-0.28390841	-459.06789022	65.35384356	0.04780509
7.03000000	-0.28343102	-459.72142899	65.35391152	0.04767300
7.04000000	-0.28295494	-460.37496844	65.35397919	0.04754166
7.05000000	-0.28248018	-461.02850857	65.35404658	0.04741107
7.06000000	-0.28200672	-461.68204938	65.35411369	0.04728122
7.07000000	-0.28153455	-462.33559085	65.35418052	0.04715212
7.08000000	-0.28106368	-462.98913298	65.35424708	0.04702375
7.09000000	-0.28059408	-463.64267579	65.35431336	0.04689612
7.10000000	-0.28012575	-464.29621925	65.35437937	0.04676921
7.11000000	-0.27965869	-464.94976337	65.35444510	0.04664303
7.12000000	-0.27919289	-465.60330815	65.35451057	0.04651757
7.13000000	-0.27872834	-466.25685358	65.35457577	0.04639283
7.14000000	-0.27826503	-466.91039967	65.35464071	0.04626879
7.15000000	-0.27780296	-467.56394640	65.35470538	0.04614547
7.16000000	-0.27734212	-468.21749377	65.35476978	0.04602284
7.17000000	-0.27688250	-468.87104179	65.35483393	0.04590092
7.18000000	-0.27642410	-469.52459045	65.35489782	0.04577969
7.19000000	-0.27596690	-470.17813975	65.35496145	0.04565916
7.20000000	-0.27551091	-470.83168968	65.35502483	0.04553931
7.21000000	-0.27505611	-471.48524024	65.35508795	0.04542015
7.22000000	-0.27460251	-472.13879144	65.35515082	0.04530166
7.23000000	-0.27415008	-472.79234326	65.35521344	0.04518386
7.24000000	-0.27369883	-473.44589571	65.35527581	0.04506672
7.25000000	-0.27324874	-474.09944877	65.35533794	0.04495026
7.26000000	-0.27279982	-474.75300246	65.35539981	0.04483445
7.27000000	-0.27235205	-475.40655677	65.35546145	0.04471931
7.28000000	-0.27190543	-476.06011169	65.35552284	0.04460483
7.29000000	-0.27145995	-476.71366723	65.35558399	0.04449100
7.30000000	-0.27101561	-477.36722337	65.35564490	0.04437782
7.31000000	-0.27057239	-478.02078012	65.35570557	0.04426529
7.32000000	-0.27013030	-478.67433748	65.35576601	0.04415340
7.33000000	-0.26968932	-479.32789544	65.35582621	0.04404215
7.34000000	-0.26924946	-479.98145400	65.35588618	0.04393154
7.35000000	-0.26881069	-480.63501317	65.35594591	0.04382156
7.36000000	-0.26837302	-481.28857292	65.35600542	0.04371221
7.37000000	-0.26793644	-481.94213327	65.35606470	0.04360348
7.38000000	-0.26750095	-482.59569422	65.35612375	0.04349537
7.39000000	-0.26706654	-483.24925575	65.35618257	0.04338789
7.40000000	-0.26663319	-483.90281787	65.35624117	0.04328102
7.41000000	-0.26620091	-484.55638057	65.35629955	0.04317476
7.42000000	-0.26576969	-485.20994386	65.35635770	0.04306911
7.43000000	-0.26533953	-485.86350772	65.35641564	0.04296406
7.44000000	-0.26491041	-486.51707217	65.35647335	0.04285962
7.45000000	-0.26448233	-487.17063719	65.35653085	0.04275578
7.46000000	-0.26405529	-487.82420278	65.35658814	0.04265253
7.47000000	-0.26362928	-488.47776895	65.35664520	0.04254987
7.48000000	-0.26320429	-489.13133569	65.35670206	0.04244781
7.49000000	-0.26278032	-489.78490299	65.35675870	0.04234633
7.50000000	-0.26235737	-490.43847086	65.35681513	0.04224543
7.51000000	-0.26193541	-491.09203929	65.35687136	0.04214511
7.52000000	-0.26151446	-491.74560829	65.35692737	0.04204537
7.53000000	-0.26109450	-492.39917784	65.35698318	0.04194620
7.54000000	-0.26067554	-493.05274795	65.35703878	0.04184760
7.55000000	-0.26025755	-493.70631862	65.35709418	0.04174957
7.56000000	-0.25984054	-494.35988983	65.35714938	0.04165210
7.57000000	-0.25942451	-495.01346160	65.35720437	0.04155520
7.58000000	-0.25900944	-495.66703392	65.35725917	0.04145885
7.59000000	-0.25859533	-496.32060678	65.35731376	0.04136306
7.60000000	-0.25818217	-496.97418019	65.35736816	0.04126782
7.61000000	-0.25776997	-497.62775415	65.35742236	0.04117314
7.62000000	-0.25735871	-498.28132864	65.35747637	0.04107900
7.63000000	-0.25694839	-498.93490367	65.35753018	0.04098540
7.64000000	-0.25653900	-499.58847924	65.35758380	0.04089234
7.65000000	-0.25613054	-500.24205535	65.35763723	0.04079982
7.66000000	-0.25572300	-500.89563199	65.35769047	0.04070784
7.67000000	-0.25531638	-501.54920916	65.35774352	0.04061639
7.68000000	-0.25491067	-502.20278686	65.35779638	0.04052547
7.69000000	-0.25450587	-502.85636509	65.35784905	0.04043508
7.70000000	-0.25410197	-503.50994384	65.35790154	0.04034521
7.71000000	-0.25369896	-504.16352312	65.35795385	0.04025586
7.72000000	-0.25329685	-504.81710291	65.35800597	0.04016703
7.73000000	-0.25289562	-505.47068323	65.35805791	0.04007872
7.74000000	-0.25249527	-506.12426407	65.35810966	0.03999092
7.75000000	-0.25209580	-506.77784543	65.35816124	0.03990363
7.76000000	-0.25169720	-507.43142730	65.35821264	0.03981685
7.77000000	-0.25129946	-508.08500968	65.35826386	0.03973058
7.78000000	-0.25090259	-508.73859257	65.35831491	0.03964481
7.79000000	-0.25050656	-509.39217598	65.35836578	0.03955954
7.80000000	-0.25011139	-510.04575989	65.35841647	0.03947476
7.81000000	-0.24971707	-510.69934431	65.35846700	0.03939049
7.82000000	-0.24932358	-511.35292923	65.35851735	0.03930670
7.83000000	-0.24893093	-512.00651465	65.35856753	0.03922341
7.84000000	-0.24853911	-512.66010058	65.35861753	0.03914060
7.85000000	-0.24814812	-513.31368700	65.35866737	0.03905828
7.86000000	-0.24775794	-513.96727392	65.35871705	0.03897644
7.87000000	-0.24736859	-514.62086134	65.35876655	0.03889509
7.88000000	-0.24698004	-515.27444925	65.35881589	0.03881421
7.89000000	-0.24659230	-515.92803766	65.35886506	0.03873380
7.90000000	-0.24620536	-516.58162656	65.35891407	0.03865387
7.91000000	-0.24581922	-517.23521594	65.35896292	0.03857441
7.92000000	-0.24543387	-517.88880581	65.35901161	0.03849542
7.93000000	-0.24504931	-518.54239617	65.35906013	0.03841690
7.94000000	-0.24466553	-519.19598702	65.35910850	0.03833883
7.95000000	-0.24428253	-519.84957834	65.35915671	0.03826123
7.96000000	-0.24390031	-520.50317015	65.35920475	0.03818409
7.97000000	-0.24351885	-521.15676244	65.35925265	0.03810741
7.98000000	-0.24313816	-521.81035520	65.35930038	0.03803118
7.99000000	-0.24275823	-522.46394844	65.35934796	0.03795540
8.00000000	-0.24237905	-523.11754216	65.35939539	0.03788007
